1011010010101011110110111101100001000000000000000000000000000000000010
1011001100001110001010010011111111000000000000000000000000000000000010
1010001001001001100101000011011111000000000000000000000000000000000010
1011111001101010000001011110000110100000000000000000000000000000000010
1010110001101111110111001111111011100000000000000000000000000000000010
1010110110000011010011101100001111100000000000000000000000000000000010
1011111100010011010101010001100001000000000000000000000000000000000010
1011100100001110001011011010001110100000000000000000000000000000000010
1010110100101111111100010101100000100000000000000000000000000000000010
1010101111100100111001001110100110000000000000000000000000000000000010
1010010101110011010101011110000000100000000000000000000000000000000010
1011100101111100100010000011001000000000000000000000000000000000000010
1010010000001111011011110111001011100000000000000000000000000000000010
1011011011001110011011011000110110000000000000000000000000000000000010
1011010110110010100011011111100000100000000000000000000000000000000010
1010111001011000101100010011011001000000000000000000000000000000000010
1011111110001001101010111001101001100000000000000000000000000000000010
1010010100011000101000101000000111100000000000000000000000000000000010
1010010010011111010011110011111001100000000000000000000000000000000010
1011000000010010000111111110001011100000000000000000000000000000000010
1011101100110010000001000000000000100000000000000000000000000000000010
1010110011011100000111001101101011000000000000000000000000000000000010
1010110001110010111010100001111101000000000000000000000000000000000010
1011111001010010000011101101110011100000000000000000000000000000000010
1011000100011110100101100111011010000000000000000000000000000000000010
1011100001100000100011010100100110000000000000000000000000000000000010
1010010011011111110111101110101100100000000000000000000000000000000010
1011111001000010101011111111000010100000000000000000000000000000000010
1010000000000000000000000000000000000000000000000000000000000000000010
1011100011010011101001010110111100000000000000000000000000000000000010
1010001000110110000110001101011101100000000000000000000000000000000010
1010101111010011100001110000110101100000000000000000000000000000000010
1011010101010010111111111111101000100000000000000000000000000000000010
1010001111101001111111000111010011000000000000000000000000000000000010
1011010101111001101110001111000000000000000000000000000000000000000010
1010000011011101101101101010011101100000000000000000000000000000000010
1010111111101110001111110011101010000000000000000000000000000000000010
1010111111111101111111010001110101000000000000000000000000000000000010
1011000010101101000110011100101100000000000000000000000000000000000010
1011101111011101110100101000011011100000000000000000000000000000000010
1010100001000101111101010001111110100000000000000000000000000000000010
1011110111000011111010000101001001000000000000000000000000000000000010
1011101110000101011001000000101100000000000000000000000000000000000010
1011000101011101111110100101010111100000000000000000000000000000000010
1010011011001111001100011110110100000000000000000000000000000000000010
1011101011100000110101011111011101100000000000000000000000000000000010
1010010001001010110110100001110100000000000000000000000000000000000010
1010100010001101101110001110000011000000000000000000000000000000000010
1011101001101110000001110010110101100000000000000000000000000000000010
1011010000011100111111110101110110000000000000000000000000000000000010
1011010011100010100010001011111001100000000000000000000000000000000010
1010101101011001111000011000011101000000000000000000000000000000000010
1011010001011110100001110000111110100000000000000000000000000000000010
1010101000101000111101110111000101100000000000000000000000000000000010
1010111011000100111110101110001110100000000000000000000000000000000010
1010000100111011100111010000011110000000000000000000000000000000000010
1011010101111100010111101100111000100000000000000000000000000000000010
1010101000100101111111010101110110000000000000000000000000000000000010
1010011001110011101011000010010110000000000000000000000000000000000010
1010101100101110111100101001101001000000000000000000000000000000000010
1011010011001000001000111001001000100000000000000000000000000000000010
1011110100101110110011000001001111000000000000000000000000000000000010
1011111111101000000111011001000000000000000000000000000000000000000010
1010101100001100010000111010100100000000000000000000000000000000000010
1010110100101101000011010111101001000000000000000000000000000000000010
1010010101010110011000101111101100100000000000000000000000000000000010
1011010110100001111110110111001100000000000000000000000000000000000010
1010110010100101001100000111101000000000000000000000000000000000000010
1011000000011101000011000110110011100000000000000000000000000000000010
1011011011000100111111011001010111000000000000000000000000000000000010
1011110010100101110101010011111111100000000000000000000000000000000010
1010001100011000111110100001101110000000000000000000000000000000000010
1011110010000010100100101100100010000000000000000000000000000000000010
1011000011000001001001011010111110000000000000000000000000000000000010
1011100100001010111101101000101101100000000000000000000000000000000010
1011111100010110101010101001111111000000000000000000000000000000000010
1010010011111111011010101000001010100000000000000000000000000000000010
1011100001110100001000000111101110000000000000000000000000000000000010
1010100100011010011111101101011111000000000000000000000000000000000010
1010110000110010011011000011110111100000000000000000000000000000000010
1011110010001100100010110010000100000000000000000000000000000000000010
1011101011010111001000001101001000000000000000000000000000000000000010
1010011010001111111010011111100101100000000000000000000000000000000010
1010011100100101011011000111110000000000000000000000000000000000000010
1010111001111010111000010010001011000000000000000000000000000000000010
1011100111111100001010111111101011000000000000000000000000000000000010
1010011111010010000101010101110111100000000000000000000000000000000010
1011001111010000101000101111000111000000000000000000000000000000000010
1011100101101110000111011100001010100000000000000000000000000000000010
1011100001111010011001110011101111000000000000000000000000000000000010
1010001100011000111000100110100011000000000000000000000000000000000010
1011001111111111011010111011010000100000000000000000000000000000000010
1010101000000100110100111111011000100000000000000000000000000000000010
1011100110000000111000111010101100000000000000000000000000000000000010
1010101011110101001011001000101010100000000000000000000000000000000010
1011000001100010100111110110110101100000000000000000000000000000000010
1010111000011011011100001001010001000000000000000000000000000000000010
1011001011111011101111101111001000100000000000000000000000000000000010
1011111001010101111111100001011110000000000000000000000000000000000010
1011101001110101001011111001111100000000000000000000000000000000000010
1010101110001010011100111011110111000000000000000000000000000000000010
1011010001010001001010010101101010100000000000000000000000000000000010
1011001011111010010011101001100001000000000000000000000000000000000010
1011001101110011100101001101110100000000000000000000000000000000000010
1010111110001010010010111111010101000000000000000000000000000000000010
1010111010100110011011011110101010100000000000000000000000000000000010
1010011111100110000100001110010010000000000000000000000000000000000010
1011011101101011101101111011111100100000000000000000000000000000000010
1010101100110010111011001101010100000000000000000000000000000000000010
1011111100111110110001010101111011000000000000000000000000000000000010
1010011010010011000101110000010000100000000000000000000000000000000010
1010110001011111010100011111001100100000000000000000000000000000000010
1011010111001010010100001010111101100000000000000000000000000000000010
1011001000101111111100001111111101100000000000000000000000000000000010
1010100010000110011111011110000001000000000000000000000000000000000010
1010100001100011100100011101000001100000000000000000000000000000000010
1011000011101110110000110110101101100000000000000000000000000000000010
1010001110001010101011011011111110000000000000000000000000000000000010
1011010011000111101001011010010011000000000000000000000000000000000010
1011011110000011111110110010110100000000000000000000000000000000000010
1011111000111101110000111101000011100000000000000000000000000000000010
1010100010101101011111001111110000100000000000000000000000000000000010
1010000001010001110001101111110011100000000000000000000000000000000010
1011010001100000011010011010011110000000000000000000000000000000000010
1010011101100000100000111001100111100000000000000000000000000000000010
1010101110101000110101111101001010100000000000000000000000000000000010
1010111100011010110001100010100001000000000000000000000000000000000010
1011011000111100010110011101111011000000000000000000000000000000000010
1011000010010011101000011101010001000000000000000000000000000000000010
1011010000001101110100101000000111100000000000000000000000000000000010
1011001110010001011011110001000001000000000000000000000000000000000010
1011011100111100111011100111111001100000000000000000000000000000000010
1011111101001101111111011101101011000000000000000000000000000000000010
1010100101101011011010111000010011100000000000000000000000000000000010
1011111100100001010101000111001110100000000000000000000000000000000010
1010000000111110001000001110110001100000000000000000000000000000000010
1011111010101011011011011011010100100000000000000000000000000000000010
1010101001001001000010111011111010000000000000000000000000000000000010
1010100101111100000000111000000010100000000000000000000000000000000010
1011110011101010001001011101000000100000000000000000000000000000000010
1011110100101010111100000100011111100000000000000000000000000000000010
1011101110011110110010100110110000100000000000000000000000000000000010
1010011001100011000111011110010010000000000000000000000000000000000010
1010000101011010001111001010100111000000000000000000000000000000000010
1010011001100111110000010110000111100000000000000000000000000000000010
1010110000001101000100101101011110000000000000000000000000000000000010
1011011101010000100011010111110011100000000000000000000000000000000010
1011000000001000011001111110101001100000000000000000000000000000000010
1010010011101001010100111111101101100000000000000000000000000000000010
1010111100010010101111111000110011000000000000000000000000000000000010
1011111000101011000000110111110100100000000000000000000000000000000010
1011100000001001011000111101000010100000000000000000000000000000000010
1011011101100001010110101110111010100000000000000000000000000000000010
1011101010001000111100111111111011100000000000000000000000000000000010
1010110100101111110111111111001011100000000000000000000000000000000010
1011111010100001111110110110000110000000000000000000000000000000000010
1011011100100000010000100111100100100000000000000000000000000000000010
1011110010101111110110011100000110000000000000000000000000000000000010
1011100110010110111000011010100000000000000000000000000000000000000010
1011110001101000001100111110101101000000000000000000000000000000000010
1011001011000000101101111110100000100000000000000000000000000000000010
1010000100010011001001000100001111000000000000000000000000000000000010
1011100111100110011100111100000000100000000000000000000000000000000010
1011011010101001110010100100011000000000000000000000000000000000000010
1011100011011000010010111111000000000000000000000000000000000000000010
1010100100100011101101111010010000000000000000000000000000000000000010
1011011000110101001101011100000110100000000000000000000000000000000010
1010111010110000111010001011101010000000000000000000000000000000000010
1010100010100101100110011000000001100000000000000000000000000000000010
1010001111001010101000111010100010000000000000000000000000000000000010
1011000110110101101010010010101011100000000000000000000000000000000010
1010110111100001001010011011111000100000000000000000000000000000000010
1011111001000010011011011111000010000000000000000000000000000000000010
1011110000001010010101100110011000000000000000000000000000000000000010
1011100000011001100010000010101000100000000000000000000000000000000010
1010110111010110100011010010111000000000000000000000000000000000000010
1010100001000010101011111110010101100000000000000000000000000000000010
1011101000110010000110001001110000100000000000000000000000000000000010
1010110011010011111101001100001111000000000000000000000000000000000010
1010100011011110110100010011000000100000000000000000000000000000000010
1010101100101011110000010011000100100000000000000000000000000000000010
1011000000110101100100101001100001100000000000000000000000000000000010
1011110000110011010001011010100111100000000000000000000000000000000010
1010110101011110111001011000010010000000000000000000000000000000000010
1011100010100011100110011001111100100000000000000000000000000000000010
1010001000100110100000110110011110100000000000000000000000000000000010
1011010111100110111000011111111111000000000000000000000000000000000010
1010010100011100110101111001011000100000000000000000000000000000000010
1010000010011110000111100000101010000000000000000000000000000000000010
1010111101111000001100110010011011000000000000000000000000000000000010
1010010010010110111000010110101011100000000000000000000000000000000010
1010100001000111000101110010111000000000000000000000000000000000000010
1010001110011110010110011011011111100000000000000000000000000000000010
1010001001110100011111100000011000000000000000000000000000000000000010
1011110010111110100111101000101011000000000000000000000000000000000010
1010001101011000111000000110010100000000000000000000000000000000000010
1011110011110010000110010101000000000000000000000000000000000000000010
1011101000001000010000001000011010100000000000000000000000000000000010
1010010010100111100000011011110001100000000000000000000000000000000010
1010000100010010111100011001111101000000000000000000000000000000000010
1011001110000101001111011101101100000000000000000000000000000000000010
1011100101011110001100000010001111000000000000000000000000000000000010
1010110000101110000101001000010110000000000000000000000000000000000010
1011000101010111100010110111001110100000000000000000000000000000000010
1011101001011010000011111111111100100000000000000000000000000000000010
1010101001110101110000110001110101100000000000000000000000000000000010
1011011111010110000100010010111011100000000000000000000000000000000010
1011111011000001101100111001000101100000000000000000000000000000000010
1010100101010010011101110100001011000000000000000000000000000000000010
1010111011101101011000110110110011000000000000000000000000000000000010
1011001000111010011110011111111101000000000000000000000000000000000010
1011111100010110001100110101111000100000000000000000000000000000000010
1011111110010101110000100010101011100000000000000000000000000000000010
1010011110111001110011011001000101000000000000000000000000000000000010
1010001001010010000101000111110001000000000000000000000000000000000010
1011001001000011000101110111111101000000000000000000000000000000000010
1010010001110100100101100100000001100000000000000000000000000000000010
1010010111110011110111111101000100000000000000000000000000000000000010
1011011101000000100101000011000010100000000000000000000000000000000010
1011000000100111011011100110011010100000000000000000000000000000000010
1010110000110001101101010101111101000000000000000000000000000000000010
1011001110101111110000001111011110000000000000000000000000000000000010
1010101100001110100111101000100010100000000000000000000000000000000010
1010110110110111111111011001001100000000000000000000000000000000000010
1010100100110100101010010000000010000000000000000000000000000000000010
1011011100010011010100101001011111000000000000000000000000000000000010
1011101010010101101011100111000101100000000000000000000000000000000010
1010110000010000111001101100110110100000000000000000000000000000000010
1011001110100110001100100101101011100000000000000000000000000000000010
1011111111111011000010101011001011100000000000000000000000000000000010
1011110001110000110000011010101011100000000000000000000000000000000010
1011011100000000100101111110010101000000000000000000000000000000000010
1011100000111010000000000001101011100000000000000000000000000000000010
1011000100010111010110001011010010000000000000000000000000000000000010
1010100111111001010000001010110010100000000000000000000000000000000010
1011101100100010001011111101100100100000000000000000000000000000000010
1011010111100111001010001110000011000000000000000000000000000000000010
1011000101010001010011010101010111000000000000000000000000000000000010
1010110101000000001010011010110101000000000000000000000000000000000010
1011001001000111111111110011011100100000000000000000000000000000000010
1010001001000010010010101010000101000000000000000000000000000000000010
1011010111001010011001110100010000000000000000000000000000000000000010
1010110001000111001100011101010101000000000000000000000000000000000010
1011001101010101001111101101111100000000000000000000000000000000000010
1010111010111010101001100111111010100000000000000000000000000000000010
1010010010001110011001010101100101100000000000000000000000000000000010
1010100111011011110000000100110101100000000000000000000000000000000010
1010001001010110001010001011101001100000000000000000000000000000000010
1010111011010000101110011001011111000000000000000000000000000000000010
1010101010101010000101000100010100000000000000000000000000000000000010
1010001110110011011011000010010000100000000000000000000000000000000010
1011100010111101101010011110100100100000000000000000000000000000000010
1010011000111111101000100101001110000000000000000000000000000000000010
1011101111100011011101001100011101000000000000000000000000000000000010
1010001010111101001101010101110100000000000000000000000000000000000010
1010100100111111101010101110101100100000000000000000000000000000000010
1011100011111110111111110101110111000000000000000000000000000000000010
1010111011111011111010010111011000100000000000000000000000000000000010
1011101011110111011110110111011110000000000000000000000000000000000010
1011000101101000001110110011110101100000000000000000000000000000000010
1010100110100100111010011110101111000000000000000000000000000000000010
1010111011110100100010001010001000100000000000000000000000000000000010
1010001100111110000000100011100010000000000000000000000000000000000010
1011011100111001101111100001101111100000000000000000000000000000000010
1011010101111001000000111100111111100000000000000000000000000000000010
1011011110111110001010110001111000100000000000000000000000000000000010
1010010100000000100001101011110111100000000000000000000000000000000010
1010100101000001101100100100000000000000000000000000000000000000000010
1011111000000110000000000111101001100000000000000000000000000000000010
1010010001001011101111000000110000000000000000000000000000000000000010
1011100101000010000110110001000000100000000000000000000000000000000010
1010101001100000001101100010101101100000000000000000000000000000000010
1011011000000100100110110110111100000000000000000000000000000000000010
1011111001111011101000010001010100000000000000000000000000000000000010
1011000111001001110001001000011111000000000000000000000000000000000010
1011100110011101100111000010010001000000000000000000000000000000000010
1011010100011010110011100000011100100000000000000000000000000000000010
1011101000011000010000001100011110100000000000000000000000000000000010
1010000011100000010011111110001010100000000000000000000000000000000010
1011101100111101010011100101100100100000000000000000000000000000000010
1010000011110011010011100001001100100000000000000000000000000000000010
1010001111110001000111011111100010100000000000000000000000000000000010
1010110111100010011001011000111000100000000000000000000000000000000010
1011111100010000101011100010011111100000000000000000000000000000000010
1011011100011010110011000001001010100000000000000000000000000000000010
1011010011110001001100001101010000100000000000000000000000000000000010
1011011001111000110000010001100010000000000000000000000000000000000010
1011100110010001101011000100001101000000000000000000000000000000000010
1011110101100111111000000011001001000000000000000000000000000000000010
1011101110000011101100011100111010100000000000000000000000000000000010
1010010001110011111110111111011010000000000000000000000000000000000010
1011001110001001101111001010001111100000000000000000000000000000000010
1011100100111100111001010010101000000000000000000000000000000000000010
1011111001011011100110100001011001100000000000000000000000000000000010
1011001011100101101010001000111000000000000000000000000000000000000010
1010010011111111001011001001101101100000000000000000000000000000000010
1011000111100001110010010111000000100000000000000000000000000000000010
1011100011011010111000110000010011100000000000000000000000000000000010
1011011000110100110111001010101010100000000000000000000000000000000010
1010110000000110000001110100111111100000000000000000000000000000000010
1010001100100100110001011011100101100000000000000000000000000000000010
1011101001001010010000000000110011100000000000000000000000000000000010
1011111110111000111100101101111111100000000000000000000000000000000010
1011100000010000000110011001011011000000000000000000000000000000000010
1010011100101010000001011111010011100000000000000000000000000000000010
1010011011111111011001100000110011000000000000000000000000000000000010
1011110001100001101001000000000011000000000000000000000000000000000010
1010011101010011000101000011000110100000000000000000000000000000000010
1011010101101000010010010001100011000000000000000000000000000000000010
1010010110011101111111101110010011000000000000000000000000000000000010
1011011000110010011011111111111011000000000000000000000000000000000010
1011010000111011001100000010100100000000000000000000000000000000000010
1011101010001010101011010011101010000000000000000000000000000000000010
1010011111010101011010101101111100100000000000000000000000000000000010
1011110110000010011111011101001111000000000000000000000000000000000010
1010011101100000000010100001110010100000000000000000000000000000000010
1011010011010101000001010010110000100000000000000000000000000000000010
1010000010000110110010101011001110100000000000000000000000000000000010
1010100011011110010011100001001111000000000000000000000000000000000010
1010010100000001100010000111001010000000000000000000000000000000000010
1011111110100000001110010011001110100000000000000000000000000000000010
1010110001101010011010011100110110000000000000000000000000000000000010
1010110001111111010011010101011111100000000000000000000000000000000010
1011000101011001001101011101110110100000000000000000000000000000000010
1011101000001000011010010100111100000000000000000000000000000000000010
1010101001101101110100000000111110000000000000000000000000000000000010
1010010101001000011001100100001001000000000000000000000000000000000010
1011001001011100000011001110111000100000000000000000000000000000000010
1011110101010010010101001111100101100000000000000000000000000000000010
1010100001011001111000001100101001100000000000000000000000000000000010
1010101110000100000001110101000101100000000000000000000000000000000010
1010011101111101011011110100110000000000000000000000000000000000000010
1010010000000101010000111110001111000000000000000000000000000000000010
1011100000111010110010011111110101000000000000000000000000000000000010
1011101111001001000110010101000111000000000000000000000000000000000010
1010000101011010000011000110110011100000000000000000000000000000000010
1010100110111110011000011101111010100000000000000000000000000000000010
1011011001101000101111011110111000100000000000000000000000000000000010
1011100011011101001011110110000010100000000000000000000000000000000010
1010001100011110111100100010110110100000000000000000000000000000000010
1010011010110011011010101101001000000000000000000000000000000000000010
1010111101001010111011101111110011100000000000000000000000000000000010
1010001010111110100100101101110010000000000000000000000000000000000010
1010100110001101111001011000110000100000000000000000000000000000000010
1011101100100110001000000011110011000000000000000000000000000000000010
1010010010011100110110011111100100100000000000000000000000000000000010
1011011100110011011101101111000000100000000000000000000000000000000010
1010100001011111011110011101110100000000000000000000000000000000000010
1011001110111101111011001000111000100000000000000000000000000000000010
1010011011000001011110111010001100000000000000000000000000000000000010
1011111010110101100110101011010100000000000000000000000000000000000010
1010110000010101010111101100010111100000000000000000000000000000000010
1010110101110001001010101100000110100000000000000000000000000000000010
1010011100010000010111111111110110100000000000000000000000000000000010
1010001001010111011011011111010110000000000000000000000000000000000010
1010101001010110110100011101011110100000000000000000000000000000000010
1010001111100101101101010000100101100000000000000000000000000000000010
1010000010111011010011011011100111100000000000000000000000000000000010
1011011111011101111101111010101011000000000000000000000000000000000010
1010111000111010100010111001011010000000000000000000000000000000000010
1011110101011110111011010101001000000000000000000000000000000000000010
1011000111100011101010111100001100000000000000000000000000000000000010
1011101010100110000100010010001101000000000000000000000000000000000010
1011101011001110000001100101110100000000000000000000000000000000000010
1011101101010001100010011111110111100000000000000000000000000000000010
1011101011010000001010111000101010000000000000000000000000000000000010
1011001010100110011001100011111001000000000000000000000000000000000010
1011000000101001101011101001111101100000000000000000000000000000000010
1011011110001011011001011110111010100000000000000000000000000000000010
1010001101110111111010001100100010000000000000000000000000000000000010
1011010100110001000110000101001011100000000000000000000000000000000010
1011011001101000101101101001100110100000000000000000000000000000000010
1011000001000101101000010010011101100000000000000000000000000000000010
1010100110110111101010100100110011000000000000000000000000000000000010
1010101010111111111010000111001100000000000000000000000000000000000010
1010011100101111001000111111001101100000000000000000000000000000000010
1010001011110111100100010111001100100000000000000000000000000000000010
1010101001000110101100111100000101000000000000000000000000000000000010
1011110101101010001100100110110110100000000000000000000000000000000010
1010000010001100000000111101010101000000000000000000000000000000000010
1010000010011000001011001000100111100000000000000000000000000000000010
1011110010101111101111111110001101000000000000000000000000000000000010
1010011110010001001010011011000111000000000000000000000000000000000010
1011100100010111000101111000010101100000000000000000000000000000000010
1010011011000001111011110101100111000000000000000000000000000000000010
1011100111100010010000001100110011000000000000000000000000000000000010
1010000000110000101111000000000011000000000000000000000000000000000010
1010101001010100101010011011100101000000000000000000000000000000000010
1010010011101100011011011100001011000000000000000000000000000000000010
1010101110111011110000011110011011100000000000000000000000000000000010
1011001111110111110111001111001110000000000000000000000000000000000010
1011101111010010110101000111011101000000000000000000000000000000000010
1010111011001010001111010000100001000000000000000000000000000000000010
1011001110101001000011010110110011100000000000000000000000000000000010
1011111101011110010010101011111010000000000000000000000000000000000010
1011101101000011001001000100001101000000000000000000000000000000000010
1011101110110111011101100000111000100000000000000000000000000000000010
1011001110010011101011100111110000000000000000000000000000000000000010
1011101111100100011100010010000110100000000000000000000000000000000010
1010001000110000011001011001111111000000000000000000000000000000000010
1010011010101000011101110100111101000000000000000000000000000000000010
1011001001010001011011100100111000000000000000000000000000000000000010
1011010101110100101100000011011111100000000000000000000000000000000010
1010101011101001101000011101111001100000000000000000000000000000000010
1011010010111100110001011111111100100000000000000000000000000000000010
1011100101110111101100101000101011000000000000000000000000000000000010
1011101011100001111110000001101111100000000000000000000000000000000010
1011100011101100001111001011011001000000000000000000000000000000000010
1011110011001100001001110101000100000000000000000000000000000000000010
1010000010110111011110101111101101000000000000000000000000000000000010
1011110000001001100110100010000111000000000000000000000000000000000010
1010100000100110001000100110111000000000000000000000000000000000000010
1011110011011110110001011100001010000000000000000000000000000000000010
1010001001100011110000010011010011000000000000000000000000000000000010
1011110000001001110111111011101101100000000000000000000000000000000010
1011100000001110001011101101010100000000000000000000000000000000000010
1011111111100010000011111010100111000000000000000000000000000000000010
1010001001010111110100010011100101000000000000000000000000000000000010
1010100001111001110010110010110001100000000000000000000000000000000010
1011001100100011101000100001111011000000000000000000000000000000000010
1011000000011000111010100100000110100000000000000000000000000000000010
1010001110110110101100111000100000000000000000000000000000000000000010
1011101101110011110010011111111111000000000000000000000000000000000010
1011011110101110101011101001010000100000000000000000000000000000000010
1010000001011011111001101010111000100000000000000000000000000000000010
1010001111100011101101100110111011100000000000000000000000000000000010
1010110011100100101111110011101100000000000000000000000000000000000010
1010011011100100010101010111011101000000000000000000000000000000000010
1010000001110100111110000010101011100000000000000000000000000000000010
1011000011000111101011101001010111100000000000000000000000000000000010
1010010111000011111001111011010010000000000000000000000000000000000010
1010110110010100000010111000001001100000000000000000000000000000000010
1010001000100100000011100000111100000000000000000000000000000000000010
1011111111111100010100101011111111100000000000000000000000000000000010
1010110111001101101110011000100101000000000000000000000000000000000010
1011110100111011001100001101001011100000000000000000000000000000000010
1010111101000111001001000111010111100000000000000000000000000000000010
1011101010101000101111011110101110100000000000000000000000000000000010
1010001001000100010001110011110011000000000000000000000000000000000010
1011101110101100110100111111010110000000000000000000000000000000000010
1010010101100101001101101010111110000000000000000000000000000000000010
1010111111001000011111100010000100100000000000000000000000000000000010
1010001000100100111110110000011001100000000000000000000000000000000010
1011011111011000111110011111010010000000000000000000000000000000000010
1010000101100011000000100010000011000000000000000000000000000000000010
1011101010101101101001111001011010100000000000000000000000000000000010
1011100000101101111010010010110111000000000000000000000000000000000010
1011011001010001011001101010010110000000000000000000000000000000000010
1011111000110011100100101000000011100000000000000000000000000000000010
1011010010101001010001110101010010000000000000000000000000000000000010
1010110000110111010000001011010011100000000000000000000000000000000010
1011000001111110001011011111110011100000000000000000000000000000000010
1011010000111101010001010101011010100000000000000000000000000000000010
1010100100010001100110101100110010000000000000000000000000000000000010
1011011110101001101000101000011011100000000000000000000000000000000010
1010010111011100001000101010001110100000000000000000000000000000000010
1010010000000001101000110111000101000000000000000000000000000000000010
1010101000000000100001000101010000100000000000000000000000000000000010
1010011100101101111100101100011010100000000000000000000000000000000010
1010101111010000101100111100011010100000000000000000000000000000000010
1010101111011101010110001110111001100000000000000000000000000000000010
1010100110010110000001000111011111000000000000000000000000000000000010
1010111100100010010001100110001101100000000000000000000000000000000010
1010010001110111010101110111010111000000000000000000000000000000000010
1010111110000101101000100101010110000000000000000000000000000000000010
1010101110111110101111010001101111100000000000000000000000000000000010
1010111011111001000011110000011101000000000000000000000000000000000010
1010010000110111100101101111010011100000000000000000000000000000000010
1010000011000101110110011001110111000000000000000000000000000000000010
1010111000111001110000101111001101100000000000000000000000000000000010
1011001011001101001110111101101111100000000000000000000000000000000010
1010001100000100101011110110100011100000000000000000000000000000000010
1010000000101101011000100011000111100000000000000000000000000000000010
1010011010010100111001100010111001100000000000000000000000000000000010
1010110100001100110001101000111000100000000000000000000000000000000010
1011001111101100111001110000100011000000000000000000000000000000000010
1011101001100000101011000110011110100000000000000000000000000000000010
1011000001010011010001100001011111100000000000000000000000000000000010
1010100100010010011010101011000011100000000000000000000000000000000010
1010000000011000110011011100001101100000000000000000000000000000000010
1010011100000101110111010111111010100000000000000000000000000000000010
1010010001000001000111101000000011000000000000000000000000000000000010
1010010011010100011110101010000110100000000000000000000000000000000010
1010101011010010110001110000110110100000000000000000000000000000000010
1010011001000111100110100011010100100000000000000000000000000000000010
1010010000000001011101000100010001000000000000000000000000000000000010
1010100000000000101010001010010010100000000000000000000000000000000010
1011001101010101011100110101111011100000000000000000000000000000000010
1011000111111100010110111001101101100000000000000000000000000000000010
1011001111111001110001011100100001000000000000000000000000000000000010
1011111010000011000111011101101111100000000000000000000000000000000010
1010101000011001110110111100000111000000000000000000000000000000000010
1011111010011110001110001011011101000000000000000000000000000000000010
1011101100011110100011010101000000100000000000000000000000000000000010
1011000100111011010011001101000010100000000000000000000000000000000010
1010001111011010110001000000010111000000000000000000000000000000000010
1010011011000111010110101011000000100000000000000000000000000000000010
1011100000110000100101001110111000100000000000000000000000000000000010
1011110100101000101111001101111111100000000000000000000000000000000010
1011010010001011100101001100110000100000000000000000000000000000000010
1011101001011100110101100000101101100000000000000000000000000000000010
1011111110100010100111011100001100000000000000000000000000000000000010
1011010001101110000001110010101101100000000000000000000000000000000010
1011001000111100010011011011011100000000000000000000000000000000000010
1011101100100000000101111010100110100000000000000000000000000000000010
1010000110000110110111000000110001000000000000000000000000000000000010
1011110001001111101110001001001100100000000000000000000000000000000010
1011110001101000001111010000111000100000000000000000000000000000000010
1010011010000010111101001011001111100000000000000000000000000000000010
1011010010000100010111110010100010100000000000000000000000000000000010
1011101011110110110110010111011011100000000000000000000000000000000010
1010100011111110001111001110111010100000000000000000000000000000000010
1011100011010010101110101101111011100000000000000000000000000000000010
1010010010001100001101001011011111000000000000000000000000000000000010
1010100010001110011100100001111111100000000000000000000000000000000010
1011011100100101011011010010001010100000000000000000000000000000000010
1011100100101111111011100001001000100000000000000000000000000000000010
1010001101011111100110011110000011000000000000000000000000000000000010
1010101101100100101001100100010001100000000000000000000000000000000010
1011011011111011111100111100101111100000000000000000000000000000000010
1010001000111010010111011000001101100000000000000000000000000000000010
1010110110001010100000011000101011100000000000000000000000000000000010
1011111011110010100011100101011010100000000000000000000000000000000010
1010001111000011000100101100101111100000000000000000000000000000000010
1010001100111110111011110001110100000000000000000000000000000000000010
1011101101001111011100011110111001000000000000000000000000000000000010
1010011010001000001101110000000101000000000000000000000000000000000010
1010111111001010000110100111010010000000000000000000000000000000000010
1011011001110101000111010000111000100000000000000000000000000000000010
1011101111011001011100000110111000000000000000000000000000000000000010
1011111011100100101011001001100001000000000000000000000000000000000010
1011100101001010111010111111011110000000000000000000000000000000000010
1011011010100001000101001000010111000000000000000000000000000000000010
1010111101110000010110010000011011000000000000000000000000000000000010
1010101100111111100011110111100000100000000000000000000000000000000010
1011011011011001011101001010110101100000000000000000000000000000000010
1011011100011111111110011010011010100000000000000000000000000000000010
1011001100001110110100001010111101100000000000000000000000000000000010
1011001011101111011101000111011010100000000000000000000000000000000010
1010011000111101100111111010000111100000000000000000000000000000000010
1010010100111010111100000010100011000000000000000000000000000000000010
1011101111010101110011110011111101000000000000000000000000000000000010
1010000000111011111011010110101100000000000000000000000000000000000010
1010011001110110110111101111010111100000000000000000000000000000000010
1011001011101010110111000100010100000000000000000000000000000000000010
1011001000110110101110000110110100000000000000000000000000000000000010
1010000010111101001001010011010001000000000000000000000000000000000010
1010101100011111010001111011111001000000000000000000000000000000000010
1010001001010111110010000101100010100000000000000000000000000000000010
1011001011001101000110001000010110100000000000000000000000000000000010
1010101110100011001110110001111011100000000000000000000000000000000010
1010111111000010100001000111110111100000000000000000000000000000000010
1010101010010101110111000011111100100000000000000000000000000000000010
1011101010100111100001110100001010000000000000000000000000000000000010
1011101010010101001010010100110110100000000000000000000000000000000010
1010010101111010110001101010111110100000000000000000000000000000000010
1010111101101000000100110110110001100000000000000000000000000000000010
1010000000111101001100010111100010000000000000000000000000000000000010
1010101010000101110110000100000111000000000000000000000000000000000010
1010000111101100010001001110011110100000000000000000000000000000000010
1011000100101000100110000101111101000000000000000000000000000000000010
1011000111111011110001011000100101000000000000000000000000000000000010
1010110100100101101001011000011001000000000000000000000000000000000010
1010110100100101001001001000110001000000000000000000000000000000000010
1011011100111001010011000000011011000000000000000000000000000000000010
1010101101110001010101101011100000100000000000000000000000000000000010
1011000011011000100100110101011001000000000000000000000000000000000010
1010000101000101101001001110010010000000000000000000000000000000000010
1010011101110111000011101010011101100000000000000000000000000000000010
1010101011110110100011011110001100000000000000000000000000000000000010
1011100001011011110001011000100010000000000000000000000000000000000010
1011100111100001010001001100110010100000000000000000000000000000000010
1010000011001001010110001010011110100000000000000000000000000000000010
1010011000111000100110110111110010100000000000000000000000000000000010
1011011000000101101010001000001100000000000000000000000000000000000010
1011101111111000010110001010000011000000000000000000000000000000000010
1010010001000011100111100000000111100000000000000000000000000000000010
1011001101001010100100110111010110000000000000000000000000000000000010
1011010001011001001001001101001100100000000000000000000000000000000010
1010100010010000011110110000100000000000000000000000000000000000000010
1011001100010101000111110010000001000000000000000000000000000000000010
1010010111010110110100001011001001100000000000000000000000000000000010
1010010001101000001101011010001101100000000000000000000000000000000010
1010000011110111010111111000011011100000000000000000000000000000000010
1010110110100110011101110010100100100000000000000000000000000000000010
1010110000001000111101101111111110000000000000000000000000000000000010
1011110001100110011011011000100110100000000000000000000000000000000010
1010100011111110001011100101101011000000000000000000000000000000000010
1010110101101001100001011111100100000000000000000000000000000000000010
1010000101111101010111101100011011000000000000000000000000000000000010
1011100100011100001011011101111100000000000000000000000000000000000010
1011010111001111101000101110000001100000000000000000000000000000000010
1010100101100111011000001111100101100000000000000000000000000000000010
1011010110100000010111000010111110100000000000000000000000000000000010
1010101101011011000111100100001100100000000000000000000000000000000010
1011101000001111101011000001111011100000000000000000000000000000000010
1010101110100000001110101110011000100000000000000000000000000000000010
1010000010111000000101111100001110100000000000000000000000000000000010
1010011111010100011011100100101100100000000000000000000000000000000010
1011011100110111100001110100011100000000000000000000000000000000000010
1010011110000110100110100010010111000000000000000000000000000000000010
1010001001000001110100011100010011100000000000000000000000000000000010
1010010110101010111011100011011111000000000000000000000000000000000010
1010100000010100101101001101000011100000000000000000000000000000000010
1011011100011111000010001110011101000000000000000000000000000000000010
1010000110011011001001110111111000000000000000000000000000000000000010
1010100010101101010010110001011011000000000000000000000000000000000010
1010111010011101001110110100101001100000000000000000000000000000000010
1010000101111001001010111110100000000000000000000000000000000000000010
1010011111001111001100011011110001000000000000000000000000000000000010
1010000010001010111001110000011110000000000000000000000000000000000010
1011001010110111111001100001011000100000000000000000000000000000000010
1010111011011011101110001100000011000000000000000000000000000000000010
1011010010011011000000011111011001000000000000000000000000000000000010
1010110010101010111111110000001010100000000000000000000000000000000010
1011010000000100101011110100101001000000000000000000000000000000000010
1010101010100101010000001010100001000000000000000000000000000000000010
1011001000111101000000000100001011100000000000000000000000000000000010
1011111010101000110010000111110000000000000000000000000000000000000010
1010001100011101011000000000011011100000000000000000000000000000000010
1011101100101011111101000011111100000000000000000000000000000000000010
1010010000111000000001000001110111100000000000000000000000000000000010
1011101101101001011010000110111011100000000000000000000000000000000010
1010011111110101101000000100110010100000000000000000000000000000000010
1010011000001001010001001100100011000000000000000000000000000000000010
1010011101011011110111011011110010000000000000000000000000000000000010
1011001001101101010110000010010011000000000000000000000000000000000010
1010100011000001101100000110100011000000000000000000000000000000000010
1010001001010000110101111010000111100000000000000000000000000000000010
1010101011101100011010011010110001000000000000000000000000000000000010
1010101110101101011010010101001100000000000000000000000000000000000010
1010011110110010110101111010100111000000000000000000000000000000000010
1010011111010111101100011011000101100000000000000000000000000000000010
1010001011110100010011000110110010100000000000000000000000000000000010
1010101111000111010110100001001000100000000000000000000000000000000010
1010010100111001010011110001001101000000000000000000000000000000000010
1010111110110011000000100001101011100000000000000000000000000000000010
1010111101010011111011111111101101000000000000000000000000000000000010
1010100011100001011110000001110001100000000000000000000000000000000010
1010111001100101010100110111001100000000000000000000000000000000000010
1011101011000100011011000110110000000000000000000000000000000000000010
1010001110100100110001010110011001000000000000000000000000000000000010
1010101010011011001010111010101100000000000000000000000000000000000010
1010110101111010000010000100001011000000000000000000000000000000000010
1011001001101000111111010000101000100000000000000000000000000000000010
1011111000000101010011001110001101100000000000000000000000000000000010
1010000111111100110000011110001001000000000000000000000000000000000010
1010111011111000101001010100011000100000000000000000000000000000000010
1011010111100001000011001110111010000000000000000000000000000000000010
1011101111010101111111011101011001000000000000000000000000000000000010
1010100011000001011101111100001110000000000000000000000000000000000010
1010101110000011110100110010001000100000000000000000000000000000000010
1010110001111101000011001110110011000000000000000000000000000000000010
1010000110000001111110111101111011100000000000000000000000000000000010
1011110000001111111000101001111011000000000000000000000000000000000010
1011111101010010111110010010001000100000000000000000000000000000000010
1011111001011011111011000110110011000000000000000000000000000000000010
1010010011100110110011111000000110000000000000000000000000000000000010
1011010010000000100110100010101000100000000000000000000000000000000010
1010100011111111001100001000011000100000000000000000000000000000000010
1010011100110010101111100110110100100000000000000000000000000000000010
1011111010100001000000000101001000100000000000000000000000000000000010
1010010000011000100111001100111100100000000000000000000000000000000010
1010000011111001010100000110001011000000000000000000000000000000000010
1010110001110100011010000101011100100000000000000000000000000000000010
1011011100001101000001000010011101100000000000000000000000000000000010
1011000101001100001010001011000001100000000000000000000000000000000010
1011010111011100000101010101100111100000000000000000000000000000000010
1011101011011111101110011111111100000000000000000000000000000000000010
1011010100110001010101011000001111100000000000000000000000000000000010
1011100101000000101111001100100011000000000000000000000000000000000010
1011011011011100001011000001001101100000000000000000000000000000000010
1011000011011011111110010111001110000000000000000000000000000000000010
1010110000111001000101101001000100100000000000000000000000000000000010
1010011101000111101110000110000101100000000000000000000000000000000010
1011000010100011111011001011111111000000000000000000000000000000000010
1011010110000001011010110000011110100000000000000000000000000000000010
1011111100110111000001010111100000100000000000000000000000000000000010
1010001110100110000000001110100111100000000000000000000000000000000010
1011111101100110101110001000111111000000000000000000000000000000000010
1010000010101000100010100110000110000000000000000000000000000000000010
1011000000101101000110101110010001000000000000000000000000000000000010
1011101010111111111001010101000001100000000000000000000000000000000010
1011000110110010101000001001000101100000000000000000000000000000000010
1011010101010011110010101111001000000000000000000000000000000000000010
1011110101100110111010011111000111100000000000000000000000000000000010
1010010101001010011110011111110000000000000000000000000000000000000010
1011000101010010001101001111001110000000000000000000000000000000000010
1011001011110100110010100110001010000000000000000000000000000000000010
1011010001001100001001101110100111000000000000000000000000000000000010
1010011011111000010110110001001100100000000000000000000000000000000010
1011101001000110010110001000111101000000000000000000000000000000000010
1011010000011110111000010011011101000000000000000000000000000000000010
1011110110100001000100010010111001000000000000000000000000000000000010
1011010000111100001111101001000101100000000000000000000000000000000010
1010111111111100101110010001110100100000000000000000000000000000000010
1011000000110101101001001011111001000000000000000000000000000000000010
1011010010000000000000100011100001000000000000000000000000000000000010
1011101010100010011010110101111000100000000000000000000000000000000010
1011010111001100100101011001110000000000000000000000000000000000000010
1010000100100100100001101111111010100000000000000000000000000000000010
1011000111010000011011010111100010000000000000000000000000000000000010
1011000010111011000110010111111000100000000000000000000000000000000010
1010010110000111010011010000001110100000000000000000000000000000000010
1011111100100011100011001000001110000000000000000000000000000000000010
1010000011000010111111001111110010000000000000000000000000000000000010
1010010100111011101100110010101100000000000000000000000000000000000010
1011001001000101110110011011001010000000000000000000000000000000000010
1011001000100100010111000110010010100000000000000000000000000000000010
1011010111000100111101011000100010000000000000000000000000000000000010
1010100001111110111111011000101111100000000000000000000000000000000010
1011111111101001010001001011000010100000000000000000000000000000000010
1010110001010101100000100011011010100000000000000000000000000000000010
1011010111111010110101101111101010000000000000000000000000000000000010
1011100100011000001001101100001111100000000000000000000000000000000010
1010000011011110100111010111010001100000000000000000000000000000000010
1010101010010101011001111010011100100000000000000000000000000000000010
1010010000111101001010101001101010100000000000000000000000000000000010
1010101001101100001000101101110010000000000000000000000000000000000010
1010010111111111000110101001110000000000000000000000000000000000000010
1011011001011011110101111100010000100000000000000000000000000000000010
1010001110001101111001111100111111000000000000000000000000000000000010
1011111010101000001000101010001011100000000000000000000000000000000010
1011010110111011010001101011011001100000000000000000000000000000000010
1011011110010101001100111010100010000000000000000000000000000000000010
1011000101000111101101001101110011000000000000000000000000000000000010
1010111010001100101001001000001011000000000000000000000000000000000010
1011110000100111101111001111110101100000000000000000000000000000000010
1011000010001010111100100110111010100000000000000000000000000000000010
1011110010011111011110001110001111000000000000000000000000000000000010
1011000111101000111010110110100111100000000000000000000000000000000010
1011001100100011101101111100011111000000000000000000000000000000000010
1010010010000001101110110000110010100000000000000000000000000000000010
1011001001101001101100011101101110100000000000000000000000000000000010
1011101101011011100110100110010101100000000000000000000000000000000010
1010001100100001011111011001110000000000000000000000000000000000000010
1011011011010010001100111110101011100000000000000000000000000000000010
1010111000000100110011101000000100100000000000000000000000000000000010
1010010010001011010010100100001110100000000000000000000000000000000010
1011111101110101100100101000100111000000000000000000000000000000000010
1011100110100011101010011011011100100000000000000000000000000000000010
1010011000000000111110101010101010000000000000000000000000000000000010
1010100010001000100001101010010000100000000000000000000000000000000010
1010010001011011110011000111100100000000000000000000000000000000000010
1011000000101110000111011000010000000000000000000000000000000000000010
1011010000011110110111110100001111000000000000000000000000000000000010
1010010001101100101000011000100000100000000000000000000000000000000010
1011100111000110100001010101001010100000000000000000000000000000000010
1011111101001000010111110111101101100000000000000000000000000000000010
1011000101110101110001000111100011000000000000000000000000000000000010
1011111101000111110011101000111101100000000000000000000000000000000010
1011011001111010010011010010110001100000000000000000000000000000000010
1011001010101111101010110110001000000000000000000000000000000000000010
1011000000010101000111000001101000000000000000000000000000000000000010
1011010010100101000000101110001110100000000000000000000000000000000010
1010001110010110110011011000100001000000000000000000000000000000000010
1011100001110011001110100100111001100000000000000000000000000000000010
1011101010011101011010111010101110000000000000000000000000000000000010
1010010011111111100011001111000001100000000000000000000000000000000010
1011000110010010010010110110010010100000000000000000000000000000000010
1011010011001010001111010000001101000000000000000000000000000000000010
1011100010010110010101010110010000100000000000000000000000000000000010
1010000010000001011111101110111110100000000000000000000000000000000010
1011010101011111001100101101001111100000000000000000000000000000000010
1010011100010100100010110010110101100000000000000000000000000000000010
1010100001001111100101101110011010000000000000000000000000000000000010
1010001010001001110101111110011010100000000000000000000000000000000010
1010111100011011101101010100001110100000000000000000000000000000000010
1011001111101111001001001010000100000000000000000000000000000000000010
1011001110000010101001010110101101100000000000000000000000000000000010
1010001011000110010100111100000110100000000000000000000000000000000010
1011111110000011111011100111100001000000000000000000000000000000000010
1010101100101110010100010110011100000000000000000000000000000000000010
1010001110111110000010011010111111100000000000000000000000000000000010
1010101110001111010000011110010000000000000000000000000000000000000010
1011000100001000110010100101010101000000000000000000000000000000000010
1011100110110000001000100111000101100000000000000000000000000000000010
1010111010001001001000101011111111000000000000000000000000000000000010
1011100001110010111011111000101001100000000000000000000000000000000010
1010111110000101110101000011101001000000000000000000000000000000000010
1011001110010000101100110011010100000000000000000000000000000000000010
1011111011001101011000100000101010000000000000000000000000000000000010
1010110110100001101010010001001001000000000000000000000000000000000010
1011011011011010101001101011111001100000000000000000000000000000000010
1010001101110100011101111010110000100000000000000000000000000000000010
1010100110000000100110110000110101100000000000000000000000000000000010
1011110011100010001111011001111110000000000000000000000000000000000010
1010001011111101000001001001101001100000000000000000000000000000000010
1011011000100000011100101111100100100000000000000000000000000000000010
1010000110000010111100000111001111100000000000000000000000000000000010
1010011011011101100110101101111011000000000000000000000000000000000010
1011111101000010110011001011101101000000000000000000000000000000000010
1011011101001010011100110100101100000000000000000000000000000000000010
1010110111000001111101100111010111100000000000000000000000000000000010
1011011111111100110001001000001010000000000000000000000000000000000010
1011011000111111101011110111011101000000000000000000000000000000000010
1010011110101010000010001101011010000000000000000000000000000000000010
1010011110000011001101010111011111100000000000000000000000000000000010
1011000101101000100100011100110110100000000000000000000000000000000010
1011011100011101101100010001100111000000000000000000000000000000000010
1010111010111000001111000101010001000000000000000000000000000000000010
1010011111011000001110001111101111100000000000000000000000000000000010
1010001110011111101010000101000111000000000000000000000000000000000010
1011001101111100000010101001100000100000000000000000000000000000000010
1011010111111010111001110100000100000000000000000000000000000000000010
1010001110011111010100010001110110000000000000000000000000000000000010
1011111000000010111000011010110000100000000000000000000000000000000010
1011110011101010101100101000010001000000000000000000000000000000000010
1010101100111001011110010011101011000000000000000000000000000000000010
1011111010111101000101100011100010100000000000000000000000000000000010
1010110100110010110100011000011001000000000000000000000000000000000010
1011011011101011101001010100000101000000000000000000000000000000000010
1010100010001101111100011111011000100000000000000000000000000000000010
1011110111110001110110001011111011100000000000000000000000000000000010
1010101000011100100000101011011110000000000000000000000000000000000010
1011010000100100000000100100100000000000000000000000000000000000000010
1010110111011011001000011001000110100000000000000000000000000000000010
1011000100101101011101000101101011000000000000000000000000000000000010
1010010000110100111100000010011010100000000000000000000000000000000010
1010000101011000101010000011011001100000000000000000000000000000000010
1011101100001011001001011111000110000000000000000000000000000000000010
1010010000111110010010110000000110000000000000000000000000000000000010
1010001001000000101001100111110111000000000000000000000000000000000010
1010111100101011011011001011100101000000000000000000000000000000000010
1010011100100111010011001001000010100000000000000000000000000000000010
1010000111111000011010111100110110000000000000000000000000000000000010
1011110010000110011111101111011101100000000000000000000000000000000010
1011011111001110011010000001111010100000000000000000000000000000000010
1010001101010101011111101001111111000000000000000000000000000000000010
1010100011010110010110000001110000000000000000000000000000000000000010
1010010110111001011011111001010011000000000000000000000000000000000010
1010010101011111110110111001010001000000000000000000000000000000000010
1010000010000100110001100011101111100000000000000000000000000000000010
1010111100001100011100000111101110000000000000000000000000000000000010
1011011011110010001110001000111100000000000000000000000000000000000010
1010100111101110111010001010100110100000000000000000000000000000000010
1011001111001111100110000011011101100000000000000000000000000000000010
1011001111011111010000001101001001100000000000000000000000000000000010
1011010100100100101100110100011010000000000000000000000000000000000010
1011111001001101011000011011011101100000000000000000000000000000000010
1011110011011101110101111111101101000000000000000000000000000000000010
1011110001010001100001000001100001000000000000000000000000000000000010
1010100010111100110110101011001010100000000000000000000000000000000010
1011010011001101010100011010111010000000000000000000000000000000000010
1011111010100011010001001011010001000000000000000000000000000000000010
1011001101000110100000000110100001000000000000000000000000000000000010
1011111000001100011100011000110111100000000000000000000000000000000010
1010010001101010100100010000011100100000000000000000000000000000000010
1011000011100011101100001010011001000000000000000000000000000000000010
1010101110011001111000101010010001100000000000000000000000000000000010
1010111111000100010010101110110111000000000000000000000000000000000010
1011010001001010101000110000010110100000000000000000000000000000000010
1011011000111101111011011011101011000000000000000000000000000000000010
1011100101110101010010101010000101100000000000000000000000000000000010
1010110010110100011001001111101110000000000000000000000000000000000010
1011010001111000001101011101100110100000000000000000000000000000000010
1011100100010101010000001101111101100000000000000000000000000000000010
1011111010000011000000001001001110100000000000000000000000000000000010
1010111001100000111011001010010100000000000000000000000000000000000010
1010010010010001110101101100000010000000000000000000000000000000000010
1011010110011101100000010110000110100000000000000000000000000000000010
1010111010111001000111110110000010000000000000000000000000000000000010
1011100111111101001000010111100010100000000000000000000000000000000010
1011100000011010100110101010010101100000000000000000000000000000000010
1010001110000111101111111100001001100000000000000000000000000000000010
1010101111111111110000100010000011000000000000000000000000000000000010
1011110101110110111100111010001010100000000000000000000000000000000010
1010101000111000110111111101011010100000000000000000000000000000000010
1010000000000100000010100001011110100000000000000000000000000000000010
1010101101100010001100001110001100000000000000000000000000000000000010
1011101111001000010100010010001101100000000000000000000000000000000010
1010001110000101000000111111110000100000000000000000000000000000000010
1010000010100000000110001001001101100000000000000000000000000000000010
1011011101111111101100011010100111000000000000000000000000000000000010
1011101000111100011110000001100110000000000000000000000000000000000010
1011000111101111100011100011100001100000000000000000000000000000000010
1010000011101000100010000001011011000000000000000000000000000000000010
1010101001111010111010100010100101000000000000000000000000000000000010
1011001101101100111000010100110101100000000000000000000000000000000010
1010111111000001001011100010100001100000000000000000000000000000000010
1010000111000101011100101001001010000000000000000000000000000000000010
1011100011001000101111111011011100100000000000000000000000000000000010
1011100110011100011101011010100100100000000000000000000000000000000010
1010011111111000101111011111011111000000000000000000000000000000000010
1011111011000101100100111000011101100000000000000000000000000000000010
1010101101100100100011000010001001100000000000000000000000000000000010
1010010110001110111101100000011000000000000000000000000000000000000010
1011101000110000011111110011100101100000000000000000000000000000000010
1010011000100010011010010101111100100000000000000000000000000000000010
1010011010010101110001101100111001100000000000000000000000000000000010
1011101100000111110011000101111001100000000000000000000000000000000010
1011000011000100010001110001110010000000000000000000000000000000000010
1010111111111100010001000110010001100000000000000000000000000000000010
1011110110101100010010100000101100000000000000000000000000000000000010
1010111001110000110100111011010011000000000000000000000000000000000010
1010110010010000011111110110111010000000000000000000000000000000000010
1011101110100111111100110111100111100000000000000000000000000000000010
1011111010100000010010111101110110100000000000000000000000000000000010
1010110111001001010001100101101111000000000000000000000000000000000010
1010011111110111111110100110110011000000000000000000000000000000000010
1010100100100101110100100001001011100000000000000000000000000000000010
1010011011110101011101010101000100100000000000000000000000000000000010
1011010100011001001000011100001001000000000000000000000000000000000010
1011100100010001010110010101110100000000000000000000000000000000000010
1010001101000110010101010000010110000000000000000000000000000000000010
1011010000010001011000111001001101100000000000000000000000000000000010
1010001000011001110100101000100011100000000000000000000000000000000010
1010000101100110100000110000000111100000000000000000000000000000000010
1010100011110010100100010011000000100000000000000000000000000000000010
1010010111010100100110100101100100000000000000000000000000000000000010
1010010001001000010101111110101001000000000000000000000000000000000010
1011000111010010001000100100110000000000000000000000000000000000000010
1010111001010000000001000111110000000000000000000000000000000000000010
1011110101110000011010101111011010100000000000000000000000000000000010
1010110000001100110000010101001101000000000000000000000000000000000010
1011100001010111100101001110100010000000000000000000000000000000000010
1010111100100001010001001111001010100000000000000000000000000000000010
1011110111001011011000010011010010100000000000000000000000000000000010
1010111001111011101011011001000011000000000000000000000000000000000010
1010100000001111000001100100100001100000000000000000000000000000000010
1010111001110110111001001010101000100000000000000000000000000000000010
1010101111000001011011010100010111000000000000000000000000000000000010
1010110001001101000111000011011011100000000000000000000000000000000010
1011110000000000010001001111110111100000000000000000000000000000000010
1010000010011111100000001100110110100000000000000000000000000000000010
1011001100000001110001001111110101000000000000000000000000000000000010
1011010001011100000111001101011000000000000000000000000000000000000010
1010111110000101010111001010100111100000000000000000000000000000000010
1011000101101010000110101010010000000000000000000000000000000000000010
1010011000010001110011110100001101100000000000000000000000000000000010
1011101100111111001000101100100000000000000000000000000000000000000010
1010000100000110000001010011001011000000000000000000000000000000000010
1011100111100010000010011100010001100000000000000000000000000000000010
1010010010010010010100001100010011100000000000000000000000000000000010
1010011100000011101110111000110110000000000000000000000000000000000010
1010001110010101111111010000000011000000000000000000000000000000000010
1010001111110000001110010100000011000000000000000000000000000000000010
1011011001001011001111101101010101000000000000000000000000000000000010
1011010110101010000010001000110110100000000000000000000000000000000010
1010100010100111111110011110000101100000000000000000000000000000000010
1011000110111010011110110110100101000000000000000000000000000000000010
1011101000001001100110000010000011000000000000000000000000000000000010
1011000100000011111010001011011100100000000000000000000000000000000010
1011010100111010101110100100000000000000000000000000000000000000000010
1010110000010100100100100111000000100000000000000000000000000000000010
1010101000001000110100100010010110100000000000000000000000000000000010
1010000010000100001001010111100001100000000000000000000000000000000010
1010010000101000111110000100001010100000000000000000000000000000000010
1010001100110101000111100000010110000000000000000000000000000000000010
1010010000111010000010100101011000000000000000000000000000000000000010
1010011101000011111001110101101010100000000000000000000000000000000010
1010100001000110100000010110010110000000000000000000000000000000000010
1010000101111101001111011101000010100000000000000000000000000000000010
1010011011111100001010101110101011000000000000000000000000000000000010
1011010100110010101101110001011110000000000000000000000000000000000010
1011001111101000100011001001100110000000000000000000000000000000000010
1011011100010000010000001001010000000000000000000000000000000000000010
1011001111001000110110101001000110000000000000000000000000000000000010
1010100000100001011100011111010111000000000000000000000000000000000010
1011000110101110101101011100010100100000000000000000000000000000000010
1010000101111011111001110111001010000000000000000000000000000000000010
1010101010100000110111010001010110000000000000000000000000000000000010
1011001001000000110100001101100100100000000000000000000000000000000010
1010100100010110001100010110111110100000000000000000000000000000000010
1011001111101100100100111111001101000000000000000000000000000000000010
1011101000001111010001000010110010100000000000000000000000000000000010
1011011011000001001001001001110100000000000000000000000000000000000010
1010000110101111000110100101101111000000000000000000000000000000000010
1011111110101111011100101111000010100000000000000000000000000000000010
1010001101110100000110011100111000100000000000000000000000000000000010
1011000001100001100111111000110100000000000000000000000000000000000010
1010101011110101111000001000100101100000000000000000000000000000000010
1010110110100000010011011001011001000000000000000000000000000000000010
1011100000111010101110101111000011000000000000000000000000000000000010
1011100101100000001010000100111100100000000000000000000000000000000010
1011000101100001010111011101001000100000000000000000000000000000000010
1011101111000001011001111010001100100000000000000000000000000000000010
1010101010101001000000101011100111000000000000000000000000000000000010
1010010001001111111000001111100010100000000000000000000000000000000010
1010100101101101111111111100010011100000000000000000000000000000000010
1010001111010110101010111110001001000000000000000000000000000000000010
1010101000101101110000001110001010100000000000000000000000000000000010
1011001000110001100001001010010001100000000000000000000000000000000010
1010000101010000011111001100111000100000000000000000000000000000000010
1011011011011110111011111110001010000000000000000000000000000000000010
1011000011001111000111100111001100000000000000000000000000000000000010
1010001000110101101101110010111101000000000000000000000000000000000010
1010011000011000001010000011000011000000000000000000000000000000000010
1011011000100000011000000100000001000000000000000000000000000000000010
1011000011110111011000100011000101000000000000000000000000000000000010
1010110010100000100001110001100001000000000000000000000000000000000010
1011101101101010111011110100011100000000000000000000000000000000000010
1011101010000110000010000000011011000000000000000000000000000000000010
1011000100110111011010100111001111100000000000000000000000000000000010
1010000011110000110010010001101111100000000000000000000000000000000010
1011111010000010001111001100111010100000000000000000000000000000000010
1010101101100111100000001011101010100000000000000000000000000000000010
1010111111110101101110110000001010100000000000000000000000000000000010
1011011011001000111100111100111111100000000000000000000000000000000010
1011100011000000011011001001010111000000000000000000000000000000000010
1011110101100011100001111100010001000000000000000000000000000000000010
1010011000000011000110110010100100100000000000000000000000000000000010
1010010011111001101010100010111010000000000000000000000000000000000010
1010010110101011001110101100001111100000000000000000000000000000000010
1011000110111110000000101000000010000000000000000000000000000000000010
1010000001100010110010000000101100100000000000000000000000000000000010
1010011101010000001000000100001000000000000000000000000000000000000010
1010010100101111010101101101011101000000000000000000000000000000000010
1011101100111110111110100001001000000000000000000000000000000000000010
1010111100010011011001101100111011100000000000000000000000000000000010
1010101111001010100101110011001101000000000000000000000000000000000010
1010101011111010100010100000110111000000000000000000000000000000000010
1010111111001111111101000000010101100000000000000000000000000000000010
1011101000000111101100011011100111000000000000000000000000000000000010
1011111000111111101110110100110100100000000000000000000000000000000010
1010001111100010101010010000111100100000000000000000000000000000000010
1011000101011010011001111010001010000000000000000000000000000000000010
1011000000101011011010111111000100000000000000000000000000000000000010
1011111111001001011101011001110101000000000000000000000000000000000010
1010100010010111110011000010101011100000000000000000000000000000000010
1010100001000000010000010010101100000000000000000000000000000000000010
1011110000100010011011010111011000000000000000000000000000000000000010
1010111111000000101000001000100110100000000000000000000000000000000010
1010000101011111101111011000100110000000000000000000000000000000000010
