1010010010000100010110001010000010010011000110011100000010110000000010
1010010011000100000111100100001010001011100101000110000110010000000010
1010110101000001101010000000110011001111001110110001011110000000000010
1011101001101011000000100101011101100100011110111101001110111000000010
1010001000100001111101110001000001010000010110010111001111110000000010
1011100100101110101101100100001000100111011100001101101111001000000010
1011100100000100110110101100111101111101000000010000010011010000000010
1011000100101010011100101111010001001101101011001111011011110000000010
1010010111001010110000011000101001001111101001000111110011011000000010
1010100111011100101001010000111111010111011100100110101001001000000010
1011100010100100010000111111000110101110111100111100011011111000000010
1010001000101001011010010010010111011000111001011010000110110000000010
1011101000110111011101100101101000101101101100111011111000111000000010
1011010001011011000101110000001011000010110111011001011111001000000010
1010010000111000000001010110000110100111101100011101100010110000000010
1011111100111010001110110000100101011010101011011010010111001000000010
1010100111000010000100001100010101100011001101111001011111010000000010
1010010000001000010010010101011011110011110010001101001100000000000010
1010001100011100110001111001011001001010111101111011110001110000000010
1011101011011100111001010101101010000100011010001010101001001000000010
1011101010101011011101010010110111111010011100111011011010010000000010
1010100110111100101100010101001111010111110111001011100100010000000010
1010000110001000001010010000111100000100011010110111101011011000000010
1010010111100010101010110111000000111011100110011010110010011000000010
1010100011110011010001111011000100111111110011101110011111011000000010
1010101110110111010100000001001010110110110101000010101010110000000010
1011000100111001000000001000001011001101110011001100000101001000000010
1011100101101010000000111110100011110111001111010111100110000000000010
1010101010011011010111101111001110010001110101011010111010011000000010
1010101000101111010010011110000000010010111101100100000011100000000010
1010000010101100011011010010001101100001010101000101010011010000000010
1011111100001110010001110010001111101001101101010111010111001000000010
1010010010101010101010110010100010001101101100000001111100010000000010
1010100100111101010010011110011100101100001101000011011011110000000010
1010101110110011010010011000100100001110010000101101010111000000000010
1011110111100011110111110100000111101111110001001110011101101000000010
1010010000010101110100111001011010111101001100110110011000111000000010
1010101110011010110000110111111011011110011001000101101010101000000010
1011110010110000001000010000110100111111001111111010111010010000000010
1011100010100011011110000000000010100001101110110110100011000000000010
1011101010011101110001000000001011110101010101010001011010100000000010
1011101100100100101101100100000010011001010101110111001000011000000010
1011111001110111101100000000001011110001101111100110101001010000000010
1011011110000100010001101111010110011011011100001010001010111000000010
1011101101110101000111100101101011100111100111011010110010110000000010
1011011101010101011100000100111110111110001100110110010101010000000010
1010110000011011000110000101010010100100101001110010010100110000000010
1010101100010001011011001111000001111010010110001111010110011000000010
1010111011011101111010111101100011110101010110001110100111000000000010
1011010000000110000111000101100010001100101010100000001101010000000010
1010110001011111011101000011101001111101001011101010101001111000000010
1011101001010011101111001011101101011011100111111101000101000000000010
1011110110011001111011101101000101110110010010110110101111110000000010
1011001011100010000101001101110000101110101001011010011101110000000010
1011010101000111001100110000011101100100001011010101001100101000000010
1010100000000001100110100010010000111000101110000001110110101000000010
1011010011100000000001110101010000110111010000110110110110010000000010
1011100000110001001101111110111111100000101110111101110101110000000010
1010000101001111001001000101111010101001001010001110011010101000000010
1010110101110100001011000000011010100001111000111001101011010000000010
1011000110100001000111011011100011101100010011111001000101011000000010
1011010001001001011110110101101100111100101011110011011001101000000010
1011111100010100101001010100010010101011000110111100001011110000000010
1010110000011111110001110111011101011011111000110000010111001000000010
1011100100001101001010100101100000001011101011010001111011010000000010
1010111110100110001011010011100100110001110000000101110110001000000010
1010011111000100101100111101010010110000001100111101111011011000000010
1010100000000111111101110110011111111111001100110000011011110000000010
1011101011010000000000101001010001001110110111010101001110111000000010
1010100001110110101101010010000011101010000110001011011101001000000010
1010010111100111000111100101100000100001011100110000010111111000000010
1010111010110111110111000011111010011111000001110011101111011000000010
1010101100110000011010101011010110001110110001100110000000010000000010
1010100001000101011010001000011000110000100111011010010011010000000010
1011100010010000010011001100100001111010111110101100011111010000000010
1010000100100110011100011000010110010001111010111110001111111000000010
1010101110001000110101100110100111000111000100110101000110011000000010
1010000111100101101101011010101011111111000111111111111110110000000010
1010111000100000011101000001000011011110000101011001010101110000000010
1010111101000100100000000010011001000000111100110010101101011000000010
1010000100100010000111011010101100000111101111100000110010111000000010
1011010111011001011010001010001011110011101101101110111100011000000010
1010110001001000010001110101110111110101101001000001010010100000000010
1011110101001100110000000011001000111011100110000110011111000000000010
1010011000101000100101100101010100110010010111100111111000010000000010
1011010010001010101000000001000110101000011011101111111111101000000010
1011001001001000000010001100111111011001111011111111011010110000000010
1010000110111110110000001101101001101111111101110001010100011000000010
1010001111111000000000010110001101010101110111010011001010101000000010
1010011101001010100001000000010011100011011000100011111011000000000010
1010011111000000000000001100011111110010101111000011111001101000000010
1011011000000100000001011001111000101010110111110101010010010000000010
1011001111101011001110010011000010100011110100011110010010110000000010
1010111111101001101000111111100110110111110101001001110100000000000010
1010011110010110010001110010110011000000001010101010010111100000000010
1011010100101110001111011011101001001000001111010001100101011000000010
1010011101111010000000100010000010000000110100111100001101010000000010
1010011101001110100000000110001111011100000101001110101111110000000010
1011011010110001111011011110011110110110111100011011111011101000000010
1011011000000100110001100001110110011001011110010001100011011000000010
1010101101101000101011000111011110101000111111100001001101110000000010
1010101001100110110001100001101000100001110111010110010011111000000010
1011001000001011111101000110101110100101001111100010001010011000000010
1011110001011101001001100101000011101100111011111101101010110000000010
1010000101101010101001001101110000100100100111001001001100101000000010
1010100000000001010010110001101011101100011111011101001000110000000010
1011001111110100001101001111011001100100111011111111001110001000000010
1011011001100010001011100000110001111001010110101001101000001000000010
1011011001000001101011001101001011000000011101001110110101010000000010
1011001100010010000000110100010000101110110101110001100111010000000010
1011010111110000010101110101101101111110111101000010011010000000000010
1011010000000000011110110111100101111011101001111101010100101000000010
1011010100000001000011011001001011000000001001101011110001110000000010
1010110000011100110010010001010011100001000110110100111010000000000010
1010111111000001111100110011100110111001100010000111001101010000000010
1011101001100100010000110111000111011011101001111000101100111000000010
1010001001111100001001101100100010111010001101001000010101110000000010
1010000011010110011010000000101101001010000000001111101110111000000010
1010111010100100010100100011110011101100011001001000111000000000000010
1010001111100011010010011000101110110000100010111111111001001000000010
1010010010000110001100001110000011000100001111000000101110000000000010
1011001010110110100011111010010010010001100111001110100010001000000010
1010000100110100010100110010010001001001101100110001101110111000000010
1010100001011001111000010100001000010101101100101100111101010000000010
1010100010100100110101100000000101111011001110001111111010101000000010
1011101111000011001101100100110011101001001110111110000001100000000010
1010000111010000000101100100010001101010010101000011011000111000000010
1011000000001101110000111101110001110110101100111001000001111000000010
1010101000100000101000110001111111101110001010011101101110011000000010
1011101111001011000101100000000101011001101110111010111010011000000010
1010100000010010111000101000001001001111111010011000110110001000000010
1010000110100111011010110011100001010011000111010101011011010000000010
1010101001001100001011110100011001111111001010111000111101101000000010
1011101001101111001111100010010011111010100010100100100010101000000010
1011001101110011001100111010110100111100111000110111110110101000000010
1010000100000110000110001111000110100010101101001100100011111000000010
1010000011100111000110001011110010011101000110110000001101011000000010
1010000100101111111000000010010001000000011001100110100110010000000010
1010110011010001001000010011100000011111101011011111101010001000000010
1011010011010110110010011001011111111000110001110010011011010000000010
1010111010100111100110100110101010100011011100111110101110011000000010
1011010110101100110001101011111011101101001011000100011100011000000010
1011000001100100111111000101111001000100100111001110101111001000000010
1011110100001011100011011101110010100100011011100101111111010000000010
1010110111011011000011111100100001000010101001101110000101111000000010
1011010100011001010000001111010110010011010100110001100111110000000010
1011101001011100110000010000110001100110110101110110100100011000000010
1010110001000110100111001010111110100111000111110111101111011000000010
1011011000111011010100111001011101110101101110101011011101010000000010
1011011100101110100100101011001000110011111011100011000100111000000010
1010000010010100111110000011100001101011000110111010001100001000000010
1011011011110001101100001001111110011001010010111100100111001000000010
1010111000001100101111100101110011110101011110101100101110110000000010
1010001000101111010101001111110011000111110101000011010001101000000010
1011100111011001111111101100101001100011110010101111100011101000000010
1010100010010110000010100011011011000101011001000111110110001000000010
1011001110101000000110000100010010111010111110100010001000010000000010
1010001010101101001010100001001010111100111111111101100101111000000010
1011011110010101100011001011111101011101010111010110011011000000000010
1011000010010111001100000111100111100111000010100011100111011000000010
1011010100100101100010100100011000000011010111110100001010000000000010
1011000010001010111000000001011010000111100110001000111000111000000010
1010001000010001000000100100001000001000001111011011010000000000000010
1010100111001111010101111110110000000000110100100000110110100000000010
1010100000001001011110100000111111000010101011011111100111000000000010
1010101110010101011011110010000110001101111111110110001001000000000010
1011001100000000001100101001110111000100101011000110011011010000000010
1010000011010010110000101011110001101000001001110000111011100000000010
1010001001000101011001000011011010011010110100101111001101011000000010
1011110011011001111100100010000111001000010001001111010111011000000010
1011101011110000000100001011011111111111001101101011100101100000000010
1011000010011000000110000001100111010111010000110011101110111000000010
1010010001101000000010111010110000111111010100111010101110011000000010
1010010011011010111110011001001111010011111011110101011100001000000010
1011100000101000101110100110100001111111010110110010111111111000000010
1010000101000001111001111101000010001110111001001111110010010000000010
1010001000100100101000001111101110011011000111000101100001001000000010
1011000001111000111010100100101101010111000011110100000011110000000010
1011000100110100100000000000110111000010111011010100010100100000000010
1011000001111100000011110101111011100101101110110011011011001000000010
1010001000101110101000111011010010011101000110111111111010011000000010
1010001010010101100010111100111111110010110000000110001100000000000010
1010101110110101110000010001010110001001011111110001011101011000000010
1011001101001010101011110101110111100110000111110110101111111000000010
1011100010001011110000000111110011101110011101100101110000110000000010
1010010110101111110101000000100011100011100001101010011000001000000010
1011100101110111101100110001010111111011110111100111110001011000000010
1011111101000000011001011110010101101011100001100101011101100000000010
1011101010010100100000110101000000110000111100110011010001101000000010
1010011101011000101001010001110110111110011111100101111010000000000010
1010010100001011000101011100010100111100001011000101100010011000000010
1011000010100110011111001010000101011011110111011100110100000000000010
1010110111001111100010010110011011110011011110000001010101101000000010
1010001000100010101100101111010010011111111110000110111111101000000010
1010000110011010011110000000011011101110001011011011110000100000000010
1011011000100101001101100100110100100010001101011001111101001000000010
1010011010110101010111011001100111110111011100110110010111011000000010
1010000011110101011010100010111101011011100110110101100001100000000010
1010111010110001110010000000101010010000001101010110111110011000000010
1010001100101000001011100001100110110110101010111000101111101000000010
1011100000011001000101110100000101011101111000111110000110110000000010
1011000001000100001000011100000011100101110110111010110110110000000010
1011011110100111010100001000100110110010110010110011011011001000000010
1010001000011010010000001001011000110101110111110011011011101000000010
1010010110000001011010110111100010000001011110000111100110010000000010
1010101010010011101110001000011010101011100110001101110000010000000010
1011000100000011100011001001011001100001100000010011010011011000000010
1010011100011000100001010110011111001100110000111110000000111000000010
1010101111010101100010100001001010011100010101100001010001011000000010
1011000111110010100100100010000111101010000011001111011011100000000010
1010100101100000110010111110001001101111001110110000110011110000000010
1010100001010000000000110001111111001011001000001110110010000000000010
1011000101010011100110000110010100000011000111111101101101101000000010
1011010000100010010100101010010001001000010110101100111100111000000010
1010000011100000111100100010000010000101000110111001110101100000000010
1010000010000001111100100000101110101111011111100100101011110000000010
1011000001100100100100101110111011011111011100101011000100000000000010
1011101000000101111111100001101111000101100000100100000011000000000010
1011011011111010111001100011010001110001011110110011010000111000000010
1011010011000101110101100000010111000011001011010111101011100000000010
1010110111111101001001111111001110000101011011010100000111110000000010
1011100011011111011101101010100010100110110110111001011011111000000010
1011100010101110101101100001011101100111101100111111011101011000000010
1011111101111100001111000010101111011000111011110110101110110000000010
1010100010011110011001010010011010111000111011110100000000011000000010
1011111111011101100001001100010011110110110111100011000101010000000010
1011111001100100000010000001000101110001011100001000110110011000000010
1011011101110100000001000010111101010111011110000110111001000000000010
1010000100101110010010010001111001010111100001111000110101011000000010
1010000100110100010000111001010001101001011010111111000110010000000010
1011010000110111110001010010011001100001000100111100110010010000000010
1011011010100000000110101111111001011010101100111110101111111000000010
1010001110101101100101000100000011111011111001010011100100100000000010
1011000010110010100011001011001111100011011010110000011100001000000010
1011100001010001110001101001000001111110001010101111111110100000000010
1011001110010100001010100101011110110010111111000111110101111000000010
1011000111000000100110000111011111010011001011111111111000101000000010
1010100011000000101011001100101101001011001000111101101000111000000010
1010001110010001000101100001100111010000101100011011101101111000000010
1010110001001110100100010111111101000011000010110111001000111000000010
1011001001000111101011100011111101001110111110011111100010000000000010
1011110000000110101001111100100101111100100011110011100101100000000010
1011101100111111100010101000001100110101100100011101101101000000000010
1010101001100011110011000111010101000001000101100010011010110000000010
1010101010001100111010101011000101100001001111111100111011111000000010
1011110100110101100100011100100010111101100010111001110001010000000010
1010001001000111111010100111100100010101100001010010100101010000000010
1010001001001001110111000001011001111100110111110100000101110000000010
1011111010101101011011101111111010010110010111101101101110110000000010
1011010000100100110010100000011011101111000111011111001010110000000010
1011100011010101011001000001010000010011111010011001110110010000000010
1010100001011000110100110111101001000111101111110101110001110000000010
1010100111011110101110001111101101111000110101101010011110101000000010
1011110101100001010100101000000100000000101001010010011011001000000010
1010111101111101001111010100100010010010001110110111110010001000000010
1011100111010111111001001110010001101101110111110011010011000000000010
1010000011100100010100101000010011101100100010111001111001101000000010
1011110101110011001001010001000110011101010100011000001100001000000010
1011000100001101001011110100000011010100000000110011100000011000000010
1010101000011111010001111001100001110001010111001001010100110000000010
1010010110000110100000100000111011111100101111110010010101001000000010
1010000010010000000001001111111001011111110101011110000001011000000010
1010000001110110010000000011111111111101110101111001100101110000000010
1010100001010100010100001101010001000011110101011110011001110000000010
1010111011011110110001100001101011110110000101011010100011110000000010
1011010110010011000011100001110111101110100000011011111110001000000010
1010000001000101010001000111110101101001011111001000101010110000000010
1010111011001000010011100011110011100111101111011011110010111000000010
1010110011011001111000100101001111111111110110000111011101111000000010
1010111010011001111000100000111011111001000001110111111010011000000010
1010010000101101101001100101001011000001111101101001101100011000000010
1011011010000111010011011000000011111111010111010111011011001000000010
1011101100100010100011000011000010100001101000010011100100011000000010
1011101001010101100100110001010011100110000001110110001001111000000010
1010010011101100000000001001000011111110101111110000000100110000000010
1010100111110100011111001011001010000000010000010000111101011000000010
1011100000001000001000101001011100100011010111100111101101111000000010
1011001000001110010111000111001001101011111111101101111011111000000010
1011111011001101100001000001101110110010110101111110010110101000000010
1010010101010000010000100100010111011101010001111101110011011000000010
1010100010101000011011100000111000001100110110000110110111100000000010
1011011011010000010011110111010101000000000000000000000000000000000010
1010110111110110100110010001110010000010010001111111101001110000000010
1010001100110001011001110110111111000010100100100001111111000000000010
1010100111001100110111001110101011001010111010111110100000101000000010
1010110010000011000101111000101101101010001110011100011110010000000010
1010110011000100001110100100001000010100101100111000011011101000000010
1010111100010010111000010100001000100101101001100100001101011000000010
1011000111000100110001010011000100110010101110110101011101011000000010
1010101001011110011001111001011101010110111010110001000101101000000010
1010100000110100011010001001011100110101011111110111111110000000000010
1011111011010011010010011100110110011001000000010110111101101000000010
1010000101101010110100010000001110110000111000111010011001110000000010
1011101001100010101100000101010100110101110001111011111111001000000010
1010011000110101100110010000010001101101111101000111101011100000000010
1010010010110101010111100001101001111000111110100001111101001000000010
1011110010011110110010010001101011100011111010000010011111111000000010
1011001010000100101100000100101011011000110101010011010100011000000010
1011111001100000000000001001010100001001101110100110110001000000000010
1010000010000000001010001000000110001110010011011000110000110000000010
1011100010010011010101111010101111001111100001011101111001110000000010
1011011101011010001000001000001010011101101101010101110010110000000010
1011110010110010011101110110010010111000110000111101111111011000000010
1010000000111110000001110000100111110110100000011110000110101000000010
1010111001010101000000000000110011001111011111011100100010011000000010
1011010110010100000111101000101011011011111101010111111110110000000010
1011000101100100100100000010111111001100111101110110111111110000000010
1011010011010001000011000001101111000111100000011111001011101000000010
1010100010110000011101011000111011001001001000010011100100100000000010
1011101001111000011000000001100010111001111111011101111110000000000010
1011011000101101111000111000110100100001011101111111111111101000000010
1010001000011011100101001001110101111111000011111101100111110000000010
1011010010101001010101101000000110000011010000011000101101010000000010
1011100011001010011001000011111111100101100010111101100110010000000010
1010011001000010010000001100001100110111110100111010001010110000000010
1010101000100110000100001010000110100011101010001001000001101000000010
1011100100011000100000111101100010111011001101111000000101110000000010
1011000000001000000011100011110110101110011001110100110111110000000010
1010111011001000010001001100111111011111011110110010001110101000000010
1010010001010110010111101110100111110101101110010011110001100000000010
1010111101010000111010110100110011001110010110010100101011011000000010
1010010000001111001010000100001011011010100101100111011010101000000010
1010101111010110010100011110000100110111010011010010000011111000000010
1011101101010110100010010101111111110111000001001101101011010000000010
1011001100010010001110111101100100101101011001010111111011111000000010
1010010010001101101000101010101000011111000100011111011110100000000010
1011101011111001101100110100000011010011010011110000000011111000000010
1010000111010110100101010000000101110110000001011010010001011000000010
1010000100010000000100101111011001111010001110011000111011011000000010
1011111100010100001100110110111010111111100000011110011001101000000010
1011100011111011011110010000001010111000101001111111010010110000000010
1010010000011101000101000010000110011000010101011100000001010000000010
1010100011100010110001001111101110101100110110110110101001000000000010
1011001100110000001100000110110111110111011011100001011000101000000010
1011011010100101010000110001010001101000101001011110111111000000000010
1010001001000000010111001011100010011000100001000100010100000000000010
1010001001110011001000100001100110110110001000100010001111110000000010
1010001101011011001001001000010000100001011010111110110100000000000010
1011001001100110010000001011100010101001000000111101011100010000000010
1010110110100110110011000110010011111001011100010100010010100000000010
1011101010101110000001000001010011110110110010011010000001110000000010
1011000101101010100100001110111110010110101011001100111110101000000010
1010011001100001001000111110010010111101111010000101101100011000000010
1010101011010001010001100100111010110011111011100110010101010000000010
1011011111101011000001010010000110110011110010110001100001000000000010
1010000101101010101100001111011001010111110111111001011111010000000010
1010000011101000011000111010101010111110111011110011110010010000000010
1010101010101010110000110101101100010100101111001110000011101000000010
1010001111001111001111100001001000110011110001011101011111011000000010
1010100011100001100010001010010100110110100011111001001110111000000010
1011010000011011111011100010101001011111000010101001110101011000000010
1010000101101100011010001010101110110010101011010101100111111000000010
1010001100000100001110010010100001111101110110111111000001001000000010
1010000101011000100110100100000111111010101010110111101011011000000010
1011010000011000010100001000101110011101101100110000001110100000000010
1010110011100000101001011101101001000001011010011001110010110000000010
1010001111111111010100010100000010110111110000101010110011101000000010
1011011000011010101010000001101111111101010111111111011101111000000010
1011010101100101100101100110000000110111111100011001001011011000000010
1011101001000111100011000000000001001000001010100010000011011000000010
1011011000010001110001000010011000001100110000100101111010110000000010
1010101011100000000111000110111001100101011111100111101111110000000010
1010010110100100110101001100000001101101010100001100011000011000000010
1010000101001101101001110101000100110101110110000101100111110000000010
1010011111000001001011001000010100111001000000100101001011111000000010
1010110010100110000000000000111011101111010011110110101000001000000010
1010101001000101001010111000001010111110111011101011001110110000000010
1010110010101011000010001001101011011110110110101110000101101000000010
1010110101110010001010101111100011110101000110111111011111101000000010
1010001001100110111101100111010010110100110100101101011110101000000010
1010001001000100100000011001000000001110101111000000011010101000000010
1010010011001111111110101000101100000100111111010010101100110000000010
1010010101010000000000110111010001111111111111110101100001111000000010
1010010001111100100010100010100010101111110110010000011100010000000010
1010100011000110100100010001001100111110001110100101101100010000000010
1011011100100100110111110001001011000111111101001001000100100000000010
1011110100010101100100100010010011110101110010110000111010111000000010
1010101110101111000010001010110111001111101011011000101011100000000010
1010001110001100100100010110110110010110010100110001101001000000000010
1010001001010110101010000111000001101111100111000101110110100000000010
1011110001001001100001000010110001011101011111110011000011100000000010
1010001010101110110110001010101100110011001110011111010011111000000010
1010101100101101101001011101101100011100110101110100101110000000000010
1011000000000101111001011110010001010111111011010011100010011000000010
1010001010111000010111101110010010011001010101011111001100101000000010
1010010001011010101010111111010011110011100001110010100111101000000010
1011010110000101001001010000100111111110111001001100101101010000000010
1010100010100111110011010011011011111101010011100110100000000000000010
1010011110000101110001110100100011110011010010100010100110100000000010
1010000110110011010001101011100010100001101011011101101110111000000010
1010001010100000000011000001110111110001010101100101011111001000000010
1011001000000011101100111000111101010100011000101100100100110000000010
1010101011100101000110010110110000110000100110001100111010100000000010
1011000000001111000000001010110001011001010111111010001111111000000010
1010010111100011101001011000100001101110011111010011111111011000000010
1010101000001100101101011001101110011011111110101001111100110000000010
1011101000110010101100000001011110111100000111111000010001100000000010
1011101111001010100001110011101100101001101100110110100111000000000010
1010001100110001101000110100101101000110111011101011100101110000000010
1010011010000001010001000001001111001001001111111100101011011000000010
1010010100000100110011010111110101001110111000010010101011100000000010
1011001001110001010000111001110000101101100111000010000110111000000010
1011000010010011010100011000111000110011011110101000110101111000000010
1010011001000010011000010100001011101100111111100011101010001000000010
1011011000111001001001001110001010011110011100110110011011100000000010
1010010111001010011110001100000011100000010100011011001010111000000010
1010000110110000100000101011011100001000100000101100000011111000000010
1010000010111111000111010000010011011010111100111111100011111000000010
1011000100011000000110010000110110110111110110100110001100011000000010
1010010110011101010110001110101011111111100101010100000100000000000010
1011110010010000010000011101100100001111000111110100001100100000000010
1010001011000101001000010000100010001000101110101110101110110000000010
1010011001110110100010100110100101110010000100011011111111000000000010
1010010000001000100110100100000101011100101111010101111000011000000010
1011111011111001101001110011110101001011010111011101011111010000000010
1010101010010101101100100010110010010110100100101111101100000000000010
1011001001000101000000000010100011011000000111010110111111100000000010
1011000100001000111111110000100011111101110101000010011100010000000010
1010110001001111100010110011010110001010100011010000111010001000000010
1011111011011010000100010011010000100000011111110101000110110000000010
1010011011010101000010000110001100110000110110000111100010010000000010
1011100100110001110001010100101001001100111110100110000101110000000010
1010001011100000000000101011000100110001000101010100011001011000000010
1010111111010001000000100111111001111101001010101100000110011000000010
1010100111111011000000011110001010110001101101001110101100000000000010
1010110110001110100011111000111001010110000000110110010001110000000010
1010001111010010110010111010110110111100000101111010110111101000000010
1010000011011001000110011100101011100100110001010101101000011000000010
1010000101100111011000001010111001000001000111011111001101010000000010
1011110100011000111101010100101101001000101100101001001011111000000010
1011001100010110010110111011100101101010000100011000100111100000000010
1010001010101111001100011000110001101111111101001100111000111000000010
1011101101011000000101110000000000011001110111100010011000001000000010
1010001000000010001001110010011100111111100011111010101110111000000010
1010100111110101100001001100111011100111111110000110101111100000000010
1010000100010111100011101001010101010010111101101000001000011000000010
1010011001110101100010110001100000101111000111001011000101111000000010
1010001010001000011000010001111010011111101111011001010010011000000010
1010011001101000010001110000011111111001010100011010101010111000000010
1010101101010011110010111000010010110111101110000010111100010000000010
1011000000110001110001011001110100011111101000101100101000011000000010
1010010000001000001001111010010101001001101101111111110110101000000010
1011011101000110110010001000000001010001001001101111111101110000000010
1010101011001111000011110000011110010011111011000001000111010000000010
1010110001000001110101101101101110011011011001010111100111111000000010
1011000010000000110111010000000001100000100001000110111111000000000010
1010000011001100110000100100111101000101100111000010000101110000000010
1010111011101000100000111110000010111100111011001010110111101000000010
1011100111111111101000100010010001111011010001000100000101011000000010
1011100000000011000001100101010111101111111110111001101011111000000010
1011111111010110011011100000001010100111100010111010011000100000000010
1010101001110101100101101100000001001001111100110111001111011000000010
1011011010000100000010001000111011000100010000000110111100000000000010
1011100010000110011010111001100001110101001010110111011001101000000010
1011001100111100001110100000011110010011101001111111011111111000000010
1010111000011000110011001000110111000101010111111010111000111000000010
1011010000010010001001011000100110011101011101111011110100010000000010
1011001011010100010111110000000000001001011111010011011001111000000010
1010100010111101110010100010100000010110110000011101101111000000000010
1011000100001110000110011100011010110100100011101101011110000000000010
1010110110110001001110100101110010011011101100110101011010110000000010
1010101010010100011110011000101011001100010101010011111010101000000010
1010100000001110000000010011110010100000101001010011101001000000000010
1011111110101000001010110010001001100010110010111000110101011000000010
1010011101100101110110001010100001010101001100001010010111101000000010
1010101110001100101111000110010111100011111111001111111011110000000010
1011101000011000001111010010000011110110101010010100000110010000000010
1011010100101110011101010010111101000101111101010101000111011000000010
1011111001100001110111001001001011100110101010010111110001011000000010
1011100001100011001000110000100011001010101001110100101010100000000010
1011010100001010011100010010111110111011111010011010100101101000000010
1011000101110011001010110010010111101011011100100111100101010000000010
1011011101100000000101001000001111101110101110011101010101011000000010
1011111000100110101110001000111111010111101101011010010011101000000010
1010000000100001001001010101001010110000100000000101011000000000000010
1011101001110010010010100110011011101001111100011000111001001000000010
1010011001101110000001101000101000001111011001100000011111101000000010
1010110001100011001011010000101110110011111111101010000110000000000010
1011011001110000000101100011010111111001101011110000001010111000000010
1011100100011000010100101010000111101101010000111111001010001000000010
1011011011101000100001100111010111101010100001010011010111101000000010
1011101000110010000001010111011000100100011111000010111110010000000010
1011100000010000011010111000100111101101000000100110010100001000000010
1011101111011010000101010000011010101110100011001010001010101000000010
1010011010000010100100000001011001111010111011111011011101110000000010
1010111011010100000001100010101011000010011111100100011100011000000010
1010001000111010010001101011011000100011000000110111000001111000000010
1011111010010000000000011001010111101001100111110011011110001000000010
1011000111001010011010111011111101010111000001101111011111110000000010
1010011000000100001001011110000111001001111000101001111001000000000010
1011111001010000000010110010001000110111000000110111000111111000000010
1010010010110010110111110001011010110010101111010100011111010000000010
1011010101111100101010000000100010110110111110010101011100111000000010
1011000010011000101001011111100110001001110100000111101000100000000010
1011100101010010001011111101000000011100111111001000110111101000000010
1011011100010100101011110010011011010010101111010111000100010000000010
1010000111001100100101001011100010010001011010100010011111111000000010
1010000000110001000010001010000100111001011110110011111000110000000010
1010010101010111001011110100010101011011111011100000011101001000000010
1010100100010010111001100110111001101000000101110000000101100000000010
1010011010000010110011110011000011111101111001111011111101010000000010
1010000110111110000111001010100001100001000110011100110100001000000010
1010111101100101111011010001010010110100111101111000010001001000000010
1011100001011101101001001011000001111000101110110110100111111000000010
1011011110001010010111111010000001100001010111101011001101010000000010
1010110100001101010001010111011110010001011100001101011010011000000010
1010110111000111110111010011001010101111011100010101111011011000000010
1011100000100000100001111100000001101111100111111100000001010000000010
1010000011101110110011100111001000011011011111011111000010010000000010
1011000000100000110110010111000000011010100111111100010101101000000010
1010101100001111111010010011011000101100111010111111110010111000000010
1010001000000011000000100000000111011100000000011001011001110000000010
1010011110100001011001101000011110001111010101111101010101010000000010
1010101001000111001000000111001001110010010110101100111001011000000010
1011001100100000100100000110100000001110011010110011001000110000000010
1010110000000001000100000110110101010000110011001100001000101000000010
1010110000110011100110000000010011111110010111100101111010010000000010
1010111110110011001000100110100101010100111001010010010101010000000010
1011100110010000010111001000101001111011110110101111110111101000000010
1010111001111110001010000010111010100011110000000111010010000000000010
1010101000010001001010001001010001101011100110000001011111110000000010
1011101111111010011010010010001001011100010010100011101111000000000010
1011100100011110000001011010010011101110101101110010000010111000000010
1010111101100100100010001100010111101111110100010000111101101000000010
1010101010100000111001001011001001110000011110100111111011011000000010
1010101010010011001010100011101000000000000011011111101111010000000010
1010000000101110100000110100010111111110110100001101010111001000000010
1010000111011010010110011101100000010110010111011011001010111000000010
1010001010010110110101001110000000011001110100111010100010011000000010
1010111011011111100001101111010010110010111111101011110101111000000010
1011001011110000110110110100000100001000001000111111001101011000000010
1011101010100110111100011101011010101010000011011011111101011000000010
1010101000001100110000000011100011010001100000101110110010111000000010
1011110100001000000001101100010100010011011110011110110011011000000010
1010000010010100000000110100000010001111100100111110001111110000000010
1010110000111000010100001100101010100101001010011100011000011000000010
1010001001000100010010101000000110101111101101010111011001010000000010
1010000100001001001111011101101100101001010000001010111111111000000010
1010000000111000001011000010001100101000111100111111110101110000000010
1010001110111111001101101100010101101101110011010100110001110000000010
1010110010111010001011010101001101101110111010111001000101110000000010
1010011111010010100001111111000000000100100011101010110110111000000010
1010000101010010100010110110010101110011101111100110110100101000000010
1010000110000101010011100100000101100010000110001111101010111000000010
1010000100100000001010110101101010001111110110100010100011101000000010
1011110011110011011011100101010101101011000110011010011001101000000010
1011000101001001010100000101001101010111101010110000101100001000000010
1010110100100101010111101110110111100011111110111101011101110000000010
1010100100001010001110010110101011011101010010111111001010110000000010
1011100101001011000010000010110011011111001010110010011011000000000010
1010010011001000110010000111110011100100001101100011011001110000000010
1010000101100110110101011000100100110010000000010110110100011000000010
1010011001010101001011010000000011011010001011011010100101110000000010
1011110011000100100010111000101100101111111000100111101001001000000010
1011010111011000000010000011110011000000011100101101001100010000000010
1011010100000101011011001010010010010011000101111100011111111000000010
1010100001011100100001000000011011101000010011011100101000111000000010
1010110101011011111011011010000111001010110110000000011001110000000010
1011101010001010000101101000001001010110101101110001000011001000000010
1011000010001000001010001100110000101011010100010001101001100000000010
1010000111100111110111001000001010111000111001010110011010110000000010
1010010001000011100101110101000100011000011100001010001110001000000010
1011100000010100001101001001001101011010110100011110000110001000000010
1010000011101110100110110011000001010011110001000100000011111000000010
1010010101110111010101010010100111101010000011111111010100111000000010
1010010010001010000100111010100011011001111010111111100010011000000010
1010000000011000111011010101100101001100001101111111111110110000000010
1010000010000100010110000010000010010011000110011100000010110000000010
