1010110001011000100000011011001000010010100010000100011100010101110010
1010010000011100101110010000001110001100111101011000010111101100010010
1010111000111011010001011010100000110010101010001001100011010100101010
1010010010110000011000011010011000001100100101101100001100000011101010
1010100001100100011111010110011110101100111110000111111100100000111010
1011110010100100001111011100110111111010111001100111011010001000010010
1010110100100000100011111111001111111000011111111110110110111011111010
1010111110110001111010100100000110100101111100101010000101001110111010
1010100100000000000111111011000111010010110111110010011100111010100010
1011010000100110101011110101011111000001011001110100001000001001001010
1011011001111011001101101101011011001000011011110100000010111001101010
1011110000100101100100100100010101010001010010001111000110001001111010
1011001110010001000111101111111011100000100101110001101110100100011010
1011011010110001101110010100111110011100011011111111001000000110011010
1011100101000000101111111010011001111111000010111100010011100101100010
1011100000111010101011111001000101100010011101111001001110001001100010
1011101100000010111101111110100100000101110010100110111101100010000010
1011101000110000011000000010010001111111000101000011110001010000000010
1011011110011000000000100000100011011100001011101001001010110111100010
1010011111010010101011000011001010110010001010011011000101011000100010
1011101010110001110101001100011000011001110110101110111101000110100010
1011110010111001011101010100111101011010100010001010000000010011101010
1011100101000101100000001111101111010111101010001000001010001110011010
1010000010111100001101010110001110010100000001101001111111100001100010
1011100110000001110100101101101000001101111110110000001000101111011010
1010011101111100011001000110000110110100111101011010110111100010110010
1010101000001100100011100100100111010110110111011001001010011000101010
1010011010111101001010101110000000011011000100001011000010011111010010
1011110010010010111110111010010000111111011101101110101000000001001010
1010011011101110100110101110110100001010001111010111000110101001010010
1011000011010011000000010001001100100010111101111101001001001010111010
1010010111110110110100110110101001110010010101111110001101110011101010
1011110110111100000010101011110000010100111010001110010110100000100010
1011001111110110010010000011100100001110010001001101101101000101110010
1010010001001111000110000101011001000001011110011011111110101110100010
1011000001111111000110100110001111110001000000010110101101010011011010
1010001100000110001010110010010111101011011001001110110111010010000010
1011001011100101111111111111000100000110000100000100100110011111100010
1010000011101000001101010011100100101110011010110111010010001110011010
1011001100101011111110100011111100100010100111001010111010101001101010
1011010100001001011110010101110101100010011111110100010101101100111010
1011101111101101010011011111000111101101000000100011010010001110011010
1011000111000101100000010000000111010101111110000111010101101111011010
1011011010011011110110111000110101001000110101001000100000100100001010
1011011101011011100110110010011110001100111011010100001100111110111010
1010111111110001110100011110010011011100110000001000001111000011000010
1011010010011110111000010010011000011011101111111111000110110010011010
1010101011101000101110011111011100111100001011101000101001110110101010
1010001000111111101001001000010100101011010011111111101011101010111010
1010110111110100101100000111101111011000010001000111100110000000001010
1010110100000001000000000101010101011111101000001110110100011000011010
1010101110111001100110110001111000100011010001011101110011111001011010
1011111000011101101111101001110010010100010000111011101111100110101010
1011111101110001100010100100010010100111000100111000011101010001100010
1010110000110100010010011001110001001011111000000111001110110101011010
1010001100001010100001110011000011101100011011111110011001110011101010
1011001001001110000011001101111111100100010101010100111110100101101010
1010010111100011101010100001000011001111000101000110111111000010010010
1011010011111111110000000101100011000000100101111011100111010101011010
1010010110111110111001001010100100111001100001000000001011010000001010
1010110000000100000111000101110000001111000001010001110110100011100010
1010011000100110011110001001011000000100101000010100100110010000000010
1011000010110101111101000001000100110111100000000101100111000110010010
1011100101011000111010000011101001010111000001010010010100000000001010
1011011000000100011110000001101000000111111001111010000001010100001010
1011010110001100100001010110010010001000000101000101001100010010000010
1011101111010011010010000000011001011110010001001011001010011001100010
1010100101011000110010110000101011000000110000101000100110101111110010
1010011001100010101001100001101000101111010000111011000001001111100010
1011111001001000110100001010000010111001001001000000101000111101010010
1011001101001011000000101010101011001110001011001001011010010101111010
1010101011110010111010011011110011110010011010111100001001101101001010
1011110111101001000100011101101000101110011001101111110111011111101010
1010000110000111110110100001100011101010011011010110000101110001100010
1010011001101000101000010100001010100011011000010010000010010110111010
1010011011000000001000000100110101111100010000001101110101010111001010
1010111100001110101000011000100100010111010101011101111101011111001010
1010000001011100111011010111010000111101001100011011100000110010100010
1010101011111100111101011001101011110111111111101110100110101110101010
1011111011010001010110011001010101110010011000010101000101101010111010
1011100101111101001011001001001011110110110110101101011100001001010010
1010101000111100100111101110110010111001011001010010100010110111001010
1011100000100101011111011110000001011010100101010101100111101110010010
1010111011111001101000001001001001101110111001100110111001000100111010
1011100010011101011111011000001111100100111010011011011111110011010010
1011001010011100110101010110010011100101001110110000101011000111001010
1010101011000111011011101010101010110111100101011110110001101010100010
1010100101101010011001011011111111110001001011100000001001111001011010
1011010000100001100001010101001110101100111010111001010101010010100010
1011111111110011101101101011110010000000101010000110101010001010010010
1011101100110011110010000001100111001101011110111011111000100000101010
1011000001100000110111000010100101101100111010011001011011110101001010
1011000001101010011011100001010110000001011000010111101011000001111010
1011100111101111100001110111101100000000100111010110101100010010000010
1010011001100000011110001111101000101001001001100010110110000111100010
1011000111101000011111011110011001000010011010010010001111001011000010
1010000000011111000111000111011001110001010000101100001111000110001010
1011101010101011111011010001101010111010111101100000001010110010001010
1011010101010001100111101110100010001000100000001111101111001101110010
1011000011100000100101001100100111000101101100000111000101011100000010
1011100010010111111101110000010111100101000011111001101010100011110010
1010010111111101011101011111010111011000011000010000001100110101000010
1011111101101000001000100010110011010000100001011000010111001000000010
1011010100010000111010010010111001001101100111010100001101010000000010
1011011111000101001000011111000101111111111101001111101001100010000010
1010001010100010110110111000111110101100101011110001011000011111100010
1011111100111000111011101000101110010000101011111100011010111010110010
1011011101000100100100100011101010000101000100010001101000100000111010
1011001111011101111000100000011000111100111101011011011011100010110010
1011100101100100001001110100101010000110011100110010000011101001011010
1011111111000111010000010111100010110111010001011011111111101000110010
1010111110010011111111100011000111100110100101111011101101011111111010
1011010001001101000110011000011101111100101111111000100101110110111010
1010010100010100100110100101101010011000011110011000100111111011110010
1010100100100001110001000000011011100111111100101011010110100010101010
1011111011101110001100011010011110010100110011000101011010001010111010
1011101010000111110000110101001010110101101001100001100100110101010010
1010011000010011111011001101100110001010001010000000011000000111011010
1010000100110110111100010000100001101100001011011101110000101010101010
1010111101100011100100000011111110110101110011101100100011010001110010
1010001101110010100100111001111001010011000110000100000110101101110010
1010001001000100100000010101001101000000011100101100000010001010011010
1010110110100111011100011100000011110111111111010010000111101110100010
1010101101001011000010101100111000001000011110000011100000011010010010
1010101011100010010000101000000101001101010010011010111111000110010010
1010011001010010000100110011000000000000100111000101101011001101111010
1010111000001001001101000010001011110001111110111101010000000000010010
1010000001111001001011001000010100001000001100011110111000111001011010
