1011111001000100011100010001110001100000000000000000000000000000000010
1010110100100100100010000111011010100000000000000000000000000000000010
1011111110010111011010011010001011100000000000000000000000000000000010
1011011001010010001110011111110100100000000000000000000000000000000010
1011111110101001001011111010011101000000000000000000000000000000000010
1010110100000010010000011000011100100000000000000000000000000000000010
1010111011100000011011111001111111100000000000000000000000000000000010
1010011111001000000011011010010101000000000000000000000000000000000010
1011111100000000100100111010110000100000000000000000000000000000000010
1011000100011010011000111000111011100000000000000000000000000000000010
1010001011101101011011111101011101100000000000000000000000000000000010
1010011111010011001011101010100001100000000000000000000000000000000010
1011101111000010100111101000001100100000000000000000000000000000000010
1010001110110011011110100110101111100000000000000000000000000000000010
1011100010000010000111101010111101100000000000000000000000000000000010
1010110000011110011111110111101110100000000000000000000000000000000010
1010000101011011001001111110010101100000000000000000000000000000000010
1010011011000111000111001011111111000000000000000000000000000000000010
1011110100001101101100111110000111100000000000000000000000000000000010
1010100001100000010111101010010101100000000000000000000000000000000010
1010100011111010111111101111011111100000000000000000000000000000000010
1010100000101001111110111000111110100000000000000000000000000000000010
1011001001101000011101010101111011000000000000000000000000000000000010
1010011100000110110000101010001110100000000000000000000000000000000010
1010010111101010111100100111100000000000000000000000000000000000000010
1011111100111001110100111100010000100000000000000000000000000000000010
1011000100011100010101100010111110000000000000000000000000000000000010
1010000100100000100110101011101011100000000000000000000000000000000010
1011101011000010001010101100001001000000000000000000000000000000000010
1010111010111011111000111000101111000000000000000000000000000000000010
1010110111111110011100011101101000000000000000000000000000000000000010
1010100010000000001111000110110110100000000000000000000000000000000010
1010000101000101001100010111111001100000000000000000000000000000000010
1010101110001101110100010011111110100000000000000000000000000000000010
1011100000011000010101011100001000000000000000000000000000000000000010
1010110110101110101110101110010110100000000000000000000000000000000010
1011001111111000110101011011110100000000000000000000000000000000000010
1010010011110000010111110101110100000000000000000000000000000000000010
1010111001111011010101111110100010000000000000000000000000000000000010
1010001100101100000010101001010010000000000000000000000000000000000010
1011110010010000110010000011110111000000000000000000000000000000000010
1010000101011110100111101001010100000000000000000000000000000000000010
1011001110111010100010001000000000100000000000000000000000000000000010
1010100110110001001101011010001001100000000000000000000000000000000010
1011100100000101010111001100000000000000000000000000000000000000000010
1010100000111101001010100100111100100000000000000000000000000000000010
1010100000011111010100001011111110100000000000000000000000000000000010
1010100000000001000111001110010101100000000000000000000000000000000010
1010010100011101000010001101110000100000000000000000000000000000000010
1010111001100111101011010110010110100000000000000000000000000000000010
1011000100001011011100000111010111100000000000000000000000000000000010
1011110000001111101111001110011001100000000000000000000000000000000010
1011001001000010101010100111010100000000000000000000000000000000000010
1011011110111101101111101110101010000000000000000000000000000000000010
1010100000101011111001001110010111100000000000000000000000000000000010
1011110001101110001110010011001101000000000000000000000000000000000010
1010100001010110011010010001111000000000000000000000000000000000000010
1011000111001111000100111011101000100000000000000000000000000000000010
1011101101000010100101010100010110000000000000000000000000000000000010
1010000010000111011001011110011100000000000000000000000000000000000010
1011010000100010111110001001110011000000000000000000000000000000000010
1011000101010011101001101011101100000000000000000000000000000000000010
1010110000001000001001110100101011000000000000000000000000000000000010
1010000011010010000101000110010010100000000000000000000000000000000010
1011000000000101001101101110000101100000000000000000000000000000000010
1010000001001011110111101010111110000000000000000000000000000000000010
1010001001001111001100110100011111000000000000000000000000000000000010
1011100110000110001011001111010111100000000000000000000000000000000010
1011001011100100011001100110010000100000000000000000000000000000000010
1011001100000010001111000101110000000000000000000000000000000000000010
1011100000110110011001100100101011100000000000000000000000000000000010
1010101000010110000001100011100110100000000000000000000000000000000010
1011011100010011101011111001100100100000000000000000000000000000000010
1010010001010001001001011110011000000000000000000000000000000000000010
1010101011101100101010110100101001100000000000000000000000000000000010
1011000010001100100001110011000011000000000000000000000000000000000010
1011110100011110000010010001111111100000000000000000000000000000000010
1011010100010001001111100011011010000000000000000000000000000000000010
1010001110011000101111101101110011000000000000000000000000000000000010
1011111101000010000011111000111100100000000000000000000000000000000010
1011111000011110001100100101110000100000000000000000000000000000000010
1011010010000101011101110101100011000000000000000000000000000000000010
1010000110110110011001101111111110100000000000000000000000000000000010
1011010010010011011110011100101111100000000000000000000000000000000010
1010001010010110110100101000111110100000000000000000000000000000000010
1010011000010011001101011110101101000000000000000000000000000000000010
1010100001100001101100010101100100100000000000000000000000000000000010
1010011000010010101100001100100111100000000000000000000000000000000010
1010010100001010101001101111100101000000000000000000000000000000000010
1010100000010011101110111011010101000000000000000000000000000000000010
1011101010001100000010100010101110000000000000000000000000000000000010
1011101010001111001110110100010111100000000000000000000000000000000010
1010100100010000000101010100000001100000000000000000000000000000000010
1011110000110100001100100111001011000000000000000000000000000000000010
1010101101100111011010111101101000100000000000000000000000000000000010
1010010000111111001011110101010110000000000000000000000000000000000010
1010110010011001001000010001011111100000000000000000000000000000000010
1010110010000001000100111101110010100000000000000000000000000000000010
1011010110100110000001011111011000100000000000000000000000000000000010
1011101100010000000001000111001011000000000000000000000000000000000010
1011100000111010001010011111100010100000000000000000000000000000000010
1011000110111000011110111101101101000000000000000000000000000000000010
1011101010010000000110101011010000100000000000000000000000000000000010
1011100100011110110101011111011110100000000000000000000000000000000010
1011100001010000100110110011101100000000000000000000000000000000000010
1010011101000011001010111100010111000000000000000000000000000000000010
1011100010111111010010111111111000000000000000000000000000000000000010
1010000000100001111100101111010010000000000000000000000000000000000010
1011000100010011011011011111011011000000000000000000000000000000000010
1011011001000100000101110110110000100000000000000000000000000000000010
1010100100000011000111111100101011000000000000000000000000000000000010
1011111111011101010100111000101011100000000000000000000000000000000010
1010010000110111011111111010011010100000000000000000000000000000000010
1011111000110000110101110000001111100000000000000000000000000000000010
1011100010111010011011111010111101000000000000000000000000000000000010
1010100110001101110001001100101010100000000000000000000000000000000010
1010000100010110001101110010010000000000000000000000000000000000000010
1010101000011100000010100100101101000000000000000000000000000000000010
1010110100010000111100011011010101100000000000000000000000000000000010
1011101000000011111001111100001100000000000000000000000000000000000010
1011000101010010000010011101111001000000000000000000000000000000000010
1010000011110001000000100111000011000000000000000000000000000000000010
1010010110001111011101110100101000100000000000000000000000000000000010
1011010110101000001010100111011101000000000000000000000000000000000010
1010000100011000110010000101111011000000000000000000000000000000000010
1010101001111010000001000101110111100000000000000000000000000000000010
1010010101101100000110110110101111100000000000000000000000000000000010
1011101010000110000110101111011001000000000000000000000000000000000010
1011000100011011000111101011101111100000000000000000000000000000000010
1011010010010001001100010010010011000000000000000000000000000000000010
1011101010110100110110110000001100100000000000000000000000000000000010
1010110010010010000111001101111111000000000000000000000000000000000010
1010001111000101001001110011011110100000000000000000000000000000000010
1011011001011100101001111001010011100000000000000000000000000000000010
1010011011010000101100101110001011000000000000000000000000000000000010
1011001010011001010101101011000110100000000000000000000000000000000010
1011101100001100111111111110000100000000000000000000000000000000000010
1010010111001110101101111000011111000000000000000000000000000000000010
1011001011011000100110101011011110000000000000000000000000000000000010
1011011111010100110011110001110101100000000000000000000000000000000010
1010000100001101000000100000011011000000000000000000000000000000000010
1011000110010110100111001110101100000000000000000000000000000000000010
1010011010110010101111100110101011000000000000000000000000000000000010
1010010100111010010111100101111101000000000000000000000000000000000010
1010001010011100000110011101011011100000000000000000000000000000000010
1011100010100011010101011111111011100000000000000000000000000000000010
1010110100100010011111000001001001100000000000000000000000000000000010
1011001001010000110110110111010000000000000000000000000000000000000010
1010000000001011000110111101111100100000000000000000000000000000000010
1010101010000001101111011110011111100000000000000000000000000000000010
1010011000010110000000010000111111100000000000000000000000000000000010
1010100000011000011101000011100010100000000000000000000000000000000010
1010000100101110010011100000100011000000000000000000000000000000000010
1011000010100010010011001010110111100000000000000000000000000000000010
1011001111010100101011010011011011100000000000000000000000000000000010
1011000100110000010001001011101011100000000000000000000000000000000010
1010001010001111010110111011110011100000000000000000000000000000000010
1011001000100111001111111101011000000000000000000000000000000000000010
1011001101010100110111111111111011000000000000000000000000000000000010
1011000010100100000011010011001100000000000000000000000000000000000010
1010010100101101111100110001110101000000000000000000000000000000000010
1010110000101111100111110011101111100000000000000000000000000000000010
1010010001000111011101011110000110000000000000000000000000000000000010
1011101011101110111110001011010110100000000000000000000000000000000010
1010010000000101011110001111101010100000000000000000000000000000000010
1011010001000001100011110111000000100000000000000000000000000000000010
1011100001000001000100001110110010100000000000000000000000000000000010
1011101001100000110101111011110110100000000000000000000000000000000010
1010001000100100000001101101111110100000000000000000000000000000000010
1011110001100010101001100110010111000000000000000000000000000000000010
1010010111001111011101001111110101000000000000000000000000000000000010
1011100111101010001111101110100001100000000000000000000000000000000010
1010101111111110000011111111100111100000000000000000000000000000000010
1011000011101000101011101000001100100000000000000000000000000000000010
1011011010101011010010010100001100000000000000000000000000000000000010
1010100111111001010011100000111111100000000000000000000000000000000010
1011011001011100100101110001110001000000000000000000000000000000000010
1011001010000100111111001001101101100000000000000000000000000000000010
1011110111111011010110111001101111100000000000000000000000000000000010
1010110011110001101110111011101010100000000000000000000000000000000010
1011100000110000110010010110101101000000000000000000000000000000000010
1010000101000101100110110111101110100000000000000000000000000000000010
1010110010010110111010000000101101000000000000000000000000000000000010
1011110000011100101011011010000010000000000000000000000000000000000010
1011101011010101101101010011001100100000000000000000000000000000000010
1011000000000101010101001110101011100000000000000000000000000000000010
1011000000000011111110011101110010000000000000000000000000000000000010
1010100101111110110100100011100110100000000000000000000000000000000010
1010001100011101011101010001010101100000000000000000000000000000000010
1011111010000100010001001111111110000000000000000000000000000000000010
1010100011000111100011011101101101100000000000000000000000000000000010
1011001101100101111100000111001111100000000000000000000000000000000010
1011000010000010101110000101011111000000000000000000000000000000000010
1010011011001010110111000110111010000000000000000000000000000000000010
1010110110000100000010111110111000100000000000000000000000000000000010
1010001111101001100011010111101010100000000000000000000000000000000010
1011110010100101000101100110010001000000000000000000000000000000000010
1010001000100000111011111111100001000000000000000000000000000000000010
1010000100001101110011101111110000000000000000000000000000000000000010
1010100010100110001110110010101110100000000000000000000000000000000010
1011101010000111110101111110010000000000000000000000000000000000000010
1011010000011110010010100110000111000000000000000000000000000000000010
1010001011010100001100101111011001100000000000000000000000000000000010
1011011110001010001010001110110001000000000000000000000000000000000010
1010101110001101011101111110001100000000000000000000000000000000000010
1010010100001000011111010010110111100000000000000000000000000000000010
1011010011010011001011001010111001000000000000000000000000000000000010
1011010010000001100100101101001011100000000000000000000000000000000010
1010010100111010000101011101101101100000000000000000000000000000000010
1010001110110000111111001010011010000000000000000000000000000000000010
1011001001010001100011101110111011000000000000000000000000000000000010
1011001100000110111101110111100110100000000000000000000000000000000010
1010010000100010010110001100101111100000000000000000000000000000000010
1010001000111111110101111111011111100000000000000000000000000000000010
1011101000010010100100111110001111100000000000000000000000000000000010
1011100110010000100101010100101010100000000000000000000000000000000010
1011000001111101000001110111101110100000000000000000000000000000000010
1010011001000001100101011110100101100000000000000000000000000000000010
1011010001100110100001011010000011100000000000000000000000000000000010
1010011010001000101101010110011110000000000000000000000000000000000010
1011010001111010101100110000100111000000000000000000000000000000000010
1011001110010111110110011010000001100000000000000000000000000000000010
1010011000110110100110111111101011100000000000000000000000000000000010
1010110100000100001001111001100001100000000000000000000000000000000010
1011000011100001001101000110111010100000000000000000000000000000000010
1011111101011101000000111101001011100000000000000000000000000000000010
1010110000011110100011001100100101100000000000000000000000000000000010
1010100101011010100110110001001010000000000000000000000000000000000010
1011110111010001001001100000000111000000000000000000000000000000000010
1010101111101001000110001101010111100000000000000000000000000000000010
1011100000110110001000100011000100000000000000000000000000000000000010
1010110110011110100101101011110110100000000000000000000000000000000010
1011001001011101001000100111101111100000000000000000000000000000000010
1010000101100010100110101110111111000000000000000000000000000000000010
1010100000100111000010010100111100000000000000000000000000000000000010
1010001111101000000111001011110010100000000000000000000000000000000010
1010001001011000000111101111110011100000000000000000000000000000000010
1010110100101001010011001010110101100000000000000000000000000000000010
1011111000110101111100000111111011000000000000000000000000000000000010
1011110100000010000101001010101100100000000000000000000000000000000010
1010100101010001110011101010100010000000000000000000000000000000000010
1011000001111100011011010110001010100000000000000000000000000000000010
1010001000101100101111000011010011100000000000000000000000000000000010
1011110011111000011110111011111101000000000000000000000000000000000010
1011100000010010111110110011101101100000000000000000000000000000000010
1010111001011000100100011101011111000000000000000000000000000000000010
1010010010111111000011101011001101100000000000000000000000000000000010
1010100000111100110111101001000100100000000000000000000000000000000010
1010011000000010000111110110000111000000000000000000000000000000000010
1011011010000011110100010001000011100000000000000000000000000000000010
1010110100100000010011111000111111100000000000000000000000000000000010
1011000100001110000111101111011110100000000000000000000000000000000010
1011100101110111000110100100101001000000000000000000000000000000000010
1011000110000110110100010100010011000000000000000000000000000000000010
1010110100101010110011111000111010000000000000000000000000000000000010
1010110001111010111101111101111010000000000000000000000000000000000010
1010011011011000001011110110110101100000000000000000000000000000000010
1010110011111111100001101000001010100000000000000000000000000000000010
1011101010100001100010011101001000100000000000000000000000000000000010
1010001011010001010001100010010001100000000000000000000000000000000010
1011111000100111011111101111000001000000000000000000000000000000000010
1011010010111010001010100110101111100000000000000000000000000000000010
1011100011100111000110100111011010000000000000000000000000000000000010
1010010100000101011000001011100101100000000000000000000000000000000010
1011001011000101010000011000100010100000000000000000000000000000000010
1010110010110001001001100111011000100000000000000000000000000000000010
1011000010101010101001011010000100100000000000000000000000000000000010
1011100101000110011000111000100000100000000000000000000000000000000010
1011001111000010011110101110110000000000000000000000000000000000000010
1010101110000010000001111100111000000000000000000000000000000000000010
1011010000010010110111010100111110100000000000000000000000000000000010
1010010000100101101110100000010101100000000000000000000000000000000010
1010000001010010010101110101001100100000000000000000000000000000000010
1010000110100101111000011111100111000000000000000000000000000000000010
1010101100010000010111000010110100100000000000000000000000000000000010
1010000001001001010101101111001110000000000000000000000000000000000010
1011010110000000011001110100010011000000000000000000000000000000000010
1010010000000100110001001110110110100000000000000000000000000000000010
1010111100101001110011101001110000000000000000000000000000000000000010
1011001000001100000110010111100101000000000000000000000000000000000010
1011000001100111110010111100111110000000000000000000000000000000000010
1011110010001011000110011111111011000000000000000000000000000000000010
1010110110011010110011111001000100000000000000000000000000000000000010
1010100111000100001000011001011010000000000000000000000000000000000010
1011111111001111100001011010110010000000000000000000000000000000000010
1011111000100001111100101110010011100000000000000000000000000000000010
1011000111010010001110111111101100000000000000000000000000000000000010
1011101010000000010011001101111001100000000000000000000000000000000010
1010011011110110011101110100000010000000000000000000000000000000000010
1010111110001101101010101001001111000000000000000000000000000000000010
1010011110000000000011111100100101100000000000000000000000000000000010
1011111001110101110001011100111011100000000000000000000000000000000010
1010010010100100110001110101011111000000000000000000000000000000000010
1010011000101100010100001011101110000000000000000000000000000000000010
1010111101111001000110010100111000000000000000000000000000000000000010
1011011110110111000001101000001110100000000000000000000000000000000010
1011001010010010100011110101100111100000000000000000000000000000000010
1011011010111000010110000111001110100000000000000000000000000000000010
1010100101000101110001100011011100100000000000000000000000000000000010
1011000001011111101110001110101101100000000000000000000000000000000010
1010011110111010101011110111000001100000000000000000000000000000000010
1010100111101010100101111000000100000000000000000000000000000000000010
1011000100000000101111111011111111000000000000000000000000000000000010
1010001101001101100110000111101110100000000000000000000000000000000010
1010101100001011011101111101001011100000000000000000000000000000000010
1011000001000000001110110111001011000000000000000000000000000000000010
1011101101101011100101110010101001000000000000000000000000000000000010
1010100001001010101010001111111001000000000000000000000000000000000010
1010100000110010010111110010011101100000000000000000000000000000000010
1010101110011000001110110100010010000000000000000000000000000000000010
1010110000101111110100100011111000000000000000000000000000000000000010
1010010111011100001011001101110111000000000000000000000000000000000010
1011100111111000111101001111101111100000000000000000000000000000000010
1011001110011011001111100101000000100000000000000000000000000000000010
1010011111011000001111110010100100100000000000000000000000000000000010
1010010101100011010100110101011110100000000000000000000000000000000010
1010001100110000100101011001101101000000000000000000000000000000000010
1010000111000100100111110111101001100000000000000000000000000000000010
1011100111100001011110011000110110100000000000000000000000000000000010
1010110001010010000101010111101111100000000000000000000000000000000010
1010000100110011111010111110001001000000000000000000000000000000000010
1011100000011001010111110010001010000000000000000000000000000000000010
1010000000010100011100010001010110000000000000000000000000000000000010
1010001011101010010010001111111011100000000000000000000000000000000010
1010001001001110111110011110100011000000000000000000000000000000000010
1010100001011101010110001111001110100000000000000000000000000000000010
1011100000110000101110101111010000100000000000000000000000000000000010
1011100111000010111100100110101111100000000000000000000000000000000010
1010011001010011100001101000000011100000000000000000000000000000000010
1011010111000000010101001111000010100000000000000000000000000000000010
1010100111110001101111001111001110000000000000000000000000000000000010
1010100111000001110100000111101011000000000000000000000000000000000010
1011010010100000001111101010111111000000000000000000000000000000000010
1010010110010111101110110001011110000000000000000000000000000000000010
1010100011111011011110011010011110000000000000000000000000000000000010
1010000000011010001110110110001010100000000000000000000000000000000010
1011111000000000011111010101010011100000000000000000000000000000000010
1011110110000110101111010110100110000000000000000000000000000000000010
1011001110110001010110001111001101100000000000000000000000000000000010
1010001101010010010010110001111001000000000000000000000000000000000010
1010000000000010001000011001111101100000000000000000000000000000000010
1010010001010100101100100111110001100000000000000000000000000000000010
1010000011010011001111010111100101000000000000000000000000000000000010
1011011011011010101111000100111101000000000000000000000000000000000010
1010010001000000010111010011001110100000000000000000000000000000000010
1010100111110110111110100010011000000000000000000000000000000000000010
1011101011010100010000010101100101000000000000000000000000000000000010
1011011100000001000001110110000010000000000000000000000000000000000010
1010011011100100000111011001001111100000000000000000000000000000000010
1011000111111100001110001001111110000000000000000000000000000000000010
1011001000001000101001110110110101100000000000000000000000000000000010
1011110111000101011111101101111011000000000000000000000000000000000010
1011100000001100001011111101000000100000000000000000000000000000000010
1011101101000000010110001101010101100000000000000000000000000000000010
1011010100000010001010110111011011100000000000000000000000000000000010
1011010011010110101010111000010111100000000000000000000000000000000010
1010011001101111100011100000110110000000000000000000000000000000000010
1011001011110100011111110100001111000000000000000000000000000000000010
1010011100010011101101101000111101100000000000000000000000000000000010
1010100010000010011110101010101011000000000000000000000000000000000010
1010101010100100100101101110110111000000000000000000000000000000000010
1010110011010000000010011100101111100000000000000000000000000000000010
1011010101100001010010110100111101100000000000000000000000000000000010
1010011101000110110010011110011010000000000000000000000000000000000010
1010010010000000100100001111011111000000000000000000000000000000000010
1010001000000011010001010110011001100000000000000000000000000000000010
1011110000001000100100011101010000100000000000000000000000000000000010
1010100101010001011111111111010011000000000000000000000000000000000010
1010000011110110001110111101111001000000000000000000000000000000000010
1010110100101011001011001001100001100000000000000000000000000000000010
1010010110001110101111101001000110100000000000000000000000000000000010
1011000000010101011010110000001111100000000000000000000000000000000010
1010001101110110110101100101001001000000000000000000000000000000000010
1011001000011101111110101011110101100000000000000000000000000000000010
1011101111110001111111100010001100100000000000000000000000000000000010
1011100100001100001111100111010110100000000000000000000000000000000010
1010010101110010110101100111101111000000000000000000000000000000000010
1011111001111101000111101110100001000000000000000000000000000000000010
1010101110000111010000101111100101100000000000000000000000000000000010
1010100100100010110101101101010010000000000000000000000000000000000010
1010000010101010011101000001001100000000000000000000000000000000000010
1011001011010001001000110110111101100000000000000000000000000000000010
1010010000001111000101010011100011000000000000000000000000000000000010
1010011000011011010101101011011000100000000000000000000000000000000010
1010001001000000000001110111001010100000000000000000000000000000000010
1011101001000010001000001001110000000000000000000000000000000000000010
1011001100010011110011010011001110100000000000000000000000000000000010
1010010011001010000100110011011010100000000000000000000000000000000010
1011100101000000001011010100111111000000000000000000000000000000000010
1010001000101010000101111111111111000000000000000000000000000000000010
1010010000111001111000010101010101100000000000000000000000000000000010
1011101100010000100001110010101101000000000000000000000000000000000010
1010000110001000111001100101100011100000000000000000000000000000000010
1011001010110000100010110000101100000000000000000000000000000000000010
1010000000001001010010000001011000100000000000000000000000000000000010
1011100101000010010001000111101111100000000000000000000000000000000010
1010110010010001010010101001110011100000000000000000000000000000000010
1011101010000110010010011011000100000000000000000000000000000000000010
1011111000110111010101000001111111100000000000000000000000000000000010
1010001011001010011001100011111010000000000000000000000000000000000010
1010111111110100000110100110100110000000000000000000000000000000000010
1010000110010000001011011011010110100000000000000000000000000000000010
1010001001111100100110010100001011100000000000000000000000000000000010
1011001110001101011010110110111100100000000000000000000000000000000010
1010101100100101011001001011100010100000000000000000000000000000000010
1011101010010010010101110001110100100000000000000000000000000000000010
1011101010000010011101110111001110000000000000000000000000000000000010
1011111110111010010000111011001111100000000000000000000000000000000010
1011100101111101101011111001111110100000000000000000000000000000000010
1010110011011011011001101101110110100000000000000000000000000000000010
1010101011001011010000111011001010000000000000000000000000000000000010
1010001100000011000101001001010111000000000000000000000000000000000010
1010100000011011100000001100110110100000000000000000000000000000000010
1011110111010000100101101011101010100000000000000000000000000000000010
1010011100001011111110111100011110100000000000000000000000000000000010
1011111011100000010001110110110101100000000000000000000000000000000010
1010100001110001101110011100001001000000000000000000000000000000000010
1011111000010110011010011001100111100000000000000000000000000000000010
1011010000010101001111010001001110000000000000000000000000000000000010
1010101100110010010100110100101110100000000000000000000000000000000010
1010001000111000011100111000011111100000000000000000000000000000000010
1011011100000010101101101000010000100000000000000000000000000000000010
1010011001001101110100100111001101000000000000000000000000000000000010
1011000011000000111100111101011010100000000000000000000000000000000010
1010010000001010000100011010110100000000000000000000000000000000000010
1010010010000101111101011011000000100000000000000000000000000000000010
1011110010011001100011101101111011000000000000000000000000000000000010
1011101111100010011011000101011110000000000000000000000000000000000010
1010101010110000111010101101000001000000000000000000000000000000000010
1010010011100111010001011110110111100000000000000000000000000000000010
1010000010000111011000010100000111000000000000000000000000000000000010
1011110110101001001011110010111110100000000000000000000000000000000010
1010110111001010110100111111011001000000000000000000000000000000000010
1011000010000100000100111100111110000000000000000000000000000000000010
1010001000000001000110111001110111100000000000000000000000000000000010
1011110000000000001011001100111010100000000000000000000000000000000010
1011100001110100000111010101011110000000000000000000000000000000000010
1010000000101001100101011111101001000000000000000000000000000000000010
1010110010111010010111001111001010000000000000000000000000000000000010
1011000111011110100111110010111000000000000000000000000000000000000010
1010001110110100111110101000001110100000000000000000000000000000000010
1010111001000001111111010111000100100000000000000000000000000000000010
1010001111011001001000110010110111100000000000000000000000000000000010
1010100110010010101010000101101000000000000000000000000000000000000010
1011010110000001001101010101111001100000000000000000000000000000000010
1011001001101010010010111010101101100000000000000000000000000000000010
1010111001010100101100101101110111000000000000000000000000000000000010
1011100010001111100101100101101100100000000000000000000000000000000010
1011001001010001011011110111001110000000000000000000000000000000000010
1010001000111111011100100110001111100000000000000000000000000000000010
1011010101000100110101111101010001000000000000000000000000000000000010
1011001010001001001001000011111000100000000000000000000000000000000010
1011000001100011010110011101111001100000000000000000000000000000000010
1011010110101110010100101101100111000000000000000000000000000000000010
1010010000110000110110011001111111000000000000000000000000000000000010
1011000111000110110010010011000010100000000000000000000000000000000010
1011001001001000000000000100010001000000000000000000000000000000000010
1011010010111000110110101010000001100000000000000000000000000000000010
1010001001111100111010000111100010100000000000000000000000000000000010
1010000110000010011001111011011001100000000000000000000000000000000010
1010001000110100110100110011110110000000000000000000000000000000000010
1010110001010001111101010101111101100000000000000000000000000000000010
1011000001101101100110011111101110100000000000000000000000000000000010
1011110110010000111100011010010110100000000000000000000000000000000010
1011001000110011110100111010101110000000000000000000000000000000000010
1011010010010010001001011000101111000000000000000000000000000000000010
1011110001101101011011100101101010100000000000000000000000000000000010
1011100011110011101011000001101111100000000000000000000000000000000010
1010100000101110000000100001010001000000000000000000000000000000000010
1011011000000010111101101100100111000000000000000000000000000000000010
1010000111110001110111011100011110000000000000000000000000000000000010
1011001000010101101001101010010110000000000000000000000000000000000010
1010100110001110010101011110001111000000000000000000000000000000000010
1010000110001001111001101101011100000000000000000000000000000000000010
1011000101111000010001110111111110000000000000000000000000000000000010
1010011110111100111111100011101001000000000000000000000000000000000010
1010111011110100010011110010010110000000000000000000000000000000000010
1010011001011000111111111001100100100000000000000000000000000000000010
1011101010001010010000110001111110000000000000000000000000000000000010
1010101011011111111100000010110011100000000000000000000000000000000010
1010001101010100111110110110101110100000000000000000000000000000000010
1010000001111010100011101101101101000000000000000000000000000000000010
1010111000001110110010011101111110000000000000000000000000000000000010
1011011101001111110111100111010101000000000000000000000000000000000010
1011011011001000000000001111101101100000000000000000000000000000000010
1010000001011010011111011010110100000000000000000000000000000000000010
1011100011100010111100011001011110100000000000000000000000000000000010
1011001110100011100001100011000111000000000000000000000000000000000010
1011111000010010111010111010110010000000000000000000000000000000000010
1011000111000001011110011011011000000000000000000000000000000000000010
1010000101000000011110011011111101100000000000000000000000000000000010
1011001110101000010100100000010101100000000000000000000000000000000010
1011000010011110111011000010011010100000000000000000000000000000000010
1011101100011000010011010100001000000000000000000000000000000000000010
1011001110100100111010010110111111000000000000000000000000000000000010
1011101011011001110010110010100001100000000000000000000000000000000010
1010000010001000100110101111011101100000000000000000000000000000000010
1010110000101101001001011011110001100000000000000000000000000000000010
1011010111110100111100011111011101100000000000000000000000000000000010
1010001001101000001011100011111111000000000000000000000000000000000010
1011000110001110010001110011100111100000000000000000000000000000000010
1010011101000010100110111000011101100000000000000000000000000000000010
1010100010111001011000010000011011100000000000000000000000000000000010
1010001000000000101011001011100111000000000000000000000000000000000010
1010010000110010000100010110110110000000000000000000000000000000000010
1011111011100110110111111000010100100000000000000000000000000000000010
1010000101011100001101100001011000000000000000000000000000000000000010
1011110001100100000100111011000011100000000000000000000000000000000010
1010111110110001000001111110111001000000000000000000000000000000000010
1011101000000100000111100000100110100000000000000000000000000000000010
1010101100001101011000011111111010100000000000000000000000000000000010
1011010000010100000110101001010000000000000000000000000000000000000010
1010010001101110011111111001110100000000000000000000000000000000000010
1010111100101100001111010000001000100000000000000000000000000000000010
1010111111101010010101100100011111000000000000000000000000000000000010
1011000000010100100011011110010111100000000000000000000000000000000010
1010100011100000001010101101100000100000000000000000000000000000000010
1010110011101000000001000100000001000000000000000000000000000000000010
1010011000101011111000100111011111000000000000000000000000000000000010
1010111000100000110111111010110100000000000000000000000000000000000010
1010000011100100100001011001010101000000000000000000000000000000000010
1010011100001001010011101001101011000000000000000000000000000000000010
1010110100100000111111000100110001000000000000000000000000000000000010
1010100111110011011011000011011010100000000000000000000000000000000010
1010111110001010000111110101100001100000000000000000000000000000000010
1011111000001101111011111010111101100000000000000000000000000000000010
1011101011110110010000111010101000000000000000000000000000000000000010
1010010011000011101110011001010010000000000000000000000000000000000010
1011101000010001111110011100101010000000000000000000000000000000000010
1011110011001001100011101110100010000000000000000000000000000000000010
1010101100000111111001011011111100000000000000000000000000000000000010
1010000000100010100011101011010110000000000000000000000000000000000010
1011010001000010110001111000010001100000000000000000000000000000000010
1011001101110011101100001101000100000000000000000000000000000000000010
1010100010010100101100011010011110100000000000000000000000000000000010
1010110000101101101111101100110101100000000000000000000000000000000010
1010111001000001111110111000111101000000000000000000000000000000000010
1010011110001110010101110010001011100000000000000000000000000000000010
1011010110101001010011011010101101100000000000000000000000000000000010
1010110100000101100011101100010101000000000000000000000000000000000010
1010111000000000011111100100010111000000000000000000000000000000000010
1011000010000110010011000110101110100000000000000000000000000000000010
1010011100111000011100100101100101100000000000000000000000000000000010
1010110110000011010001110111010111100000000000000000000000000000000010
1010101001001110011101011101110001100000000000000000000000000000000010
1010000010011100001111000011001111100000000000000000000000000000000010
1010011001000101101011111000110001000000000000000000000000000000000010
1011011100001101011111110010011010100000000000000000000000000000000010
1010110011000101010010100111100001000000000000000000000000000000000010
1010000100110011000011111110001100000000000000000000000000000000000010
1010001100000100000010110010000001100000000000000000000000000000000010
1010010111001101110110111011111100000000000000000000000000000000000010
1011011010010100100010111111010010000000000000000000000000000000000010
1011000101110011110010111010100001000000000000000000000000000000000010
1010101010111110011110010010010010100000000000000000000000000000000010
1011111010001101110110000110011100000000000000000000000000000000000010
1011000010001001111111100110010110100000000000000000000000000000000010
1010101111010110001010010110001011000000000000000000000000000000000010
1010001011001000110100100111001010100000000000000000000000000000000010
1011001101110001010110011110011110000000000000000000000000000000000010
1010100000001010011111000010110111000000000000000000000000000000000010
1010110011010100110011101110001110000000000000000000000000000000000010
1010110101000010000011110001011111000000000000000000000000000000000010
1010101010001010100101010111000011000000000000000000000000000000000010
1010000011100011001111110011010010100000000000000000000000000000000010
1010100011110100111001011100011110100000000000000000000000000000000010
1011101010010010110001011000110110000000000000000000000000000000000010
1011100001010101010011000111000001100000000000000000000000000000000010
1010100011101010001100100010111010000000000000000000000000000000000010
1011110100010000111100101000011101000000000000000000000000000000000010
1010101111000011001011010010000111000000000000000000000000000000000010
1010100000111011000110001010100111000000000000000000000000000000000010
1011111100001110000011110100000000000000000000000000000000000000000010
1010101010111010010011111011000010000000000000000000000000000000000010
1010000111001001001010101010011011100000000000000000000000000000000010
1010010000001110000110101111100011000000000000000000000000000000000010
1010000100011011010101111111101000000000000000000000000000000000000010
1011110111000101110010111001111011000000000000000000000000000000000010
1010101111011000111011011110000010000000000000000000000000000000000010
1011011100000010000101000100010001000000000000000000000000000000000010
1011100100100001111100101011111001000000000000000000000000000000000010
1010000100000001101111110001111001100000000000000000000000000000000010
1011000010001011000110000011100011100000000000000000000000000000000010
1010110010011011001101111011001010100000000000000000000000000000000010
1010111011100001111101111101101100000000000000000000000000000000000010
1011010001011001111010101000001010100000000000000000000000000000000010
1011010010111111000100110010010100000000000000000000000000000000000010
1010010010011000011111011100101001000000000000000000000000000000000010
1010111100001111011010100000100011100000000000000000000000000000000010
1011010100011010001001010000011111000000000000000000000000000000000010
1011010110110101000101101001101000000000000000000000000000000000000010
1010000101110010111110001000110101100000000000000000000000000000000010
1011011100010110010000010001001111100000000000000000000000000000000010
1010001110100110100110101100101011000000000000000000000000000000000010
1010000000001011010101011110101000100000000000000000000000000000000010
1010000110110001100010111010100111000000000000000000000000000000000010
1011111000111000010001010110111100100000000000000000000000000000000010
1010011000000010001011101111111101100000000000000000000000000000000010
1010110100010101110100011101110100100000000000000000000000000000000010
1011001011110000110011110100011011100000000000000000000000000000000010
1010110001100111111111101101000011100000000000000000000000000000000010
1010101100100000000100010011011011100000000000000000000000000000000010
1010111101000111101000001110101001100000000000000000000000000000000010
1011001110110100000000010010110010100000000000000000000000000000000010
1011000101110100000011111000111011000000000000000000000000000000000010
1010000100110111111000011111111111100000000000000000000000000000000010
1010101100100010000010110101100111100000000000000000000000000000000010
1011000110010010111111111010011000000000000000000000000000000000000010
1011100001011000010001010110111110000000000000000000000000000000000010
1011001110101101010101001111110000000000000000000000000000000000000010
1010000010001100100111110101110101000000000000000000000000000000000010
1010100010101110001111111110100001100000000000000000000000000000000010
1010000101001111011111111100011111100000000000000000000000000000000010
1010001110101011101110001111001001100000000000000000000000000000000010
1010110010010101000001111111001110100000000000000000000000000000000010
1011100100110001000001110001010111100000000000000000000000000000000010
1011000000111111011100001100011010100000000000000000000000000000000010
1010001011101000101110111011110111100000000000000000000000000000000010
1010010000101100101110011001000001000000000000000000000000000000000010
1011011000000100001001011111011110100000000000000000000000000000000010
1010100100000000001001111110101100000000000000000000000000000000000010
1010100011100110100001010001010111000000000000000000000000000000000010
1011110011010010101111110010101010100000000000000000000000000000000010
1011000100000000001101100000111101100000000000000000000000000000000010
1010101101100001110010101111001100100000000000000000000000000000000010
1011000111000100001111000100101001100000000000000000000000000000000010
1010100001011100100001111001000001100000000000000000000000000000000010
1010000110101111100111001001010101100000000000000000000000000000000010
1011100000111001100100101101100100000000000000000000000000000000000010
1011110111110011100010010111111011100000000000000000000000000000000010
1011000101111010110001011111011101100000000000000000000000000000000010
1010110100111000010001101111110101000000000000000000000000000000000010
1011000001000000101001111100101001000000000000000000000000000000000010
1010010111100110010001001111011010000000000000000000000000000000000010
1011100110011000000011000000111101000000000000000000000000000000000010
1010010010111001000100000111111000100000000000000000000000000000000010
1010000001001110110011101111101101100000000000000000000000000000000010
1010110000010100001110101111011111100000000000000000000000000000000010
1010100111001100000011110110011101000000000000000000000000000000000010
1010010011000000001110010000010100000000000000000000000000000000000010
1011011001100010000011010000000100000000000000000000000000000000000010
1011001001011111010100100000001111100000000000000000000000000000000010
1011001001010101100011100111100111000000000000000000000000000000000010
1010010111010100101101001101100011000000000000000000000000000000000010
1010111101101101001100011010010111000000000000000000000000000000000010
1011000010100100100110101011100001100000000000000000000000000000000010
1010001101000010010110100001000010100000000000000000000000000000000010
1010101100101000000110101010101111000000000000000000000000000000000010
1011010001110100110101110110010111000000000000000000000000000000000010
1011011001101100101001110101110111100000000000000000000000000000000010
1010000110111101000100000100111110000000000000000000000000000000000010
1011110110100010000111100100001110000000000000000000000000000000000010
1011001111100010101101111111010110100000000000000000000000000000000010
1010110001111101000111100110011110000000000000000000000000000000000010
1010110001010011111010000110101001100000000000000000000000000000000010
1011110111101110010110011001010110100000000000000000000000000000000010
1010010111101001001010111111010001000000000000000000000000000000000010
1010010110110011100110000100001101100000000000000000000000000000000010
1010100001100011101010000111101101100000000000000000000000000000000010
1011001000000110000111101000011100100000000000000000000000000000000010
1011000100101010101001010000100011000000000000000000000000000000000010
1011011001000010100011001100111100100000000000000000000000000000000010
1011101010110000000100111011101111000000000000000000000000000000000010
1011100010010100000001111110101100000000000000000000000000000000000010
1011101111111110100001100110010100000000000000000000000000000000000010
1010010001110000100001001101001111100000000000000000000000000000000010
1010010000101011101100111100111110100000000000000000000000000000000010
1011111010010011000111111000011010000000000000000000000000000000000010
1011111111000011000100111100100101000000000000000000000000000000000010
1010100010010010010111111110110111100000000000000000000000000000000010
1010010000001001001111110100111110100000000000000000000000000000000010
1011000111010011100011010000011011100000000000000000000000000000000010
1011110111000100001111111011101110000000000000000000000000000000000010
1010000000010110001110011110010001000000000000000000000000000000000010
1010001000000000011011011001100011100000000000000000000000000000000010
1011100011000000011010101000011010100000000000000000000000000000000010
1010011111000101011001110010100001000000000000000000000000000000000010
1011000000110111101100001100000110000000000000000000000000000000000010
1010010100001100110000001110011110000000000000000000000000000000000010
1010000101010000001011111101000111000000000000000000000000000000000010
1010010001000010110111101001011010000000000000000000000000000000000010
1010100001000010010010111011110010100000000000000000000000000000000010
1011111100010100011110100110011010000000000000000000000000000000000010
1010000010000011010010000110111100000000000000000000000000000000000010
1010010111101110101100101000110010000000000000000000000000000000000010
1011000100000011111111110100110001000000000000000000000000000000000010
1010101101010100100101111010101001000000000000000000000000000000000010
1010100011110100111010001101011010000000000000000000000000000000000010
1010000111110001010000011101101101000000000000000000000000000000000010
1011000000010110010000001111100011000000000000000000000000000000000010
1010010000000101101001100001000001000000000000000000000000000000000010
1010101111011100010101110010111100000000000000000000000000000000000010
1011111010111111010111110001100100100000000000000000000000000000000010
1011011011010010010010100101110000100000000000000000000000000000000010
1011011010010101001000110001011000100000000000000000000000000000000010
1010100010000010010111110010111000100000000000000000000000000000000010
1010001101100010000011111111100110100000000000000000000000000000000010
1010000100010010001101110101110100100000000000000000000000000000000010
1011001010000110111110011110011110000000000000000000000000000000000010
1010011011100110100110010010101100000000000000000000000000000000000010
1010011101101111110111000101011100000000000000000000000000000000000010
1011110011101111001111000011001010100000000000000000000000000000000010
1010000000010011000101001111010101100000000000000000000000000000000010
1010011111010011111101110111001100000000000000000000000000000000000010
1011010101000110011100000000000111100000000000000000000000000000000010
1011001101011011101101011110111110000000000000000000000000000000000010
1010000100001100001010101101100111000000000000000000000000000000000010
1011000110100010011000011000000011000000000000000000000000000000000010
1010000100110010001101100100101010100000000000000000000000000000000010
1010001100011011011110110010011100000000000000000000000000000000000010
1010000100100000000010111101011111100000000000000000000000000000000010
1010011100000000000010001010011101000000000000000000000000000000000010
1011000101011101101000000100000100100000000000000000000000000000000010
1011010100111101111011010000111000000000000000000000000000000000000010
1010010011101010110001001110000001000000000000000000000000000000000010
1010011100010000000101001101011011100000000000000000000000000000000010
1010111000010011111111000111100111100000000000000000000000000000000010
1011010001111100011010011101001110000000000000000000000000000000000010
1011001111101111110010111011010111100000000000000000000000000000000010
1011111100010100100000000111011000100000000000000000000000000000000010
1010010110110111100111101101110011000000000000000000000000000000000010
1011001010011100100011101000101011000000000000000000000000000000000010
1011111110010111110101011100011011000000000000000000000000000000000010
1010100010100000010110111100011000000000000000000000000000000000000010
1011111110001000001010000011001000100000000000000000000000000000000010
1010111001000010011010110100111101100000000000000000000000000000000010
1010001100111010111101010011100001000000000000000000000000000000000010
1011001000101101101111111001111110100000000000000000000000000000000010
1011100011101011001000000001100001000000000000000000000000000000000010
1011010011100000011000000001101111000000000000000000000000000000000010
1010101100001110001110010011011000000000000000000000000000000000000010
1011010001110001001110001001111110000000000000000000000000000000000010
1010001100001011110010100111110011100000000000000000000000000000000010
1010111000100010101010011011100011100000000000000000000000000000000010
1011001001101100000010110101111010000000000000000000000000000000000010
1010101110011100100001011110110011000000000000000000000000000000000010
1011001100101110100101101000011101100000000000000000000000000000000010
1010100001000100011111111001111010100000000000000000000000000000000010
1011101000011110100101000100011000100000000000000000000000000000000010
1010001000000111000011110100010011100000000000000000000000000000000010
1011100101101111111101101101011101000000000000000000000000000000000010
1010110101001001100000101100101111000000000000000000000000000000000010
1010001110101100001000001001101110000000000000000000000000000000000010
1010010110000100000011110110100011100000000000000000000000000000000010
1011001111101011110100000111011000000000000000000000000000000000000010
1010011010101011000110110110010100100000000000000000000000000000000010
1011001000011110001101001001111110000000000000000000000000000000000010
1011110101111100110011101101001111100000000000000000000000000000000010
1011000000000011010011000011101101000000000000000000000000000000000010
1011110000110010001111110111111011100000000000000000000000000000000010
1010010010001010011011100100101010100000000000000000000000000000000010
1010011011100100000000110110011111100000000000000000000000000000000010
1011100011100010001111111001000100000000000000000000000000000000000010
1011110010101000011010110011001010000000000000000000000000000000000010
1010010111000011111101011001101001100000000000000000000000000000000010
1010111010101001111010011101010100100000000000000000000000000000000010
1010110110000111000011001011111001000000000000000000000000000000000010
1011111111100010010101011100011101000000000000000000000000000000000010
1011001101011000110111111100111110100000000000000000000000000000000010
1010000010000110001110001111110110000000000000000000000000000000000010
1010010000000110011111011111011011000000000000000000000000000000000010
1010001000000010000101011101100100100000000000000000000000000000000010
1011011011011010011101001000100110000000000000000000000000000000000010
1011101001100010000011111111001111000000000000000000000000000000000010
1010100000110001011101011111111110000000000000000000000000000000000010
1011010001001110011111010110100000000000000000000000000000000000000010
1011001111010000011111011111111100100000000000000000000000000000000010
1011101101000000001110100111000011100000000000000000000000000000000010
1011100000010011000001101011010010000000000000000000000000000000000010
1011001000000111011100011100110011100000000000000000000000000000000010
1011110010100110011001001000111001000000000000000000000000000000000010
1011001000111111101100001111111010000000000000000000000000000000000010
1010010101110110000111110110010001100000000000000000000000000000000010
1011000010000001010110111100111001000000000000000000000000000000000010
1011110100110001101001010110111110100000000000000000000000000000000010
1010000110110011101110000100010101000000000000000000000000000000000010
1011011001101001000001010010110110000000000000000000000000000000000010
1011010101011100101101101011111110100000000000000000000000000000000010
1011000101011101111100110011100000100000000000000000000000000000000010
1010000011001001110100110101111001000000000000000000000000000000000010
1010001000100110010011011010110101100000000000000000000000000000000010
1010110010100101110011000001111011000000000000000000000000000000000010
1011011100011101101101010110101100100000000000000000000000000000000010
1010111111001001111001100010011110000000000000000000000000000000000010
1010110101011001011000010001100111100000000000000000000000000000000010
1011010010111100100010100111000011100000000000000000000000000000000010
1011111010011001011101110111100001000000000000000000000000000000000010
1011100000001110011001101101100100000000000000000000000000000000000010
1010010101001011100010111011101011100000000000000000000000000000000010
1011000110000101000111101101110111100000000000000000000000000000000010
1011110110100110000011001100100010000000000000000000000000000000000010
1010000000000000101000011001001100000000000000000000000000000000000010
1010110100000111101110011111110011100000000000000000000000000000000010
1010000011001011000100011111111000100000000000000000000000000000000010
1011111011011000001011101101011001000000000000000000000000000000000010
1010001001100000000101101111111111000000000000000000000000000000000010
1011011011010010001101011111011100100000000000000000000000000000000010
1010100110001010110011101010010000100000000000000000000000000000000010
1011101001010110010001110101010101000000000000000000000000000000000010
1011010100101000010101100110111000100000000000000000000000000000000010
1010100101000111000111110000100101100000000000000000000000000000000010
1011111010011000011001010011000011100000000000000000000000000000000010
1011110011000100100100001001111100000000000000000000000000000000000010
1011001011010110101011001000000001100000000000000000000000000000000010
1010110000110010000111100011101111000000000000000000000000000000000010
1010110001101101011101010010100111100000000000000000000000000000000010
1011110001100000111001000101000111100000000000000000000000000000000010
1011110100110000001001101001101001000000000000000000000000000000000010
1010101111011100011000011010111010100000000000000000000000000000000010
1010100100000111110101001111111001000000000000000000000000000000000010
1011010001011010001111000111111001000000000000000000000000000000000010
1011111011110000010000110110000000000000000000000000000000000000000010
1010111100100101001010110010100001100000000000000000000000000000000010
1011100000100011100111111010111110100000000000000000000000000000000010
1011011011010001101010110110111001000000000000000000000000000000000010
1011000000001101001010101111010000000000000000000000000000000000000010
1010101111001110101010111010010100100000000000000000000000000000000010
1011111000001001110111111111110010100000000000000000000000000000000010
1010010011101100110101000100110111000000000000000000000000000000000010
1011100101001101001111011101000011000000000000000000000000000000000010
1010100011101101101110001111101010100000000000000000000000000000000010
1011011101100010010000100010101111100000000000000000000000000000000010
1011000011110100111101000000100101100000000000000000000000000000000010
1011110001001101101011101101100100100000000000000000000000000000000010
1011111011111101010111111001100111100000000000000000000000000000000010
1011011101111000011111010110110001100000000000000000000000000000000010
1011010100101111010100001111000100100000000000000000000000000000000010
1011111110011111100001111110011111000000000000000000000000000000000010
1011000110110100010101101101111011000000000000000000000000000000000010
1010000101110001011110000000010011000000000000000000000000000000000010
1010001101100110011011110010001011000000000000000000000000000000000010
1011011001111011001000101101111010000000000000000000000000000000000010
1010011111010100010111000000100100100000000000000000000000000000000010
1011111110110010111110110000101100100000000000000000000000000000000010
1011011011100111101100000101101010000000000000000000000000000000000010
1011000010110001011110101011111011000000000000000000000000000000000010
1010001000001011010011111101110101100000000000000000000000000000000010
1010011000110100001101110010101010000000000000000000000000000000000010
1010001101000010011101010111111100100000000000000000000000000000000010
1010000001010001000011101111100101000000000000000000000000000000000010
1011011011100000001000010001010001100000000000000000000000000000000010
1010110100011010100000111010011101000000000000000000000000000000000010
1010010100110001010110111110000001000000000000000000000000000000000010
1011011100100001101101110000100001100000000000000000000000000000000010
1010100001110110001011101111101111000000000000000000000000000000000010
1010111001101010000111011111001111000000000000000000000000000000000010
1011100111111001011111001000110001100000000000000000000000000000000010
1011110101010011100110000010100001000000000000000000000000000000000010
1010111111100110000001111011011101100000000000000000000000000000000010
1011001000000110010101100000111100000000000000000000000000000000000010
1010111011011100000111110110010101000000000000000000000000000000000010
1011011101011101110101101110111100100000000000000000000000000000000010
1010000100001100101000010001011111000000000000000000000000000000000010
1011000100001100000000110100010011000000000000000000000000000000000010
1010111001010000110110111111100101100000000000000000000000000000000010
1011110101111101000000101110001101100000000000000000000000000000000010
1010100100001100101001110001010101000000000000000000000000000000000010
1011100010011111010011110111111101000000000000000000000000000000000010
1011011010111000100111110011100010000000000000000000000000000000000010
1011110010011000110101111101110100000000000000000000000000000000000010
1011010001000011101011001111110100100000000000000000000000000000000010
1011011000010101100101000011011100100000000000000000000000000000000010
1010011011101000000111110101101101100000000000000000000000000000000010
1011111110010010000101011110110011100000000000000000000000000000000010
1010011010000100001111111001100110100000000000000000000000000000000010
1011001110101100110111111011111001000000000000000000000000000000000010
1010000000100100111011101111101111100000000000000000000000000000000010
1011000010111000000001001101001101100000000000000000000000000000000010
1010001010111000111110110001011011000000000000000000000000000000000010
1010001011000101000000000001111101100000000000000000000000000000000010
1010011001011111101011111111001000000000000000000000000000000000000010
1010010100001001100101111101010011000000000000000000000000000000000010
1010001101010000001011101010011001100000000000000000000000000000000010
1011001010010110100011110101011100100000000000000000000000000000000010
1010000010110101110011010111110111100000000000000000000000000000000010
1011000010000001111001101111011010000000000000000000000000000000000010
1010000001110001000010001010111111000000000000000000000000000000000010
1011101101010101000001000011101001100000000000000000000000000000000010
1011011110111001100110111000001101000000000000000000000000000000000010
1010000010000010001010011001110000100000000000000000000000000000000010
1010001010100011100010001100101111100000000000000000000000000000000010
1011010111001001100111011110101001000000000000000000000000000000000010
1011010010011101101101101001100011100000000000000000000000000000000010
1011000101010101100011111111000111000000000000000000000000000000000010
1010011011000001011000100111110011100000000000000000000000000000000010
1011111000011110100110110111110111100000000000000000000000000000000010
1010101011100111101011010111101011100000000000000000000000000000000010
1010011101110001101100101010011001100000000000000000000000000000000010
1011001000110001110000011110101111000000000000000000000000000000000010
1011001011010100100101111001110010000000000000000000000000000000000010
1010000010111111010110100101110001000000000000000000000000000000000010
1010000101100000101101001110001000100000000000000000000000000000000010
1011110000100110100001101100101101100000000000000000000000000000000010
1011011000101011011111101111111110000000000000000000000000000000000010
1010110011000010110010101111011100100000000000000000000000000000000010
1011010001010010000101100101110101000000000000000000000000000000000010
1011111111001111011010001000001111000000000000000000000000000000000010
1010100000101101111111111010110110000000000000000000000000000000000010
1011100100010100100000101100001111000000000000000000000000000000000010
1010100100110111001111101110011001000000000000000000000000000000000010
1011110110101100010010001001001100000000000000000000000000000000000010
1010111100100001011111000000110010100000000000000000000000000000000010
1011000001011101001000111101101011000000000000000000000000000000000010
1010010010011100101010011111011101000000000000000000000000000000000010
1010011000110111100100101101110011100000000000000000000000000000000010
1010110011001011000001001010111011100000000000000000000000000000000010
1010100010111011110100010001000100100000000000000000000000000000000010
1010110111010010010010111000110000100000000000000000000000000000000010
1011110010110001010110111011111111000000000000000000000000000000000010
1010110010000110000001101000001011000000000000000000000000000000000010
1010000011100111110001010100100110100000000000000000000000000000000010
1010100010000011011101010010111011000000000000000000000000000000000010
1011000111110100101111001100101011100000000000000000000000000000000010
1011110111111000011100001100111110000000000000000000000000000000000010
1011000001110101010000011111000100000000000000000000000000000000000010
1011001000001010000001001010110100000000000000000000000000000000000010
1010100100010011111010101101100010100000000000000000000000000000000010
1011001000011110000110011111011010100000000000000000000000000000000010
1011010001001101011010110000100100000000000000000000000000000000000010
1010011111100010100010100000101110000000000000000000000000000000000010
1011010000010100100110100111000010100000000000000000000000000000000010
1011001111011010000100101100001110000000000000000000000000000000000010
1010110100110011001001111010001111000000000000000000000000000000000010
1011000100110011011010110011101110100000000000000000000000000000000010
1010110010110000001011110000001111000000000000000000000000000000000010
1010011100111011000110011111011000100000000000000000000000000000000010
1011111000011100100111010000010111100000000000000000000000000000000010
1011000000001111010010101111110010000000000000000000000000000000000010
1010100000100001010101000010101011000000000000000000000000000000000010
1010001011010010100111011000010111000000000000000000000000000000000010
1011101000100100110011011011100111100000000000000000000000000000000010
1011110001101010001001111000001111100000000000000000000000000000000010
1010111110001000000111111011000011100000000000000000000000000000000010
1010110001101011100001010010001111000000000000000000000000000000000010
1011100010100010110011101001010101100000000000000000000000000000000010
1011011001001110000011111101011100100000000000000000000000000000000010
1011010100100001101110111100000001100000000000000000000000000000000010
1010011010011100000001100110100010000000000000000000000000000000000010
1011011110100110110111100110110011000000000000000000000000000000000010
1011111011010011010011100010110100100000000000000000000000000000000010
1010100010011000000010011110111001000000000000000000000000000000000010
1010111001001100000101010100010011000000000000000000000000000000000010
1011001001000110001001001110010110000000000000000000000000000000000010
1011011101011010100010110001101010000000000000000000000000000000000010
1010101000011001011001101001010100000000000000000000000000000000000010
1010000011100001010101011101001011100000000000000000000000000000000010
1011101110111010000001001110111011000000000000000000000000000000000010
1011011101110110101100000110101101100000000000000000000000000000000010
1011101110010001111101000001100000100000000000000000000000000000000010
1011010100100100000011001101101010000000000000000000000000000000000010
1010000100011100010000100011001001000000000000000000000000000000000010
1011011001010000000111010101110010100000000000000000000000000000000010
1010100001000010001101111010010110000000000000000000000000000000000010
1010100110100100100011011101101001000000000000000000000000000000000010
1010001100001010000111011101010100100000000000000000000000000000000010
1010011011101111010011010001100110100000000000000000000000000000000010
1010010000010110010010001111001110000000000000000000000000000000000010
1010110011101110100011010110101100000000000000000000000000000000000010
1011000100110010101010100100110110100000000000000000000000000000000010
1010010011011011100000000110101110100000000000000000000000000000000010
1010011000010001010100011100001100000000000000000000000000000000000010
1011100100010000000001010101111001100000000000000000000000000000000010
1010100000110101001011011001100110100000000000000000000000000000000010
1011000001000000011011101000101100100000000000000000000000000000000010
1010000100001101111000010110111001100000000000000000000000000000000010
1010000111000000101110000010010000100000000000000000000000000000000010
1010100110100011011100100100110101100000000000000000000000000000000010
1010100001000010010100111001011100100000000000000000000000000000000010
1011011001010001110010101010101011000000000000000000000000000000000010
1010000100000000100001011011000111100000000000000000000000000000000010
1010010000011010100000000110001101100000000000000000000000000000000010
1011111111010001110101111101100001000000000000000000000000000000000010
1011001111111110111111000011010000000000000000000000000000000000000010
1010101001011110011011111110011001000000000000000000000000000000000010
1010000010001001001111001000011001100000000000000000000000000000000010
1011011111000000011111001000101101100000000000000000000000000000000010
1010100111110011101011100111110010100000000000000000000000000000000010
1011100010000101000001001110100100000000000000000000000000000000000010
1010101001001011010011010110100101000000000000000000000000000000000010
1010011000010001011111010010101011000000000000000000000000000000000010
1010111000111101110010010111101011100000000000000000000000000000000010
1010111100000111010111101011000011100000000000000000000000000000000010
1011001000011000010110010011110111100000000000000000000000000000000010
1011101001010001000011010110001010000000000000000000000000000000000010
1011111011010000111100110111010011000000000000000000000000000000000010
1010010101100010101110111101111110100000000000000000000000000000000010
1011011000001110101011001010101011000000000000000000000000000000000010
1010100001001011100111110000010011000000000000000000000000000000000010
1011100010101000010111111011010010100000000000000000000000000000000010
1011010011101011101100000111111010000000000000000000000000000000000010
1011011000001011111110101110011110000000000000000000000000000000000010
1011001110011110111101010000111100100000000000000000000000000000000010
1010110110000110000111111111110110000000000000000000000000000000000010
1010011101110111000100110001110111000000000000000000000000000000000010
1010010010000000101011101110011100000000000000000000000000000000000010
1010110001101100100111000011010101000000000000000000000000000000000010
1010111000001001111110010000000110100000000000000000000000000000000010
1011011011110001001110010011101100000000000000000000000000000000000010
1010101011100000010111001110101011100000000000000000000000000000000010
1010111000111001001011000011000011100000000000000000000000000000000010
1011101001100110111110011000110001100000000000000000000000000000000010
1010100010010110010101011001001100000000000000000000000000000000000010
1011000001110010100001100100001101000000000000000000000000000000000010
1011100001101101000011010101101000000000000000000000000000000000000010
1010111010011100010100011100100110100000000000000000000000000000000010
1010010000001111101100011001101101100000000000000000000000000000000010
1011011111111101001101100010000101100000000000000000000000000000000010
1010001001000011000111010111100011000000000000000000000000000000000010
1010111111101000010101010111110010000000000000000000000000000000000010
1010010110010111011010001111100101100000000000000000000000000000000010
1011111001010011011110110010011001100000000000000000000000000000000010
1011100001011011100000100101111101000000000000000000000000000000000010
1010010110111010000010111010001100100000000000000000000000000000000010
1011000010111010011011101110110100000000000000000000000000000000000010
1010001100000101010111000001111111000000000000000000000000000000000010
1010001010111100001100001111000101000000000000000000000000000000000010
1010111100001001011011000110101101100000000000000000000000000000000010
1011010010111110011011111110111101100000000000000000000000000000000010
1011101100110001100010010000010101100000000000000000000000000000000010
1011111011100100101010100100011110100000000000000000000000000000000010
1010110110011010001111001100101111000000000000000000000000000000000010
1010010001101001000010101111100101000000000000000000000000000000000010
1011110010000000010111000011000110100000000000000000000000000000000010
1010100011010110000111000000011111000000000000000000000000000000000010
