1010011001010000010000001001001110110110101010011000100110001000100010
1010011111101100111110111110111001110110010111110111001100000111101010
1011000110101011110010100000100010010110110011011100111110110011011010
1011101101101110000010001100011100101111010011100101001000000000111010
1010010011000100100101101011010111011100011111011000001110010011110010
1010110100110101001010011011111000110100010010101010110011010100100010
1010001010000100010000001000110011000111010111110001100000100000100010
1011011111011000110001100000011110100000010010111011111110001010101010
1010010011101110000001101000110010010010011110100101100001100011000010
1010100010010101111110011100011110100100100110001101101000011000111010
1010010010001010010100110100101110011001011000011010011011111011010010
1010011100100101000101000110110111110000000010010011101000110011000010
1010000001011101011010100000100011010111111100101111000111101101001010
1010111101001101111100000000100111110111110010011101011000001000100010
1011010000001100011111100110001110110001100110011001101111110011111010
1010000101111110011000110111110111000111001110000110000110010010001010
1011100101101001011000101010100000000010111100011001111000001111111010
1010001111101111100001110111010001100111111111100001110100010011010010
1011011110000111101011101000101110010111110000011110111011100111011010
1011110101101110011111100101110100101110110001100001010101111100100010
1011000001110000001000111001100111010110011010111100000111011011111010
1011001001100010011010100111100011101110011000111001010001101110110010
1010100110100000000011010001011011100111001010011110000101011011011010
1011010000011110000010110000011101110101000000110111100001011110100010
1010000010010000110001011001101010100110011001110001011101010011101010
1011111101110111001111101111010010110000001100010001001010111110100010
1010010011100111011011000010101010011011001110100110001101100000100010
1010111111111000001110100011001101011110111100000000001100110100010010
1011101101100101001100100011001010111100111100100101110011111000110010
1010101001111101111101111011101100001100100101100011000001101010011010
1010011001000000011000111010010000000001000010011100011010011000101010
1011111100101110000011011011011111001110011011100000001001000000100010
1011110010100001101100100000000001000001000011001011011111000010000010
1010100011101110001111001110100010100100100100010011001010001100000010
1011110110101000101011101010000110111111111101000010011011100111011010
1011111101010111110011001110110101001111100001000000111110111011101010
1011100001001000000001000110000110000010001110000110111111111110100010
1011010000001101000010101110100001011000010001100100101000011110110010
1011111000101010010011000100111100000010010110110100010111101010111010
1011010101101111101000001110011001011110000111010001100011111110011010
1011001011110010101100101111011000011101100111110000111100000100111010
1011001111110100101011000010010111111110111000010000110010100001011010
1010001111010000000101100111110010100100011011111111001001110001101010
1010001111100111111111100111011000011100111000010110110100110001010010
1011111111100010010101000000010110101111111001000100101111111101111010
1010011111111111010000101100011100111110010101011101101000010001110010
1010100011110001111010001110011011111111001101110111110101110101011010
1011110011101111111000111100001001101111111001001000000100010110100010
1010001001100000111110111101000110001011101010011010110010100101010010
1010010100101110110011111101110110001011111011000000000100110101010010
1010011011111011100010101000000110011100100110011000000111000111110010
1011100011010100010010010111011011101010001110101001101110100001010010
1011001100001101110110101110010100101011111101100011101111000000101010
1010001011001100010110110001111001011100111100010111010011001000011010
1010001010001110010100100001101000001101111111011111110010000110011010
1010010010011000011111011000011101111000001101001011000010001011010010
1011101110000001001100001100111001101101011111011101011111111011111010
1011010010001000101011111101010101101010000011100101101010000101110010
1010000011001100010100110101010110000000111010010101000001001001010010
1011111011111110001001010010110110001110001001001101101100000001100010
1011110001000100010111100001010100001100011010011111010010001011010010
1010001100011111100100100011101110111110111000011000010010110001000010
1011100000000011011100000000000101000010110100100000100100101011001010
1011101100011001101010101110010110001010001001001000010011000100001010
1010101101101101000111001101010101001000010110101010001010100011110010
1010101001001011010001111000100010011001110110000001101001011110000010
1011001111010100001011010111011010000001110111110110101010001010111010
1011010101111111010011010010100010101100110011000001100001011111000010
1010000111001000111001110000011010000010111111001011110010101010111010
1011001100110110011001111110100101001000001000110011100100001111000010
1010110101001010000000101101000011000111111101001100100100011111011010
1011001101110111011110001111001011001001001000010010101010000101001010
1011110010001011000001110000000110000011101010110101100101111111001010
1011101111111100000001101010111011101110100001011000010101001011110010
1010011001110100001100110000011010001111101110111101101010100101101010
1011011011111010101101101001110011001000000110100010111110110000100010
1010010000001110010101000000000011011111010001111011001011101100011010
1011010110011011101110010001111111100100011111010001101111011000111010
1010011010111101101101110001100001001111000110001101001110111001011010
1011010000010111111010010100111101110110011011000010001000010000110010
1011110100101000111011000001000101001111101010100100011111000101010010
1011110000011101011100111010111011000011010010100100010111111111111010
1010000001011101001110000010010000101001001000010110101111101101011010
1010001110011101111110010100011011100100001010111111001001111111011010
1010010000111111001100011000001110000011101001101110101110011110101010
1011001010101101101010101011101000111001001111100000101100100000001010
1010010000000100001011111010111000011101111001111100111110011111000010
1011110101100000000010101101011111000000000101010000011001100000001010
1011100000101110110011000010100101101101101111101101001011000000010010
1011100110010111111101101001111101011100101001110100101110100000011010
1011010101011011101001010111011110001110011001011100110101110011011010
1010101001001111001010011110111011100000111101000110100000010101000010
1010011111000000001110010110001110111010110010110111111110100110011010
1011101111011101111110010110011010110110011000001111010110000001000010
1010000001101010001110000110100111001110111110100110111111011010000010
1010110111101001001100100001111011010010011010000100101001000001100010
1010101000000111011001001110000000000011111000101111011010001011110010
1010101111100000000100011010001110101000010010000000000011001010011010
1010000100101000111000000011110000100101111101110110110111100011111010
1011000001100011111110100111010011100110101011000010000000101100101010
1011111111110010010000000111001001110111011010110111011101101001110010
1010001101101110110011110100001111111110110100000001010101000001001010
1011110101110000111001111101010000001101111000101111101100011011010010
1011101001111001001011110111100011011001010011100011001001011100111010
1011111110000100111001101001101101001111110100010011001000111101111010
1011101010010000111111101111111111001011010111010011010000011000011010
1011111110100100100010101101001100001010001011100001001110010100101010
1011010100000100000000111111110011101001010101000110001000011100011010
1011001001011100010100101001000000101000011010110011110101011010010010
1010101100101101111100000111101101100011101111000101010101001110110010
1010010001001000100001001001010011011110100010001001111110101011110010
1011101010100101111100101010011101111111111011011110111010101001000010
1011011111000101111101000000101111101100111011011101001000001100000010
1011000100011011000011111101011011111000100101001010001101011001001010
1010110000010000011111100001100101101101000011010111100110001101111010
1011111001001011101111010011011101110101000110010011000100101100010010
1010000001001011000111000110000001111110110011010111000110111001101010
1010001111010101000100000000110111111001000000010000000010001000101010
1010001010000000011010110101100011001110001101010101100011111100011010
1011111010101110111001100100101111111111001100100010111011001110011010
1010111100010111011001001110000001011010101010101010101101010101011010
1010110001110000011011010110001111100101001100110011100000001110001010
1010110100010110000011111001001101100000100101100001111111010011111010
1010000100001101001100100011110001111000001110000101001110011011010010
1010100000010011110100010001001000010011001110010011100111111111100010
1010010100001001101111110010011101001001101001110001101001010001110010
1011000100100000011000110101000100101111101000110011010111000111101010
1010011010111001110001000000101101001101000100100010100101000000001010
