1010010101011001100111010110101101000000000000000000000000000000000010
1010010101010011110100001000011100000000000000000000000000000000000010
1011010110101110100001111000111000100000000000000000000000000000000010
1011010100000111111111110001110100000000000000000000000000000000000010
1010101100010001011111011110110111100000000000000000000000000000000010
1010101001100011000111111100011100100000000000000000000000000000000010
1010100100001101101001001100100111000000000000000000000000000000000010
1011000000011110011000111011001010000000000000000000000000000000000010
1010000000000101110001001011010011100000000000000000000000000000000010
1011000110010111000101111001010111100000000000000000000000000000000010
1010011100111011100011011111111110100000000000000000000000000000000010
1010100110110101100110000010101101100000000000000000000000000000000010
1011001010100001011000111010010000100000000000000000000000000000000010
1011011000100101111011101011010111100000000000000000000000000000000010
1010110110000101000001111100000111100000000000000000000000000000000010
1010001000000111011000010111010000000000000000000000000000000000000010
1010001000101000111001001110010101000000000000000000000000000000000010
1011110001010110100001011000110011000000000000000000000000000000000010
1011011010111011100001111011101110100000000000000000000000000000000010
1011100001010100101101010000101101100000000000000000000000000000000010
1011000000101101100101111110010011100000000000000000000000000000000010
1011100100011000001110000101100111100000000000000000000000000000000010
1011110001101000011101110000011000100000000000000000000000000000000010
1011100001010111101011100100010111000000000000000000000000000000000010
1011011101011010001101100110100000000000000000000000000000000000000010
1010000000010101001101111001010011100000000000000000000000000000000010
1010001101110110111110010011001110100000000000000000000000000000000010
1010100001101111111011011000100011100000000000000000000000000000000010
1011011010101110110011101110100010100000000000000000000000000000000010
1011101010100100010111000010001110100000000000000000000000000000000010
1011011111110101000100101110011100100000000000000000000000000000000010
1011110000011001011101010001111110100000000000000000000000000000000010
1011011011111110101111011110100000100000000000000000000000000000000010
1010011001101100001100100101011101100000000000000000000000000000000010
1010100010111111110010111101111001100000000000000000000000000000000010
1010000101000000111010000001101010100000000000000000000000000000000010
1010100111000110001110111000111001000000000000000000000000000000000010
1011110001000110111001110000001100000000000000000000000000000000000010
1010010110110001110010110011010010000000000000000000000000000000000010
1010100101000111010101101100010001100000000000000000000000000000000010
1010011110010100001010001010110011100000000000000000000000000000000010
1011101000101000001001010000110000100000000000000000000000000000000010
1011110000010101111111000100111111100000000000000000000000000000000010
1010010101010010110110010111010111100000000000000000000000000000000010
1011100101000001111100011110001110000000000000000000000000000000000010
1010100001100101100000010111001110100000000000000000000000000000000010
1010100100000010000011110100110001000000000000000000000000000000000010
1011000010000011100001010001000011100000000000000000000000000000000010
1010001011100011010100101111111010000000000000000000000000000000000010
1010110111110101001111010110100010000000000000000000000000000000000010
1011111100011100100111010100100100100000000000000000000000000000000010
1011110111011010110010010011110010100000000000000000000000000000000010
1011110110000001011111110111010101000000000000000000000000000000000010
1011100110100010000100101110100101100000000000000000000000000000000010
1010000010110010000110000010100101100000000000000000000000000000000010
1010010111011000010011010010111010000000000000000000000000000000000010
1010100010100101000101000000101010000000000000000000000000000000000010
1011001110110001000001010110111100100000000000000000000000000000000010
1011111011110100010010111111101101100000000000000000000000000000000010
1011010101110010100110100000111111100000000000000000000000000000000010
1010110000011111001111110011100010100000000000000000000000000000000010
1010000100100011010110000000010011000000000000000000000000000000000010
1010000000101110010100011010100110000000000000000000000000000000000010
1011001011111110010011000100110101000000000000000000000000000000000010
1011011010100110111101000010101000100000000000000000000000000000000010
1011011000000111111101001100001111000000000000000000000000000000000010
1010101111110001010000000010110010100000000000000000000000000000000010
1011110001111110111010100111011111100000000000000000000000000000000010
1011000011000000111011111001001100000000000000000000000000000000000010
1011101100011101111010001010100101100000000000000000000000000000000010
1010110101110111011001100011011010100000000000000000000000000000000010
1010011001101111001011111000001100000000000000000000000000000000000010
1011110111110100010101000101000000100000000000000000000000000000000010
1010110011100100000100100100001000100000000000000000000000000000000010
1010111100001110010111111011010011000000000000000000000000000000000010
1011101101101101111010011110100101100000000000000000000000000000000010
1010001011111001110010111000001111100000000000000000000000000000000010
1010110000101100001110101000001000000000000000000000000000000000000010
1010100000011111110001100111011011000000000000000000000000000000000010
1011011011001001010011101000011100000000000000000000000000000000000010
1010010100010100011100001110011000000000000000000000000000000000000010
1010101100011110000000111111010110100000000000000000000000000000000010
1011111011100111100100111101110000000000000000000000000000000000000010
1010011101100100100010001001111000000000000000000000000000000000000010
1010010010100010110111010101101000100000000000000000000000000000000010
1011111100011011100100110010010111100000000000000000000000000000000010
1010101011101011110000110111011010100000000000000000000000000000000010
1010011100110001001011010101101000000000000000000000000000000000000010
1011110010011000010110000011011000000000000000000000000000000000000010
1011101110111011011011111101011100000000000000000000000000000000000010
1011000001111110000110110110001101000000000000000000000000000000000010
1010000100000001101000100001010001100000000000000000000000000000000010
1011000011000100100010100001000011000000000000000000000000000000000010
1010101101110111001011011000111001100000000000000000000000000000000010
1010011010011011111100101011111010000000000000000000000000000000000010
1010110101100011011011000111011100100000000000000000000000000000000010
1010101010010010101100111101000101100000000000000000000000000000000010
1010001111001011001000010100001100000000000000000000000000000000000010
1010100000100101000100101100111101100000000000000000000000000000000010
1011110110011100001011111011011011100000000000000000000000000000000010
1011000001111111001001101010100010100000000000000000000000000000000010
1011111010000001110001100000110101100000000000000000000000000000000010
1010010110110010101100011010110011000000000000000000000000000000000010
1010000001000111101110101010001110000000000000000000000000000000000010
1010000011100001110011110011000100100000000000000000000000000000000010
1010111010000010000010000001010100000000000000000000000000000000000010
1011010010110100011101011111010111100000000000000000000000000000000010
1011001101100110001110010101011010100000000000000000000000000000000010
1011100001011101011001100111011010000000000000000000000000000000000010
1011111111011111111101000110110110100000000000000000000000000000000010
1010001111011101111001000010010001100000000000000000000000000000000010
1011101110010011010110010011100001100000000000000000000000000000000010
1010110111100110100010001101111100000000000000000000000000000000000010
1010000101111001111010110110101101100000000000000000000000000000000010
1010100111100010111111100000111110100000000000000000000000000000000010
1010000000100100101011100011111001000000000000000000000000000000000010
1010100100011110010001101110001100100000000000000000000000000000000010
1011000100000110010001010100111010100000000000000000000000000000000010
1010010101100001001111001111100111100000000000000000000000000000000010
1010000110010100101111111110001111100000000000000000000000000000000010
1011111111000101001011001001001001100000000000000000000000000000000010
1010111111000010101001110011110011100000000000000000000000000000000010
1011000101111100011011110101001010000000000000000000000000000000000010
1010000100011010100111001100111101000000000000000000000000000000000010
1011100111000001011111111001100001000000000000000000000000000000000010
1011000001101110100010110111101011000000000000000000000000000000000010
1010110001010100010110001001001010000000000000000000000000000000000010
1010011101000101110100010000111010100000000000000000000000000000000010
1011010000110101000110010010100110100000000000000000000000000000000010
1011110100001000001111100101101110000000000000000000000000000000000010
1011000011001110011011011101011000000000000000000000000000000000000010
1011011001011110001101000101110110100000000000000000000000000000000010
1011111001110101111101111011010111100000000000000000000000000000000010
1011010100110011010011010101111011000000000000000000000000000000000010
1011110101010000010011110111010110100000000000000000000000000000000010
1010111011000111001101011101101001000000000000000000000000000000000010
1010000110001011000010001100001110000000000000000000000000000000000010
1010110111101000010111111110100010100000000000000000000000000000000010
1011011101001100001001000110001100100000000000000000000000000000000010
1011001011110100110011100100110010100000000000000000000000000000000010
1010101101100100000100010011011001100000000000000000000000000000000010
1011010101101101001011001100001110100000000000000000000000000000000010
1011110100100010001001111101111100100000000000000000000000000000000010
1010011011100101101111101000010010000000000000000000000000000000000010
1010110000101111001010000001111010100000000000000000000000000000000010
1010011101011001010000011011000011100000000000000000000000000000000010
1010010110110100111000000110010111100000000000000000000000000000000010
1010011100101000011100111001101100100000000000000000000000000000000010
1010101111110000110110001110001011100000000000000000000000000000000010
1010000011101100101111111111101010000000000000000000000000000000000010
1011011011110100011101111010011101100000000000000000000000000000000010
1010100100101111011111001110000111000000000000000000000000000000000010
1011010010111101111100011001100011100000000000000000000000000000000010
1010100101101101010101100110101010100000000000000000000000000000000010
1011100101011111110000001001001110000000000000000000000000000000000010
1010011010000010000111000010111101000000000000000000000000000000000010
1010000011111110011000111010001010100000000000000000000000000000000010
1010100111010000110010010110110111100000000000000000000000000000000010
1011011011101111111000010000010010100000000000000000000000000000000010
1010110101010001101001011010100010100000000000000000000000000000000010
1011010111010110001010001101100001000000000000000000000000000000000010
1010000010011001010101000010010111100000000000000000000000000000000010
1010100100100000010000111101101011000000000000000000000000000000000010
1011001100011101000011100110101010100000000000000000000000000000000010
1010010110010000011000110010011000000000000000000000000000000000000010
1011101011010000011011010111010011000000000000000000000000000000000010
1010001110111000001001101111100000100000000000000000000000000000000010
1011101011111111111100100000010110000000000000000000000000000000000010
1010000010110010011010001100000101000000000000000000000000000000000010
1011001000011100111011111001011111000000000000000000000000000000000010
1011110101100001010100001101011110000000000000000000000000000000000010
1010110101010111010000010000101111000000000000000000000000000000000010
1010100010110000101100110100000111000000000000000000000000000000000010
1011100110000001110000000100110001000000000000000000000000000000000010
1010101000011011010111101001100000100000000000000000000000000000000010
1011110010001000011010110010000011100000000000000000000000000000000010
1010010010111111000010011100010111100000000000000000000000000000000010
1010000101010001100111101101000100000000000000000000000000000000000010
1011001000101000111001111010010001100000000000000000000000000000000010
1011110001101010000011100011001000000000000000000000000000000000000010
1011010110111101000000010110001010000000000000000000000000000000000010
1010001011000000101011000000110000000000000000000000000000000000000010
1011001011001110110001101101010010000000000000000000000000000000000010
1010000000111001001011110010100110100000000000000000000000000000000010
1010100101000101101100001011000000000000000000000000000000000000000010
1010011100101011000011000110110100100000000000000000000000000000000010
1010001111100101101000011000111010000000000000000000000000000000000010
1011110110011111010011100010100011100000000000000000000000000000000010
1011011101111101100100110100011000100000000000000000000000000000000010
1010111101111110100101111111101000000000000000000000000000000000000010
1010001010110010010011111001001100000000000000000000000000000000000010
1011101110011100110101011000101111100000000000000000000000000000000010
1010100011001001101110010111000011000000000000000000000000000000000010
1010011001001001111011111011100111100000000000000000000000000000000010
1010110111110011001001110001111100000000000000000000000000000000000010
1010111000000001110001011011001100100000000000000000000000000000000010
1011101101110000011111110110000111100000000000000000000000000000000010
1010101001000110101011000110111100100000000000000000000000000000000010
1010000010001011010001111000111010000000000000000000000000000000000010
1010001111100101000101011010000111100000000000000000000000000000000010
1010010001010001111011111100100001100000000000000000000000000000000010
1011111011010000110011001100100000100000000000000000000000000000000010
1010010000100011101011101111011010000000000000000000000000000000000010
1011101010000010100100011110010111100000000000000000000000000000000010
1011010110110100101000111011000110100000000000000000000000000000000010
1010001001100111111111011101000010100000000000000000000000000000000010
1010111010100111011000001001011110000000000000000000000000000000000010
1011011110111110001111101101000110000000000000000000000000000000000010
1011011100000100110100101101110101100000000000000000000000000000000010
1010111010111010000000011000000111000000000000000000000000000000000010
1011001000110001011001101100111101000000000000000000000000000000000010
1010110110101001111000101100101111000000000000000000000000000000000010
1011011101110100010111011110010000000000000000000000000000000000000010
1011011111000100100101111100100000000000000000000000000000000000000010
1011101000101110111111000010101101100000000000000000000000000000000010
1011011110101000111001000111100101000000000000000000000000000000000010
1011000101010101110110011111100110100000000000000000000000000000000010
1010111011110010000110010011011001100000000000000000000000000000000010
1010110000110000001100110001111001000000000000000000000000000000000010
1011001110000001101111101101010111100000000000000000000000000000000010
1011011101010000110011011111110010000000000000000000000000000000000010
1011110010001001001001100001010100100000000000000000000000000000000010
1010011100101001111110101100000010100000000000000000000000000000000010
1011011011101110000101010110001101000000000000000000000000000000000010
1010100110100001000100101111001111100000000000000000000000000000000010
1011100011010111110011001001000111100000000000000000000000000000000010
1010100000000010010110110100110010100000000000000000000000000000000010
1010011100100100011110101111000100000000000000000000000000000000000010
1011101111010010110011100000000000100000000000000000000000000000000010
1010100001100111111001101111001000100000000000000000000000000000000010
1011110111100011101110111011010000000000000000000000000000000000000010
1011011000011000110111011011001110000000000000000000000000000000000010
1010001111001100100111000001000001000000000000000000000000000000000010
1011000000000101010011011110010011100000000000000000000000000000000010
1011100010010101010110100010001110100000000000000000000000000000000010
1010011000000011011111111111101100000000000000000000000000000000000010
1011000110001110000011001111010000100000000000000000000000000000000010
1011101010011111110111110010101001000000000000000000000000000000000010
1011011100010010100111011101000111100000000000000000000000000000000010
1011011000110011111111011110110000000000000000000000000000000000000010
1010000100100010100001100101101100100000000000000000000000000000000010
1010100011000000010110001110110010000000000000000000000000000000000010
1011101000001000000000011001000100100000000000000000000000000000000010
1011101101100010000101110110110101000000000000000000000000000000000010
1011010011010101010011110101101010100000000000000000000000000000000010
1010000000001010011111110101101000000000000000000000000000000000000010
1011001101000000011000110101110110000000000000000000000000000000000010
1011100100000110100001011000000000000000000000000000000000000000000010
1011100111100110000001100001110001000000000000000000000000000000000010
1010000101010001000100001110011011100000000000000000000000000000000010
1010011000111100001011000001111001100000000000000000000000000000000010
1011100100101010100000001101101000000000000000000000000000000000000010
1010000011000000110111110010011001100000000000000000000000000000000010
1011010111110111001111010101101100000000000000000000000000000000000010
1010110111011011000001110000100010100000000000000000000000000000000010
1011110111111101001011101110010101100000000000000000000000000000000010
1010100011100011000010110010010010000000000000000000000000000000000010
1011111101001100111010100010011111100000000000000000000000000000000010
1010011010111101000110111001011010100000000000000000000000000000000010
1010000010000011000000110100110001000000000000000000000000000000000010
1010011110100111101100110000110101000000000000000000000000000000000010
1010000111100010001001000001111100000000000000000000000000000000000010
1010101000110011011011011010000011000000000000000000000000000000000010
1011001000010011101001000011000010100000000000000000000000000000000010
1010011101111011110100101100000110100000000000000000000000000000000010
1011001000111011111101000110111010000000000000000000000000000000000010
1011001110100110011111010001110011100000000000000000000000000000000010
1011100000000101100000101110110101000000000000000000000000000000000010
1011110110000000010011100111110011000000000000000000000000000000000010
1011000110010000111110111100000011000000000000000000000000000000000010
1010110011000100100100111110000000000000000000000000000000000000000010
1011111001100111001000010101100011100000000000000000000000000000000010
1010100000101000010001110110111111100000000000000000000000000000000010
1010010001011001010111101000110011100000000000000000000000000000000010
1010010101100110001111100101111000100000000000000000000000000000000010
1011100011110110100110000111010100000000000000000000000000000000000010
1010100111110011110100001110010111000000000000000000000000000000000010
1011010111000010011110110101111111100000000000000000000000000000000010
1011000011010101001111100101011100000000000000000000000000000000000010
1011101000110101110010011110011001100000000000000000000000000000000010
1011110101011010000011100111111110000000000000000000000000000000000010
1011000001001101010001111001000010100000000000000000000000000000000010
1011010011100010001111101111110111000000000000000000000000000000000010
1010001010010110101110110111111111000000000000000000000000000000000010
1010000100010101110111100000101001000000000000000000000000000000000010
1011011000001011001011111110010011100000000000000000000000000000000010
1011000000011001010110000101110001000000000000000000000000000000000010
1011010100110110001011111111110010100000000000000000000000000000000010
1011110001111011001010001111101100100000000000000000000000000000000010
1010110011001100100011011000100100000000000000000000000000000000000010
1010011100001010001100010100101100000000000000000000000000000000000010
1010000111000000111110101001100010100000000000000000000000000000000010
1010111101110111001010010010000111100000000000000000000000000000000010
1011010101011100010111111101110100000000000000000000000000000000000010
1010100010101010111100110101010010100000000000000000000000000000000010
1011011111111000000001101111001010000000000000000000000000000000000010
1011101011011100000010001011100100000000000000000000000000000000000010
1010010100001100010100111010100100000000000000000000000000000000000010
1010011001001100011010011111111011000000000000000000000000000000000010
1010000100100110000101011101000110000000000000000000000000000000000010
1011010111011100110010001100100010100000000000000000000000000000000010
1010100110110001110100001111100001100000000000000000000000000000000010
1011100011100010011010101011010110100000000000000000000000000000000010
1010000000100110011110000110100010100000000000000000000000000000000010
1010110010010100100011100011001011000000000000000000000000000000000010
1010000100001000100001000011110001100000000000000000000000000000000010
1011100010111111110011001110000111000000000000000000000000000000000010
1011010001010110101101001101111001000000000000000000000000000000000010
1010110010000111011011010111110010100000000000000000000000000000000010
1011000110101111011100101111101100100000000000000000000000000000000010
1010010000111010011000111011010011100000000000000000000000000000000010
1011000001011000100010011011001101000000000000000000000000000000000010
1010101111001000011110100000000001000000000000000000000000000000000010
1010001001100111001001111011111101100000000000000000000000000000000010
1010111110010010110001000111101000000000000000000000000000000000000010
1010111001110010001001001011011001000000000000000000000000000000000010
1010110001110111001110011011100110000000000000000000000000000000000010
1010000000101000010011111010010110000000000000000000000000000000000010
1011101000100011110100011011000111000000000000000000000000000000000010
1010011110111000101000111000110011000000000000000000000000000000000010
1011110010000101110100001101101000100000000000000000000000000000000010
1010001010010010000000001111100001000000000000000000000000000000000010
1011010100001111101010000101001101000000000000000000000000000000000010
1011100110110111001000011110011000000000000000000000000000000000000010
1011111001111010100110010000000010100000000000000000000000000000000010
1010100111111011011010101010000011100000000000000000000000000000000010
1010001001001000110001011100111111100000000000000000000000000000000010
1010010100101010001100010100010101100000000000000000000000000000000010
1011010010000011110100110111110000000000000000000000000000000000000010
1011000001010111111110010111100101000000000000000000000000000000000010
1011100000010011100010110111110111100000000000000000000000000000000010
1011100010110111000110010110010111000000000000000000000000000000000010
1010010010011101011011101110010011100000000000000000000000000000000010
1010100100100011010000010011010111100000000000000000000000000000000010
1010100001100100110111001000111011000000000000000000000000000000000010
1011101101110011000110110101000000100000000000000000000000000000000010
1011001001111101010111110101001100000000000000000000000000000000000010
1010000000010111000010000001100001000000000000000000000000000000000010
1011111100010100101001110001111110100000000000000000000000000000000010
1011001110110111100011110110101001100000000000000000000000000000000010
1011011111110010110010001111001111000000000000000000000000000000000010
1011100011010101011100000011011110000000000000000000000000000000000010
1010000111100001110000111100110011000000000000000000000000000000000010
1010011001011100110110011010011010100000000000000000000000000000000010
1011011101011101111110000011011001100000000000000000000000000000000010
1010101100101011011001000010011000100000000000000000000000000000000010
1010100110000001101010100101010011100000000000000000000000000000000010
1011100100101000001110011010101011000000000000000000000000000000000010
1011000111101100111111110011100111100000000000000000000000000000000010
1010001010100011100111110011101100100000000000000000000000000000000010
1010010101011011110100011000011011000000000000000000000000000000000010
1010010101001011100010001011011011000000000000000000000000000000000010
1011100001011101011110010101001101000000000000000000000000000000000010
1010110100111011000111010111010001000000000000000000000000000000000010
1011100101000101001000111110000101100000000000000000000000000000000010
1011010111000101001100001110101111100000000000000000000000000000000010
1010010001011101110000101111001111100000000000000000000000000000000010
1010001100110110001101111011110111000000000000000000000000000000000010
1011101110000011110110100010011011000000000000000000000000000000000010
1011000000101011101000010101101110100000000000000000000000000000000010
1011011100101111010100110000101110100000000000000000000000000000000010
1010101101111111010110110001111001000000000000000000000000000000000010
1011101001000011001000000110010100100000000000000000000000000000000010
1010110100011011010000111011000001100000000000000000000000000000000010
1010010010010001001001110101001110000000000000000000000000000000000010
1010101100110011000000010001100100100000000000000000000000000000000010
1010000011001001100010100110101010000000000000000000000000000000000010
1010101100111101100010111011000010000000000000000000000000000000000010
1011111100001110110011010001011010100000000000000000000000000000000010
1010011010001110001110111010101111100000000000000000000000000000000010
1011101001111111011011001100011111000000000000000000000000000000000010
1011011000100010110101000111001111000000000000000000000000000000000010
1010101100101110101101001000001111100000000000000000000000000000000010
1010101000011100111011111100010111000000000000000000000000000000000010
1010101111100011100111111101101010100000000000000000000000000000000010
1011010000111010001110110011101101000000000000000000000000000000000010
1010001111110110101010110001111101100000000000000000000000000000000010
1011000011110110011110101100111111000000000000000000000000000000000010
1011001011010111010110100100111011100000000000000000000000000000000010
1011100011010000100111111011110011100000000000000000000000000000000010
1011100100000101001001000001010111000000000000000000000000000000000010
1011011011100110010000001011011011100000000000000000000000000000000010
1010000011010011000000100110011110000000000000000000000000000000000010
1010000001110100010100011011010101000000000000000000000000000000000010
1011101101111110000001010010111001100000000000000000000000000000000010
1010010100111100001111000001100010000000000000000000000000000000000010
1010010110010000000001011001100000000000000000000000000000000000000010
1011010010000000000100010010000111100000000000000000000000000000000010
1011000010010010111001011110001100000000000000000000000000000000000010
1010001110101101110100110111001011100000000000000000000000000000000010
1010101100101001001011110111001100100000000000000000000000000000000010
1010010011100001000101001101101100000000000000000000000000000000000010
1011010000001000110010011000111100100000000000000000000000000000000010
1010101010000101001111101110011000100000000000000000000000000000000010
1010101010110111000111101001001001000000000000000000000000000000000010
1010011011011111001011110111101111000000000000000000000000000000000010
1010001001001010110111010100001100100000000000000000000000000000000010
1010010010010010010111110011100110100000000000000000000000000000000010
1010000000000101000011000001110111100000000000000000000000000000000010
1010001110111100000000101110100000000000000000000000000000000000000010
1010101000011010100001010111010010000000000000000000000000000000000010
1010000010010011111010110010100001100000000000000000000000000000000010
1010101101111110001111101110000001000000000000000000000000000000000010
1011001110011111001001100011111011000000000000000000000000000000000010
1010000101000111110100010001111101000000000000000000000000000000000010
1011100000111010101111100000001111000000000000000000000000000000000010
1011111000000001000011111111110000100000000000000000000000000000000010
1011100111100000101101001100011010000000000000000000000000000000000010
1011100101011010010001001111100000000000000000000000000000000000000010
1011011110101010000011100000001100000000000000000000000000000000000010
1011001111001010010011001010110011100000000000000000000000000000000010
1011110001011010010000010111010101100000000000000000000000000000000010
1010110100101010110001100011110001000000000000000000000000000000000010
1011110111110001101010111000111110100000000000000000000000000000000010
1010001101110110110000000101100010100000000000000000000000000000000010
1011000101010001011111111111110010100000000000000000000000000000000010
1011111011111011000011010101001101000000000000000000000000000000000010
1011001001001011000111001000001110100000000000000000000000000000000010
1010011001100111010111000100100001000000000000000000000000000000000010
1011010000101011001011001111111110000000000000000000000000000000000010
1011111001101101000011110110101011100000000000000000000000000000000010
1011011110000111111000011110110011100000000000000000000000000000000010
1010110001101000100100000000101110100000000000000000000000000000000010
1011111011011101001110110001101011000000000000000000000000000000000010
1010011000110101100101010001011110000000000000000000000000000000000010
1011011100110110000000110100011101100000000000000000000000000000000010
1011000100111110110111000010000011000000000000000000000000000000000010
1010110100100010101011011010000110100000000000000000000000000000000010
1011111111010001000000001010100001000000000000000000000000000000000010
1010000011110110110000000000011000100000000000000000000000000000000010
1011000101100100111010001000000101100000000000000000000000000000000010
1011101110110001010000110101101011100000000000000000000000000000000010
1011100101100101101101000010010010000000000000000000000000000000000010
1011101100101100010010101110011001000000000000000000000000000000000010
1010001111010010110100000110001110100000000000000000000000000000000010
1010110101110100111001100111001101000000000000000000000000000000000010
1010011010011110010111101011111001100000000000000000000000000000000010
1011011110000001001011001010101010000000000000000000000000000000000010
1010000011100001110011000010100011000000000000000000000000000000000010
1010011100001101011110000111011011000000000000000000000000000000000010
1011111011111101001110010010000011100000000000000000000000000000000010
1011000110100011100101001100111011100000000000000000000000000000000010
1010000110000110101011101001001000000000000000000000000000000000000010
1010000100011001110111101011110110100000000000000000000000000000000010
1010000011000100001111100100010000000000000000000000000000000000000010
1011111111010101010010001010111111000000000000000000000000000000000010
1011001001110101101011110101100001100000000000000000000000000000000010
1011010111010000100100100001111101100000000000000000000000000000000010
1011010100100000001011111010011011100000000000000000000000000000000010
1011101010100110001100101100011111100000000000000000000000000000000010
1010011110011100011111000110100010000000000000000000000000000000000010
1011011001011100011101101010100001100000000000000000000000000000000010
1011011010101111100100110011011111000000000000000000000000000000000010
1010111000111011111101100010100100000000000000000000000000000000000010
1010010101001010100001010011001101100000000000000000000000000000000010
1011001000000000101000001101111110100000000000000000000000000000000010
1010111100001001010011010010011011000000000000000000000000000000000010
1010111110111100111111100100011000100000000000000000000000000000000010
1011111000111111001010001000000111000000000000000000000000000000000010
1010001101110100000110111101011110100000000000000000000000000000000010
1011100100110100010110010110010010000000000000000000000000000000000010
1011011000100110101101000000011110000000000000000000000000000000000010
1011011110000111101111110101110010100000000000000000000000000000000010
1010111100111001111110001100001111000000000000000000000000000000000010
1010001001111111100101110011100100000000000000000000000000000000000010
1011011111101111011110100110000001000000000000000000000000000000000010
1011011001011100000010011110110001100000000000000000000000000000000010
1011001101000101101000001010011110100000000000000000000000000000000010
1010110110110100001101001110011001100000000000000000000000000000000010
1011000001110000011001110010011111000000000000000000000000000000000010
1010010010011111000011000111001010000000000000000000000000000000000010
1010001111010101101001001110101000000000000000000000000000000000000010
1010011010001010011000111100101001000000000000000000000000000000000010
1010101110001010110110101001111100000000000000000000000000000000000010
1011100100111001011111111111001011100000000000000000000000000000000010
1010100101101011100110101000101100000000000000000000000000000000000010
1011110010100110100100101111110111100000000000000000000000000000000010
1011100110110111100011011010010110000000000000000000000000000000000010
1010110010010100000001001100111011100000000000000000000000000000000010
1010110000111011001100110011101110000000000000000000000000000000000010
1010100100001010001100010100111110000000000000000000000000000000000010
1011100101010011010110000101010001100000000000000000000000000000000010
1011001111101011110010111100010110000000000000000000000000000000000010
1010000011011011110111011101001010000000000000000000000000000000000010
1010001010010100111001111010111001100000000000000000000000000000000010
1010000000011100010101011011011001100000000000000000000000000000000010
1010100010111110101101001111011110000000000000000000000000000000000010
1011001101101001010110111100101100100000000000000000000000000000000010
1011000101000110001100011110010101100000000000000000000000000000000010
1010011111000011000010101110011011100000000000000000000000000000000010
1011011100110110010110011011010101100000000000000000000000000000000010
1010111111101010100100001001101011100000000000000000000000000000000010
1011111010110100101011101110010001100000000000000000000000000000000010
1010011010001100011111000110001100000000000000000000000000000000000010
1011001110010111100110000111010010100000000000000000000000000000000010
1011000100110111001110000000011011100000000000000000000000000000000010
1011100111001111100000110111111011100000000000000000000000000000000010
1011110001100011010000101100111000100000000000000000000000000000000010
1010101011010110101111010011101101000000000000000000000000000000000010
1011000111101000010001001011001111100000000000000000000000000000000010
1010100100001011110111001100001011000000000000000000000000000000000010
1010001010000111011110010010111010100000000000000000000000000000000010
1011101010011010010110010101110011000000000000000000000000000000000010
1011001101110010011001110001010000100000000000000000000000000000000010
1010001001111100010000000000001111000000000000000000000000000000000010
1011010100101000011100111111010110100000000000000000000000000000000010
1010010010010110100011101000010100000000000000000000000000000000000010
1011111010111001101110101110001111000000000000000000000000000000000010
1010100101000111011111001101101011000000000000000000000000000000000010
1010001011111101010101010011011000000000000000000000000000000000000010
1010111101110100101000000110000001100000000000000000000000000000000010
1010110000011001110101111101101011100000000000000000000000000000000010
1011001101011011101110100100100100000000000000000000000000000000000010
1010010100000000100000101111000000100000000000000000000000000000000010
1010110010101110101110100110101010100000000000000000000000000000000010
1010000010011011111100101100010101100000000000000000000000000000000010
1011011010001101010110111000100100100000000000000000000000000000000010
1010101001100111100001000001011011100000000000000000000000000000000010
1011101000001101011100001011101111000000000000000000000000000000000010
1011110011001010000000011111011001000000000000000000000000000000000010
1010110001110101111010101111010110000000000000000000000000000000000010
1010001111100101000010110110100001100000000000000000000000000000000010
1011000100100101001001001110011111000000000000000000000000000000000010
1010011111010110111010110100100100100000000000000000000000000000000010
1010011111111110011010010011010100100000000000000000000000000000000010
1011111010100100100100111110011001100000000000000000000000000000000010
1011111101101100110110001010101111100000000000000000000000000000000010
1011100010011011011000010111110110100000000000000000000000000000000010
1011001110100111111110010101111011000000000000000000000000000000000010
1010011011110010000010010110111101100000000000000000000000000000000010
1011110110001111001011100000111110100000000000000000000000000000000010
1010110010001110000110101111000010100000000000000000000000000000000010
1010011000011011001111111100011010100000000000000000000000000000000010
1011011110000100110101001110011001100000000000000000000000000000000010
1010000000011000111011100101010100100000000000000000000000000000000010
1010100000101111100010110011011111000000000000000000000000000000000010
1011001011000101111101011100100010100000000000000000000000000000000010
1010011111100101010100000001011001100000000000000000000000000000000010
1011010110010100101000101101101000000000000000000000000000000000000010
1010000011011000100111110101010100000000000000000000000000000000000010
1011111101101000000100000111000110000000000000000000000000000000000010
1011010001111011011011101101101101100000000000000000000000000000000010
1010111100000100001100100000010010100000000000000000000000000000000010
1011111110010111011110101101100111000000000000000000000000000000000010
1010111101011110000110101100110011100000000000000000000000000000000010
1011111011000101101111001001101001100000000000000000000000000000000010
1010111110011111000110101001011110000000000000000000000000000000000010
1010100001111010111011000000011110000000000000000000000000000000000010
1011000001010000111000100000111001100000000000000000000000000000000010
1010101001001000110111100101100001000000000000000000000000000000000010
1011011110000110010110110000111111100000000000000000000000000000000010
1011010000011011001010111001100101100000000000000000000000000000000010
1011101101110010010111111011000010100000000000000000000000000000000010
1010001011010010011011001000001110100000000000000000000000000000000010
1010010110100000010101011100101111100000000000000000000000000000000010
1010111011011010110101010001000100000000000000000000000000000000000010
1011000010011000100010011000111101100000000000000000000000000000000010
1011111111010100010011000101110100100000000000000000000000000000000010
1011011010001001110110101000011000100000000000000000000000000000000010
1011101000011100011111011111111100000000000000000000000000000000000010
1011010101100110000101111110111110100000000000000000000000000000000010
1011100100010011111000011110001100000000000000000000000000000000000010
1010010000111010001001110000010010000000000000000000000000000000000010
1010001100101000100111010110011000000000000000000000000000000000000010
1011100011000100011101001110010011000000000000000000000000000000000010
1010101111001011101100010011110000000000000000000000000000000000000010
1010011010010011010110111010101100000000000000000000000000000000000010
1010010011000010100101101101111000100000000000000000000000000000000010
1011111000111111101001011010110001100000000000000000000000000000000010
1010001000010101010111101101011011100000000000000000000000000000000010
1010110100011111100110001001000101100000000000000000000000000000000010
1010100111101101010001011000110111100000000000000000000000000000000010
1011011001100101011011101110011110000000000000000000000000000000000010
1010111111001111011100101110110010100000000000000000000000000000000010
1010101000110111101011010000011000000000000000000000000000000000000010
1011001010010101011100001000100111000000000000000000000000000000000010
1010101000101110001100011010100111100000000000000000000000000000000010
1011100101100100110001111001000100000000000000000000000000000000000010
1011011110000101110000011001000101100000000000000000000000000000000010
1010110011001001010001100010001010100000000000000000000000000000000010
1010111110101111110001101111000011000000000000000000000000000000000010
1010000100011101000011001110010111000000000000000000000000000000000010
1010101000001000010100010001101000100000000000000000000000000000000010
1011011111010001100010001011011111000000000000000000000000000000000010
1011110100011001000001111010001110100000000000000000000000000000000010
1011111101000001010011000111000100000000000000000000000000000000000010
1010010000110100111100110111000111000000000000000000000000000000000010
1010011110101011011001101100111000000000000000000000000000000000000010
1010010001001001110010111001110000100000000000000000000000000000000010
1011001010000110001110111111110011100000000000000000000000000000000010
1010101001000000010110100101111001100000000000000000000000000000000010
1011111000110101000010100101110001100000000000000000000000000000000010
1011111101100000000010010001011100100000000000000000000000000000000010
1011001000001011001101100000101100000000000000000000000000000000000010
1010001000110110001110011010000001000000000000000000000000000000000010
1010001000011101011000100111010011000000000000000000000000000000000010
1011000111100010110000001101111000100000000000000000000000000000000010
1011011101001110101101100000111101000000000000000000000000000000000010
1010010011000100100111000001101100000000000000000000000000000000000010
1011010011101001100011100001001011000000000000000000000000000000000010
1010110110101001101001011111011100000000000000000000000000000000000010
1011001001101010101100100111100110000000000000000000000000000000000010
1010001010011000101011001000100000000000000000000000000000000000000010
1011010101000010111010110110000011000000000000000000000000000000000010
1010100101111011011001100100010001100000000000000000000000000000000010
1011101111010010110100111101111000000000000000000000000000000000000010
1010010110110111011100001000100001000000000000000000000000000000000010
1010111000000111010110111001001010000000000000000000000000000000000010
1011111001010001000011111100011111000000000000000000000000000000000010
1010100011101011011101110100100010000000000000000000000000000000000010
1010111100101001100110011100101100000000000000000000000000000000000010
1011001111100100101010111001011111000000000000000000000000000000000010
1010011110110110100010011111101001000000000000000000000000000000000010
1010000101010011100100111011100110100000000000000000000000000000000010
1011001010010001010011001110101100100000000000000000000000000000000010
1011010010010100110000100000001010100000000000000000000000000000000010
1011001100000001011000111011100010000000000000000000000000000000000010
1010111111111010100110000000001000000000000000000000000000000000000010
1011001101000001110110111100011100000000000000000000000000000000000010
1010011000010110010011111101011010100000000000000000000000000000000010
1010110000100000010111110000000010000000000000000000000000000000000010
1011000111001110010010110011110010100000000000000000000000000000000010
1010111001010100011111001101011100100000000000000000000000000000000010
1011111101001000110111000100110111100000000000000000000000000000000010
1010110101110100101110010111000101000000000000000000000000000000000010
1011001101000011100110000110011110100000000000000000000000000000000010
1010000110100100110010010101010011000000000000000000000000000000000010
1010111001001011110011101100001011000000000000000000000000000000000010
1011001101010001001001010011111001000000000000000000000000000000000010
1011010000011101101101101100011000100000000000000000000000000000000010
1011011000011001111100111010001101000000000000000000000000000000000010
1011110111001011111110100110010001000000000000000000000000000000000010
1010010010011100100110000111011011100000000000000000000000000000000010
1011011101001001010110100001010110100000000000000000000000000000000010
1010011100001111110001010000110010100000000000000000000000000000000010
1011100001001011011110001011011100000000000000000000000000000000000010
1011101001001110000110000010001111000000000000000000000000000000000010
1010001111110110000100101111010101000000000000000000000000000000000010
1010000100111001001101000010110100000000000000000000000000000000000010
1010000010001111100001000010010000000000000000000000000000000000000010
1010011000111010111111000110101011100000000000000000000000000000000010
1011011000001011000001010010011101000000000000000000000000000000000010
1010101000101101000000001010110000100000000000000000000000000000000010
1011100001110011010001100010101111000000000000000000000000000000000010
1011101100101011000110101011100000000000000000000000000000000000000010
1010101011110100000000000000010001000000000000000000000000000000000010
1010000111001111010110011011110101100000000000000000000000000000000010
1011110011111001000000111011100111100000000000000000000000000000000010
1011011101110000111010110100001110000000000000000000000000000000000010
1010010101011011110011000011111100100000000000000000000000000000000010
1011010000101110110010011000011100100000000000000000000000000000000010
1010000011000110000001100010000111100000000000000000000000000000000010
1010110101111000000101110000101000100000000000000000000000000000000010
1011110100101101010010100000110110000000000000000000000000000000000010
1011000111100000000111110111011000100000000000000000000000000000000010
1010100001000110100100110000001110100000000000000000000000000000000010
1010011011110111010111110100100010100000000000000000000000000000000010
1011110001011111100000111011110011000000000000000000000000000000000010
1011001010001010110001011111011100100000000000000000000000000000000010
1011010111100010000111111111101111100000000000000000000000000000000010
1010111111010101110001101001101001100000000000000000000000000000000010
1011010100000101101001001111111110100000000000000000000000000000000010
1011000010100110000100110000010101000000000000000000000000000000000010
1011000101101110101001001001110111000000000000000000000000000000000010
1011010101100110010010111001001011000000000000000000000000000000000010
1011000111011011100000001011011100000000000000000000000000000000000010
1011001101001101100110001000110011000000000000000000000000000000000010
1011111001110100011010100110010010000000000000000000000000000000000010
1011101001010010011101111001110101000000000000000000000000000000000010
1010010100010111110111010110101011000000000000000000000000000000000010
1011100111001100011001001010001011000000000000000000000000000000000010
1011001000110111110100011101100000100000000000000000000000000000000010
1010111111010111111000111011110000000000000000000000000000000000000010
1011000101110110110000011010000110100000000000000000000000000000000010
1011001011111001100110001100110101100000000000000000000000000000000010
1010101001001111111001001111110100100000000000000000000000000000000010
1010111000100011111111011001100011100000000000000000000000000000000010
1010110001101011100101010100010011000000000000000000000000000000000010
1011101001000010001011010000010111000000000000000000000000000000000010
1011001100110011111101110110100001000000000000000000000000000000000010
1011110000111101011010100011011001000000000000000000000000000000000010
1010000110100011011001110110100011100000000000000000000000000000000010
1010111011100111101011011111101011000000000000000000000000000000000010
1010001010010000000100001110011110100000000000000000000000000000000010
1011010001011101010111000101001100000000000000000000000000000000000010
1010001110100010010011111000001101100000000000000000000000000000000010
1010101110100000010000010000110110000000000000000000000000000000000010
1010100001011001100100001010100101100000000000000000000000000000000010
1010111100111011100001101111000111100000000000000000000000000000000010
1010111000100001111111100111101011100000000000000000000000000000000010
1010101001100000001101010011001110000000000000000000000000000000000010
1010111111110001111111011000111110000000000000000000000000000000000010
1011101011110011110101111111001000000000000000000000000000000000000010
1011010000111000111110001000010101100000000000000000000000000000000010
1010000000000110010101100100101011000000000000000000000000000000000010
1011010111001111001111001111010101000000000000000000000000000000000010
1010010110000110011011001001010110100000000000000000000000000000000010
1011101101010011100101100101111110100000000000000000000000000000000010
1011000000101110010101101100001111000000000000000000000000000000000010
1011100100100000111111011111110001100000000000000000000000000000000010
1011101111111110000101101110001111100000000000000000000000000000000010
1011010000100101000101010000010101000000000000000000000000000000000010
1011101011110000010110101011011010100000000000000000000000000000000010
1011111101011111100001001000011110000000000000000000000000000000000010
1010010100001011001010111110010110000000000000000000000000000000000010
1010100110000011111001001011100110100000000000000000000000000000000010
1011111111011001101100100110111010000000000000000000000000000000000010
1010100010000100011110110001100110100000000000000000000000000000000010
1010100011011011011011100110000111000000000000000000000000000000000010
1010110010011100010010110111001100000000000000000000000000000000000010
1010111001000001100101001101111100100000000000000000000000000000000010
1011010001001111101010110111111001100000000000000000000000000000000010
1010101000100001101011110100111000000000000000000000000000000000000010
1011101111111000110110111000001011100000000000000000000000000000000010
1011110011111001011010010010100010000000000000000000000000000000000010
1011010011000111011111010001110110100000000000000000000000000000000010
1011000101000010000101110000110101000000000000000000000000000000000010
1011011000110100011100010101000100100000000000000000000000000000000010
1010111010010111111111110001001111000000000000000000000000000000000010
1010101111111101010100111101011101000000000000000000000000000000000010
1011011011011001010001010010101111000000000000000000000000000000000010
1010000011110000110110011011000110100000000000000000000000000000000010
1010110001110001010101100101110000000000000000000000000000000000000010
1011001101001111100011010101110011100000000000000000000000000000000010
1011001101010110110111101100111101100000000000000000000000000000000010
1011100001110101010010111101110101000000000000000000000000000000000010
1010110111010100111001110111111111000000000000000000000000000000000010
1011000111111011100011101101011000100000000000000000000000000000000010
1011010000011011011000100111000101000000000000000000000000000000000010
1010101110110001010010010001011110100000000000000000000000000000000010
1011110001110001010100101101010111000000000000000000000000000000000010
1010001101011001111111110010111010000000000000000000000000000000000010
1010001001001101101011000000111100000000000000000000000000000000000010
1011100000110111111100011101110111000000000000000000000000000000000010
1011111100000100001000011011100011000000000000000000000000000000000010
1010100001101111101000110111011000100000000000000000000000000000000010
1010111000010100011110010011001110000000000000000000000000000000000010
1011100101011000101111011101100101100000000000000000000000000000000010
1011110011110000000000111101001000100000000000000000000000000000000010
1010001111011000011111110000100011100000000000000000000000000000000010
1011010111111000111001010010111011000000000000000000000000000000000010
1010100010110101110011001110100011100000000000000000000000000000000010
1010011101001000010100001001001011000000000000000000000000000000000010
1010001000010101011000110101101010100000000000000000000000000000000010
1011100001010111101110000000001011100000000000000000000000000000000010
1011101110011000010010000011111101100000000000000000000000000000000010
1010100101110011101110010010111010100000000000000000000000000000000010
1010000111000010011001101100000011100000000000000000000000000000000010
1011000011010100100011001111000100000000000000000000000000000000000010
1010110111101001101001001100011001100000000000000000000000000000000010
1011111110000100110101101011100010000000000000000000000000000000000010
1010011101010100111010000111110110100000000000000000000000000000000010
1011001100110111000100110100101011000000000000000000000000000000000010
1011010000111111000110001100001100100000000000000000000000000000000010
1010001001011011000101110011001000000000000000000000000000000000000010
1010100110111011000101110011010110100000000000000000000000000000000010
1011010101010111111101001010001000100000000000000000000000000000000010
1010000010100100010000111100000011000000000000000000000000000000000010
1011100101100110011011110101011100000000000000000000000000000000000010
1011010111011010010010101100011111000000000000000000000000000000000010
1010010011010001110000111000101100100000000000000000000000000000000010
1011011111111101100010000110011110100000000000000000000000000000000010
1011001100011101000100110100110001000000000000000000000000000000000010
1011100100101011001110100111111001000000000000000000000000000000000010
1010011011111001110011001110010000000000000000000000000000000000000010
1010101001110000010011110101000001000000000000000000000000000000000010
1011101000010101101110110100110101100000000000000000000000000000000010
1010000100011001110111000101011111000000000000000000000000000000000010
1010110101100101101001111011111100100000000000000000000000000000000010
1011101111111001110010000111000010100000000000000000000000000000000010
1010001101000101100000111000000110100000000000000000000000000000000010
1010000100101100001000101000101000100000000000000000000000000000000010
1010101001110001101110001110010111000000000000000000000000000000000010
1010111000111100010110000111101000100000000000000000000000000000000010
1010001011111100001000000001001100100000000000000000000000000000000010
1011100010011010001101000100011111100000000000000000000000000000000010
1011100111000011001011001100110011000000000000000000000000000000000010
1011000101111000010100100100101110100000000000000000000000000000000010
1010011001110100010000001010101001100000000000000000000000000000000010
1011000011000111100001100001110110000000000000000000000000000000000010
1010100010100101011001010010111011000000000000000000000000000000000010
1010001011011101111010010101011100000000000000000000000000000000000010
1010001001001011111001100100100000100000000000000000000000000000000010
1010101010011100000011010011011111100000000000000000000000000000000010
1011011001000011011001010111100010100000000000000000000000000000000010
1010100001011000101010110100011000100000000000000000000000000000000010
1010000111100000001001101010101011100000000000000000000000000000000010
1011010011011111101111100111000010100000000000000000000000000000000010
1010010000000011011111001101000101100000000000000000000000000000000010
1011000001000100101001100001110000000000000000000000000000000000000010
1010011111111110010101110111010100000000000000000000000000000000000010
1010011100110100010100111100001000100000000000000000000000000000000010
1011001110010001100110010100100111100000000000000000000000000000000010
1010001011111100000001010100101100000000000000000000000000000000000010
1010000001111001011011110000000011100000000000000000000000000000000010
1010110100000111111011011000111010000000000000000000000000000000000010
1011111000111000001111110000011001100000000000000000000000000000000010
1010100011011000010000111101100010100000000000000000000000000000000010
1011011110101110011110111110110110100000000000000000000000000000000010
1010000110010101100110111101101011100000000000000000000000000000000010
1011001011111111001100111111011001100000000000000000000000000000000010
1010001010101011011100001101111101000000000000000000000000000000000010
1011010000100000011011110000010000000000000000000000000000000000000010
1010100100000101011101101100011110000000000000000000000000000000000010
1011100001011010110001100010100101100000000000000000000000000000000010
1010111010000010000000010110101111100000000000000000000000000000000010
1011010001001010000011111100111101000000000000000000000000000000000010
1011011110011101010000001100110111000000000000000000000000000000000010
1010110101000011000010001010000001100000000000000000000000000000000010
1011010100111100100110101000110101000000000000000000000000000000000010
1010101000001101010111011000100011000000000000000000000000000000000010
1011010110101000100111111110001110100000000000000000000000000000000010
1011110001101110101111110000111011000000000000000000000000000000000010
1011100000101111001100111100110111100000000000000000000000000000000010
1011110101100111000011001100010101100000000000000000000000000000000010
1011111101110111011100010011001111100000000000000000000000000000000010
1010110111010101000000001001110001000000000000000000000000000000000010
1010010000011100110001000000101000000000000000000000000000000000000010
1011010101101110111001011111100111000000000000000000000000000000000010
1011111001001001101001011101101110100000000000000000000000000000000010
1011101100000000100101010110001101100000000000000000000000000000000010
1010111000110111101001110011111001000000000000000000000000000000000010
1011010111111001010111110100011101100000000000000000000000000000000010
1011010100001101011100111101110101100000000000000000000000000000000010
1010110011101011000001001011100111000000000000000000000000000000000010
1011110001110111111100000011110111100000000000000000000000000000000010
1010110011111110101010010000000101000000000000000000000000000000000010
1011111110100110111010000100110001000000000000000000000000000000000010
1011010101100100100101100011110001100000000000000000000000000000000010
1010011000111101100000110111110011100000000000000000000000000000000010
1010010000001001111010101010010001100000000000000000000000000000000010
1011000101110100111000111101001101100000000000000000000000000000000010
1010010000111000101100111001011011100000000000000000000000000000000010
1011101100001110110010010010110010000000000000000000000000000000000010
1011010111011010001010011110010010100000000000000000000000000000000010
1011100010010101101011100001001110100000000000000000000000000000000010
1011010011100111101101110101011101000000000000000000000000000000000010
1010001100100100100011001101000110000000000000000000000000000000000010
1010110110101000100011001011011101100000000000000000000000000000000010
1010001011101110011011111110110111000000000000000000000000000000000010
1011101101111100111010001101001011100000000000000000000000000000000010
1011000010101110111100000010010100000000000000000000000000000000000010
1010010101111000100000001011010010100000000000000000000000000000000010
1011111110000010110111100001000100000000000000000000000000000000000010
1011010111110001101101110000001011100000000000000000000000000000000010
1011001000011000100111011111010110100000000000000000000000000000000010
1010111111010010001000001000011100100000000000000000000000000000000010
1011011010110000111011101111100001000000000000000000000000000000000010
1010101101110101000011001110100101000000000000000000000000000000000010
1010010011100100111101011110101100000000000000000000000000000000000010
1011111001010010100000001001011101100000000000000000000000000000000010
1011101000001010000111101101000000000000000000000000000000000000000010
1011110101001110101101101110101101000000000000000000000000000000000010
1011001001001000101010101110000100100000000000000000000000000000000010
1010000001100100101000101011111000000000000000000000000000000000000010
1010011100010001110100000001100001100000000000000000000000000000000010
1011000100000110100001111101111000000000000000000000000000000000000010
1011110011001000110011110101101111000000000000000000000000000000000010
1010011101110000010001001010001011000000000000000000000000000000000010
1011001010010111111110000100101001100000000000000000000000000000000010
1011010101010100111110010000000001100000000000000000000000000000000010
1010001101100111001010001001010110100000000000000000000000000000000010
1011101100000110101111001001011001000000000000000000000000000000000010
1010100100110010100000111000111110100000000000000000000000000000000010
1010111101001100001001010001010101100000000000000000000000000000000010
1010100001111010000101001110010111100000000000000000000000000000000010
1011011001001011010111101111111110000000000000000000000000000000000010
1010001011110001001110011110111001000000000000000000000000000000000010
1011100011101010110001011100111011100000000000000000000000000000000010
1010011001110000011110000100000111100000000000000000000000000000000010
1010101010011110111100000011001100000000000000000000000000000000000010
1010111011101001001110111011101001100000000000000000000000000000000010
1011100101011110101011001100100110100000000000000000000000000000000010
1011100110001011000010100001000010000000000000000000000000000000000010
1011001000001000111100011110011101100000000000000000000000000000000010
1010001111000101001000010100100001000000000000000000000000000000000010
1011100011001101111111011100110101100000000000000000000000000000000010
1011000000110010010110111011011111100000000000000000000000000000000010
1011100110101010101101111010010000100000000000000000000000000000000010
1010100011000000000001100111001100100000000000000000000000000000000010
1011001001001101001001011010110000000000000000000000000000000000000010
1010011010111001010001101110000000100000000000000000000000000000000010
1011010001001110010001111000101110100000000000000000000000000000000010
1010001110101010101101000101000101000000000000000000000000000000000010
1010000111000010100110110111010010100000000000000000000000000000000010
1010100111011011001100111111001001000000000000000000000000000000000010
1011001001011011011001110101101100000000000000000000000000000000000010
1011000011100101010000001110010010100000000000000000000000000000000010
1011001101001100010011000110110001000000000000000000000000000000000010
1010010000100010011101011111010100000000000000000000000000000000000010
1011110001000101010000111110110011100000000000000000000000000000000010
1011010111001011000001110010100110100000000000000000000000000000000010
1010011101000110111010001001011110000000000000000000000000000000000010
1011110011010110110000110011010011100000000000000000000000000000000010
1010011101100111111010100001111111000000000000000000000000000000000010
1011110111001000001110011011111010000000000000000000000000000000000010
1010101010001101111111010011101001000000000000000000000000000000000010
1011000110010010100110011010001100000000000000000000000000000000000010
1011011001101101100000011100011000000000000000000000000000000000000010
1011000010011011101111011100100000000000000000000000000000000000000010
1011101001100010100111110000011110000000000000000000000000000000000010
1010010101010100001110110111000100000000000000000000000000000000000010
1010001011001100111001101001101011000000000000000000000000000000000010
1011010010001000100100100010110010000000000000000000000000000000000010
1011111110111100000010001000011000100000000000000000000000000000000010
1011001100110010000100111010111100100000000000000000000000000000000010
1010011111000010011001001011001100100000000000000000000000000000000010
1011100110010101100111110100111100000000000000000000000000000000000010
1011110000011011001100100011101111100000000000000000000000000000000010
1010110101100100100000110010000100000000000000000000000000000000000010
1011010011011101101010010101100000100000000000000000000000000000000010
1010001011110100100101110001000011000000000000000000000000000000000010
1010110000111000100110000101010110000000000000000000000000000000000010
1010000111100100010011011100000000000000000000000000000000000000000010
1010111101100010010110110101100000100000000000000000000000000000000010
1011111100000101000010000100000110100000000000000000000000000000000010
1010010111111010110010100010010100100000000000000000000000000000000010
1010000110000110010111110000101010100000000000000000000000000000000010
1011111111000001000100110011111011100000000000000000000000000000000010
1011001001100100100000011101001000100000000000000000000000000000000010
1011010101110000001110010100001101000000000000000000000000000000000010
1010111100000001010011100110100010000000000000000000000000000000000010
1011000010111001111100000011101110000000000000000000000000000000000010
1011010101110011101101010011010101100000000000000000000000000000000010
1010011010011100000111100100100000000000000000000000000000000000000010
1011100010011111111101101110111100000000000000000000000000000000000010
1010111000010111010011010001011110100000000000000000000000000000000010
1011010011001000100111001100100001000000000000000000000000000000000010
1011110111111101000111110100101111100000000000000000000000000000000010
1010100110100101011010101110111011100000000000000000000000000000000010
1011000111010010110000010111100111100000000000000000000000000000000010
1010001101001010111011010110101001000000000000000000000000000000000010
1010001111111001001100001101110100100000000000000000000000000000000010
1010111101011000101011110101100111000000000000000000000000000000000010
1011000010100111110110011001000110100000000000000000000000000000000010
1010110000101010011100110110110100100000000000000000000000000000000010
1010100101100111011011011110011011000000000000000000000000000000000010
1011010010101100001111000001110110100000000000000000000000000000000010
1010101010101101000100111110010010000000000000000000000000000000000010
1010001111100010100101000111100100000000000000000000000000000000000010
1010110001111101101000111101001000000000000000000000000000000000000010
1011000111010001001100101110001001100000000000000000000000000000000010
1010000000110101101100001010110001100000000000000000000000000000000010
1011000011010111010100010010001101100000000000000000000000000000000010
1011111101111010100010011111101111000000000000000000000000000000000010
1011000011001100010101010100011000000000000000000000000000000000000010
1011000010110110101010101011001000000000000000000000000000000000000010
1011100000100110100001111000111000000000000000000000000000000000000010
1010111110000101010000000101001001100000000000000000000000000000000010
1011101101110111100100111110101000100000000000000000000000000000000010
1011000100110010111011010000101011000000000000000000000000000000000010
1011100001100100001101101111111001000000000000000000000000000000000010
1010000111011011000101101110011011100000000000000000000000000000000010
1011001110111101001111111010110010000000000000000000000000000000000010
1011011101000110101100001011001001000000000000000000000000000000000010
1011110001100001000011101000100111000000000000000000000000000000000010
1010001100010101000010100000011100000000000000000000000000000000000010
1011010110110011000111110111111111000000000000000000000000000000000010
1010001010000011010100000101000110100000000000000000000000000000000010
1011111100111000000010100011011111100000000000000000000000000000000010
1010001001011011010101011000011010000000000000000000000000000000000010
1011001100000011000111110110010000100000000000000000000000000000000010
1011011001101011100101110100011011100000000000000000000000000000000010
1010101000000001100001011001000111000000000000000000000000000000000010
1011101010011010000001110101101000000000000000000000000000000000000010
1011010001111011100111100111010010000000000000000000000000000000000010
1010111111011100111111111001101010100000000000000000000000000000000010
1011100001011010000000110111111100100000000000000000000000000000000010
1010010101011100111101010001001110000000000000000000000000000000000010
1011011011010110111101100010000100100000000000000000000000000000000010
1010111000001001110100000100011010100000000000000000000000000000000010
1010110001011001000000100001111000100000000000000000000000000000000010
1011001101000100101000010011101101000000000000000000000000000000000010
1010010000100100100011000011000100000000000000000000000000000000000010
1010001111011010000111001101101011000000000000000000000000000000000010
1011001001110000110001110101110000100000000000000000000000000000000010
1010010011111100001111110011110010100000000000000000000000000000000010
1010010000110111110101011010001111000000000000000000000000000000000010
1010101000111011100101101011111111100000000000000000000000000000000010
1011100000010001110011111011111110100000000000000000000000000000000010
1010011001011011001100101011010110100000000000000000000000000000000010
1011000011001101111011100000100111000000000000000000000000000000000010
1011101110101111011111101011101111000000000000000000000000000000000010
1011111010001001100011111011110000100000000000000000000000000000000010
1010010011110111000011110000100100000000000000000000000000000000000010
1010101011110011000100111111101001100000000000000000000000000000000010
1011000111100010011010101100100110100000000000000000000000000000000010
1011001011111111111010100000010001000000000000000000000000000000000010
1010000000010001111101101001000000000000000000000000000000000000000010
1011011010000101001101110011011000100000000000000000000000000000000010
1010110000011011100110011000111100100000000000000000000000000000000010
1011100001101001010101111000010000000000000000000000000000000000000010
1010101111011111010111101001101111000000000000000000000000000000000010
1010110010101001001101000010011001000000000000000000000000000000000010
1010000111101000100110100110010010100000000000000000000000000000000010
1010110011110111001101100000011111100000000000000000000000000000000010
1011000110001111111000011000101000000000000000000000000000000000000010
1010000010000011111001100001110111100000000000000000000000000000000010
1010100101000100010010100101000010100000000000000000000000000000000010
1011011100011011101101010111000011000000000000000000000000000000000010
1011101100000000000001100000000101000000000000000000000000000000000010
1011111111000111101111011100001111000000000000000000000000000000000010
1011100101111000100010011001110000100000000000000000000000000000000010
1010011111010100010100010011100110100000000000000000000000000000000010
1011010100001111011011101100101001000000000000000000000000000000000010
1011110110111011011010010101101000100000000000000000000000000000000010
1010011011100100001100101011000000000000000000000000000000000000000010
1010110110010001001011001001001010100000000000000000000000000000000010
1010010100010110110111001101000011000000000000000000000000000000000010
1011110010010111000011110011001000000000000000000000000000000000000010
1010101001110001101110011101101011100000000000000000000000000000000010
1010011110010100101111001111110010100000000000000000000000000000000010
1010011100111010100101011100011100000000000000000000000000000000000010
1010101110011111000001111000100001100000000000000000000000000000000010
1010111000010010101101100110001111100000000000000000000000000000000010
1011000001100111001011001000101101000000000000000000000000000000000010
1011111101101111101000110000100100000000000000000000000000000000000010
1010100000110110101001010010000010100000000000000000000000000000000010
1010011011010100110000010010100001100000000000000000000000000000000010
1010111001101000101000110111111111000000000000000000000000000000000010
1010111001101011000010110100101100100000000000000000000000000000000010
1011101111000011110100110011101010000000000000000000000000000000000010
1011010101100000101101111010101011000000000000000000000000000000000010
1010010001011111000011100000001111100000000000000000000000000000000010
