1010010111101011011011101110111101100000000000000000000000000000000010
1010101011010010110000100011000011100000000000000000000000000000000010
1011011110111111010011011101001010000000000000000000000000000000000010
1011111111101101000110010010111110000000000000000000000000000000000010
1011000001000101100010000100000100100000000000000000000000000000000010
1010101000111011011010011100000111000000000000000000000000000000000010
1011001000000000111100011000000111000000000000000000000000000000000010
1011110111001100100111110001010001000000000000000000000000000000000010
1010011011011001101000011101000011000000000000000000000000000000000010
1010100000110001110000111001000010100000000000000000000000000000000010
1010001100110111100100010001001010100000000000000000000000000000000010
1010111111000100001000010110111000100000000000000000000000000000000010
1011001011010111010110011010100011100000000000000000000000000000000010
1011110010101110001100011000000001000000000000000000000000000000000010
1011110101001010001000110001110100100000000000000000000000000000000010
1010010111100101011110100100000001000000000000000000000000000000000010
1010001010100000101000111110000111000000000000000000000000000000000010
1010000000101111101111001110111101100000000000000000000000000000000010
1010101010111001010111111100111100100000000000000000000000000000000010
1011101111111100101111000111100000100000000000000000000000000000000010
1011100000110000001010111010000001000000000000000000000000000000000010
1011001100011110111101000100011111000000000000000000000000000000000010
1010000001100010000100011110010100000000000000000000000000000000000010
1011100001110001101110111101001111000000000000000000000000000000000010
1011110111110111010101010101110011000000000000000000000000000000000010
1010001001100000111011001101011000000000000000000000000000000000000010
1011010001111100010010110001111011100000000000000000000000000000000010
1010001110111100000000101100011101100000000000000000000000000000000010
1011011100000000100010111010000111100000000000000000000000000000000010
1011001100010101111001111000000010100000000000000000000000000000000010
1011011001101001100000001100100101000000000000000000000000000000000010
1011010000000000001010110110110100100000000000000000000000000000000010
1010111001111000000111110111110000000000000000000000000000000000000010
1011010110001001001101110000111010100000000000000000000000000000000010
1011011101101101001111000000110001000000000000000000000000000000000010
1011000110000011001011000000010111100000000000000000000000000000000010
1011000110100000110010100111001100100000000000000000000000000000000010
1011110000111101011111010000101010100000000000000000000000000000000010
1011101000011010000111000100101110000000000000000000000000000000000010
1011011010000001101000111100001001000000000000000000000000000000000010
1011110011101101111111111110011111100000000000000000000000000000000010
1011011001011011100010100010011100000000000000000000000000000000000010
1011101101101111100100111000101100100000000000000000000000000000000010
1011001011001010010011000001000110000000000000000000000000000000000010
1010001110111001111111100101100111100000000000000000000000000000000010
1011000010100000110011101011100111000000000000000000000000000000000010
1010100100111111011100000100100000100000000000000000000000000000000010
1011110001110111101100001100100010100000000000000000000000000000000010
1011100000111001111100100010001111100000000000000000000000000000000010
1010001100110111011110100110101101100000000000000000000000000000000010
1010011101010101000101011101101011100000000000000000000000000000000010
1011100011111000110101110101101010100000000000000000000000000000000010
1011010110010000111100011100000110000000000000000000000000000000000010
1010100110001010100011101101101101100000000000000000000000000000000010
1010101010000111011010010000001010000000000000000000000000000000000010
1010110001111010101101001110100100000000000000000000000000000000000010
1011010100111011100100110101101100100000000000000000000000000000000010
1010111100011011101010100100111100100000000000000000000000000000000010
1010111001000000011000010110110100000000000000000000000000000000000010
1010100011010001010000001101001101000000000000000000000000000000000010
1010011101100110100101100101101110000000000000000000000000000000000010
1011011111110110010111110010111111000000000000000000000000000000000010
1011010010011110000100011110101011000000000000000000000000000000000010
1011101111111010010010011001111000000000000000000000000000000000000010
1010000101001010010010110111101010000000000000000000000000000000000010
1010111001001011111001101110010110000000000000000000000000000000000010
1010010010000101000010101010001111100000000000000000000000000000000010
1010111111010100100100100101001010100000000000000000000000000000000010
1011101001111111110101000110011011100000000000000000000000000000000010
1011000111000101000010001010100111000000000000000000000000000000000010
1011010100001000000000000010111011100000000000000000000000000000000010
1011010001110101010011111111110101000000000000000000000000000000000010
1010000001111110001010011001100010100000000000000000000000000000000010
1010101100101101110101100000001001100000000000000000000000000000000010
1010111110011111000111011010111111100000000000000000000000000000000010
1011010111010110100000000101011011000000000000000000000000000000000010
1011001101011111111111010011001000100000000000000000000000000000000010
1011001111000101101011011010011101000000000000000000000000000000000010
1011011110110101110001101000011100100000000000000000000000000000000010
1010010001110010010010100100001011100000000000000000000000000000000010
1011110101010100111011101100110111100000000000000000000000000000000010
1010110110111111010001011011001011000000000000000000000000000000000010
1010000111000001001001101011011111000000000000000000000000000000000010
1011111110101001100101001011011011000000000000000000000000000000000010
1010101101100101111001111001101011000000000000000000000000000000000010
1010010010111111101101111101100101100000000000000000000000000000000010
1010001110111001110101011010000000100000000000000000000000000000000010
1011110111101010010111101000101110000000000000000000000000000000000010
1010010010101100011110111000010111000000000000000000000000000000000010
1010111011100010100100111011011001000000000000000000000000000000000010
1010111001000001000011101010000000000000000000000000000000000000000010
1010100100101101001101101100101010000000000000000000000000000000000010
1011101000110100111010100011111101100000000000000000000000000000000010
1010001101101111110011100111100000000000000000000000000000000000000010
1011011010011110011001100011010001000000000000000000000000000000000010
1010110110001111001101110111000001000000000000000000000000000000000010
1010100101011010001010000111001011000000000000000000000000000000000010
1011100100110011001101111010011110100000000000000000000000000000000010
1011100111110001110000000100001111000000000000000000000000000000000010
1010101010100001011110011000001000000000000000000000000000000000000010
1011001100100001110111011100011001100000000000000000000000000000000010
1011110101101101001010101011110011000000000000000000000000000000000010
1010001010101001110101100110000001000000000000000000000000000000000010
1010000011000101110110110111011101000000000000000000000000000000000010
1010110100010001011010110111110011100000000000000000000000000000000010
1011011011000110000001100001010000100000000000000000000000000000000010
1011000100011111101000101101001101000000000000000000000000000000000010
1010010100110000101110011101001000000000000000000000000000000000000010
1010100100000000011100011001000100100000000000000000000000000000000010
1010001101111100011001100110011000000000000000000000000000000000000010
1011101100110011001111100001100010100000000000000000000000000000000010
1011000101001000110110111101011000000000000000000000000000000000000010
1011001101011011111110110000011101100000000000000000000000000000000010
1010101001100000111011001111010110000000000000000000000000000000000010
1011111100110110111110101101100001100000000000000000000000000000000010
1010001100011001000011011000100101000000000000000000000000000000000010
1011111111110110110001011001001100100000000000000000000000000000000010
1011011110101110011101111110010001100000000000000000000000000000000010
1010101100011001010010101000001000000000000000000000000000000000000010
1011000111000101110011010110011010000000000000000000000000000000000010
1011011010111010001100110100000011000000000000000000000000000000000010
1010010001010000010001001100000111100000000000000000000000000000000010
1011111011101101100110110101101101000000000000000000000000000000000010
1011101101100110110110011010100110000000000000000000000000000000000010
1011110110111000111001000000011001100000000000000000000000000000000010
1011010111001011101010000010101110000000000000000000000000000000000010
1011110000111001000001011111111101000000000000000000000000000000000010
1011111011100011001001100000111110000000000000000000000000000000000010
1011101001111011001111111100110111000000000000000000000000000000000010
1011100000111100011101000100011111100000000000000000000000000000000010
1011010000011000110110110010101001100000000000000000000000000000000010
1010110111010111110001011111101010000000000000000000000000000000000010
1011010000100011110001110111110011100000000000000000000000000000000010
1011110101100101111101110111111110000000000000000000000000000000000010
1010010111000100101111111010010101100000000000000000000000000000000010
1010100110101001000100000110111101000000000000000000000000000000000010
1010101010100100010110001101101000000000000000000000000000000000000010
1011011001001110010000001101100100100000000000000000000000000000000010
1010110010001000101000100101100001000000000000000000000000000000000010
1010100000111100111101010100010001000000000000000000000000000000000010
1010101010100110010100110111100110000000000000000000000000000000000010
1011100100010101111111011101101100100000000000000000000000000000000010
1010100000001100111110100010111001000000000000000000000000000000000010
1011011001101000010100000011010110000000000000000000000000000000000010
1010010000110000001111110100000010000000000000000000000000000000000010
1010010101111011010011001010000111100000000000000000000000000000000010
1011010010001100101110101001110010000000000000000000000000000000000010
1011100010001000110001010101011110000000000000000000000000000000000010
1011000100110001000110111010111010000000000000000000000000000000000010
1010100110010111101011101111011010100000000000000000000000000000000010
1010100001011000111110010010100011000000000000000000000000000000000010
1010001001110001000010111000100011100000000000000000000000000000000010
1010110010111000011001100001100111100000000000000000000000000000000010
1010100001110011001011111010100000100000000000000000000000000000000010
1010110101100110010100110101110100000000000000000000000000000000000010
1011010111111100011100111101001101100000000000000000000000000000000010
1010011101010111110010001011101110000000000000000000000000000000000010
1010100000010101111001000101111111000000000000000000000000000000000010
1010100000101101001100000101101011000000000000000000000000000000000010
1010100011000111100110111000110111000000000000000000000000000000000010
1010110101011000001001110101111101100000000000000000000000000000000010
1010100010110010100110100001011001000000000000000000000000000000000010
1011010000001001101100010100111100100000000000000000000000000000000010
1010110011110101111010110101001001100000000000000000000000000000000010
1011111000011111010011110110111101100000000000000000000000000000000010
1011101000011101111111011000101101100000000000000000000000000000000010
1010111010000100010101010011011110000000000000000000000000000000000010
1011101100011100011110110001110010000000000000000000000000000000000010
1010100101101010110111010010011011000000000000000000000000000000000010
1010101110011100000001000011010001000000000000000000000000000000000010
1011000111101011110111011110001111100000000000000000000000000000000010
1011011010000001101111111000001000100000000000000000000000000000000010
1011110101111010011111111001110101100000000000000000000000000000000010
1011101100010100001111010010101011100000000000000000000000000000000010
1010010001001110111011011011111110100000000000000000000000000000000010
1010001001011100100100010101101001000000000000000000000000000000000010
1011000001011011011001011110000111100000000000000000000000000000000010
1011111101000011111001001100010110000000000000000000000000000000000010
1010001110011001010010011001100001100000000000000000000000000000000010
1011011100000000111100100111111101000000000000000000000000000000000010
1011011100110100000010001101001011100000000000000000000000000000000010
1010001100001101010011111000101010000000000000000000000000000000000010
1011110000111010110001001000001011100000000000000000000000000000000010
1010011111011001100111100100101110100000000000000000000000000000000010
1011001000001001010001111111100100000000000000000000000000000000000010
1010010000000100011001001010100110000000000000000000000000000000000010
1011101101000011001011000010010000000000000000000000000000000000000010
1011001111101000111110010001001000000000000000000000000000000000000010
1011011011111011101011111011100111100000000000000000000000000000000010
1010001101010001010011111101100100100000000000000000000000000000000010
1010100011000010011000101001011011000000000000000000000000000000000010
1010000111111110011100000001011110000000000000000000000000000000000010
1011101000011100111010110111000111100000000000000000000000000000000010
1011000101010110101010111011100111100000000000000000000000000000000010
1011110001011101011001001011101010000000000000000000000000000000000010
1011011011111110011101010001110101100000000000000000000000000000000010
1011000110010001101100101110101101000000000000000000000000000000000010
1011110001010011111000100111010100100000000000000000000000000000000010
1011110010000000001001101110111111000000000000000000000000000000000010
1010010011000000000110110100011010000000000000000000000000000000000010
1010011000110010111011110111010010100000000000000000000000000000000010
1010100001001111101011110000010100100000000000000000000000000000000010
1011100011110110011111011110101111100000000000000000000000000000000010
1011101111000101100001001001101010000000000000000000000000000000000010
1010000001010111000100100110111100100000000000000000000000000000000010
1010101101111100101111010111001100000000000000000000000000000000000010
1010001011110100010100001101000000100000000000000000000000000000000010
1011001011001100111000101011010011000000000000000000000000000000000010
1011001110101111000101101101101101100000000000000000000000000000000010
1010000000010011010101110100001101000000000000000000000000000000000010
1011010011010101111110111101000100100000000000000000000000000000000010
1011110101001010010110010110011011000000000000000000000000000000000010
1011001010100000000111100110111111000000000000000000000000000000000010
1010011110101010101010011000000000100000000000000000000000000000000010
1011000000011011000101000110110000100000000000000000000000000000000010
1011111010111011011100101100101110100000000000000000000000000000000010
1010000001010011101000011011000110000000000000000000000000000000000010
1011000110000001001110111101111000000000000000000000000000000000000010
1011011100000101011111010010010110100000000000000000000000000000000010
1011100100001111110011101100011011000000000000000000000000000000000010
1010001111100000000111111101110001000000000000000000000000000000000010
1010110101011001001000001001001100000000000000000000000000000000000010
1010001010101010010101001111101010000000000000000000000000000000000010
1010001011100011010110010000000111000000000000000000000000000000000010
1010010011010011110001000011111000000000000000000000000000000000000010
1011000011001111101111011110111111100000000000000000000000000000000010
1010101010001100100010110010111110100000000000000000000000000000000010
1011111000011010011110110100000010100000000000000000000000000000000010
1010011001100000100111001000100110000000000000000000000000000000000010
1011110111000111001001101000101111000000000000000000000000000000000010
1010101001010011100110101110111000100000000000000000000000000000000010
1010011101011010011001011101110000000000000000000000000000000000000010
1011010010010101011001100011011100000000000000000000000000000000000010
1010011011111000000001101010001010100000000000000000000000000000000010
1011110010000101100110111001101111000000000000000000000000000000000010
1011011110010101010011000010001100100000000000000000000000000000000010
1011101001100011111011111011111100000000000000000000000000000000000010
1011111111110000001001010111111001100000000000000000000000000000000010
1011100001011000100101001001000011100000000000000000000000000000000010
1011010110010000000011111010110100000000000000000000000000000000000010
1010000010110001011111010000110010000000000000000000000000000000000010
1010001110000001110010001100001010100000000000000000000000000000000010
1011100000000000001101100100010001000000000000000000000000000000000010
1011101110000111011111000011110101000000000000000000000000000000000010
1011111001111100101101001111111101100000000000000000000000000000000010
1010000100010001100111010011111111100000000000000000000000000000000010
1011000000101000001111101001010111100000000000000000000000000000000010
1011000100111001111110100011110111100000000000000000000000000000000010
1010100001001001001011000010111111000000000000000000000000000000000010
1010000000110001101011000101011111100000000000000000000000000000000010
1010110011011001100011001101000011100000000000000000000000000000000010
1011100011101110010101010011011001000000000000000000000000000000000010
1011100000110100010011101111010010100000000000000000000000000000000010
1010100001000100000000110111101000100000000000000000000000000000000010
1010011111010100101111011101110100000000000000000000000000000000000010
1011001110000101001001010011011111100000000000000000000000000000000010
1010101000000011101111101111100111000000000000000000000000000000000010
1011011011111001101000001100010111000000000000000000000000000000000010
1011101000010001000010000110111000000000000000000000000000000000000010
1011110000111101110000111011111011000000000000000000000000000000000010
1011110011100001111100100001010000000000000000000000000000000000000010
1010101000011100001100101110011000100000000000000000000000000000000010
1010101100010101000111000000011110000000000000000000000000000000000010
1011111010101100110001101111011111100000000000000000000000000000000010
1010101000101011101101111111000011000000000000000000000000000000000010
1011100111001011000010011110001101000000000000000000000000000000000010
1010011001010110100110110111010001100000000000000000000000000000000010
1011111111110101100111110011010000000000000000000000000000000000000010
1011011000100001001000000101110011000000000000000000000000000000000010
1011101100010000001100010001001011100000000000000000000000000000000010
1011010111110110000011010111110010000000000000000000000000000000000010
1010110101110001110101100011001010000000000000000000000000000000000010
1010001011000000101101101111100010000000000000000000000000000000000010
1011010001011011001110100011011011100000000000000000000000000000000010
1011011011100100101011000001110101100000000000000000000000000000000010
1011011111110100110011111011000001000000000000000000000000000000000010
1011010000000001001010010100011001100000000000000000000000000000000010
1011111000111101111001101111001100000000000000000000000000000000000010
1011100110110100110101110101001100100000000000000000000000000000000010
1011110010011101010101000001111111000000000000000000000000000000000010
1010110111011110100110100010101011100000000000000000000000000000000010
1010101110110101000010110001110100100000000000000000000000000000000010
1011111001001000100110001010000101100000000000000000000000000000000010
1011101001101101100000111011110010000000000000000000000000000000000010
1010001000010001101010011010101000000000000000000000000000000000000010
1011110000111000111111001001000000000000000000000000000000000000000010
1010110111000101010011100010110101000000000000000000000000000000000010
1010100110010011110100001111111101100000000000000000000000000000000010
1010100010011111100011110110010001100000000000000000000000000000000010
1011101000110101100001011110110100000000000000000000000000000000000010
1010110011101111000110101100101000000000000000000000000000000000000010
1011001000110011101010101001111110100000000000000000000000000000000010
1011111110101111110100101010101001100000000000000000000000000000000010
1011101111000100111111111101111011000000000000000000000000000000000010
1011000001101111011010110111100000000000000000000000000000000000000010
1011100110000100010110011110001111000000000000000000000000000000000010
1011100011110101110111100101100001000000000000000000000000000000000010
1010001000001001101000100011011100000000000000000000000000000000000010
1010101110001010100101100110100111000000000000000000000000000000000010
1011011110000001000101111001101000000000000000000000000000000000000010
1011010110110110101110110001010000100000000000000000000000000000000010
1011000101100010000110001111101011100000000000000000000000000000000010
1010111000010111111011000111001100000000000000000000000000000000000010
1010010101001010000110011110101010100000000000000000000000000000000010
1011011101100000110100100000010000000000000000000000000000000000000010
1010100100101101001111110011111101000000000000000000000000000000000010
1010011010010000010011110100110010000000000000000000000000000000000010
1011110110100101001111110111010001100000000000000000000000000000000010
1010110000100100011011000101111100100000000000000000000000000000000010
1011000010011110100100111101000110000000000000000000000000000000000010
1010001101011000101101010011000010000000000000000000000000000000000010
1010111001001001001111000001101011100000000000000000000000000000000010
1010001011010010000010100010001010000000000000000000000000000000000010
1010001001111011100111110011000010000000000000000000000000000000000010
1010010010101111110011101010111000000000000000000000000000000000000010
1011000111111010110000110101000111100000000000000000000000000000000010
1010101111010010100111111111111101000000000000000000000000000000000010
1011011100111011010010101000100110000000000000000000000000000000000010
1010010000001010111011111111000110100000000000000000000000000000000010
1010011011110111000001100001001101000000000000000000000000000000000010
1011001100010101100111011001101111100000000000000000000000000000000010
1011110110011000001110101001110111100000000000000000000000000000000010
1010101100010111010011111000101001100000000000000000000000000000000010
1010111110111010111110111101100001100000000000000000000000000000000010
1010000001010001001100000101001111100000000000000000000000000000000010
1011110010110000111111111010100111000000000000000000000000000000000010
1011000100010000010010100011001000100000000000000000000000000000000010
1010110111000100100100001110000000100000000000000000000000000000000010
1011101000010111010001110100101000100000000000000000000000000000000010
1011001101001011101101000111000011100000000000000000000000000000000010
1010011000011010110001000010010010100000000000000000000000000000000010
1011001110010010110011001010010000000000000000000000000000000000000010
1010100011100001000011000100110111100000000000000000000000000000000010
1010100100010001001011100001110011000000000000000000000000000000000010
1011111100110101011010010101100101000000000000000000000000000000000010
1010001111010001010011000110100010000000000000000000000000000000000010
1011110110001010000110011111011011100000000000000000000000000000000010
1011010110111100001100100011100100100000000000000000000000000000000010
1010000110001100010101101100111000100000000000000000000000000000000010
1011101100001100010011100000001000100000000000000000000000000000000010
1010000011001010111110010110110011000000000000000000000000000000000010
1011011110110011100111111110011100100000000000000000000000000000000010
1011010111110001011000010010111011100000000000000000000000000000000010
1011110100011000111100010111110010000000000000000000000000000000000010
1011111101111000011101110001101101000000000000000000000000000000000010
1011011100110010001010001001101111100000000000000000000000000000000010
1010001100000010111010100000111100100000000000000000000000000000000010
1011010001010000011001010001101100100000000000000000000000000000000010
1010100101100110110000111100010010000000000000000000000000000000000010
1011110001000000101011111010101111100000000000000000000000000000000010
1011010110101111100101100100001011000000000000000000000000000000000010
1011000001110010110011000001001101100000000000000000000000000000000010
1010011100000010101100001011001110000000000000000000000000000000000010
1011101011000110011010101000101111100000000000000000000000000000000010
1010110101111111010100100010010101100000000000000000000000000000000010
1011110111100001000011001101111100100000000000000000000000000000000010
1010000100001101100100101100111110100000000000000000000000000000000010
1010010011010010110011010100010110000000000000000000000000000000000010
1011001010011001101001110010101110000000000000000000000000000000000010
1010110000010001000101000111101011100000000000000000000000000000000010
1010011100010110110100000011011110000000000000000000000000000000000010
1011001100001101000111001000111000100000000000000000000000000000000010
1011010101111100100101101100010110000000000000000000000000000000000010
1010111001100111110101111011100111100000000000000000000000000000000010
1010000000010000111111000100101100100000000000000000000000000000000010
1010001010001101100101000000111000100000000000000000000000000000000010
1011101100111000100000010110111100100000000000000000000000000000000010
1010010110010101010000110010011011100000000000000000000000000000000010
1010001000001001000000000101101001100000000000000000000000000000000010
1011011001101010111101010101000111100000000000000000000000000000000010
1010110101101111110100010101001101000000000000000000000000000000000010
1010110011111001101000011011100001100000000000000000000000000000000010
1011010011111011100000110110000100100000000000000000000000000000000010
1011001101111110101110100011000001000000000000000000000000000000000010
1011101101011110110111011001010011000000000000000000000000000000000010
1010010110010100101100011111001000000000000000000000000000000000000010
1010100011011101001101000101100111000000000000000000000000000000000010
1011001100000101101000100101101111000000000000000000000000000000000010
1011010010010010011011011111011110100000000000000000000000000000000010
1011000010000001110111111001000010000000000000000000000000000000000010
1011000100001000110110110011110111100000000000000000000000000000000010
1010111101100001101110010001110101000000000000000000000000000000000010
1010100100111011111001111100011111000000000000000000000000000000000010
1010011001110101111000110110110000100000000000000000000000000000000010
1010101000111000001001100000011111000000000000000000000000000000000010
1010111111001001011100011101111101000000000000000000000000000000000010
1011101110000011011011011101001110100000000000000000000000000000000010
1011111110000010111101110010000110000000000000000000000000000000000010
1011010111111010001110000100100110000000000000000000000000000000000010
1011010100101000011111101001001101100000000000000000000000000000000010
1011011010111010000010100001100100100000000000000000000000000000000010
1011110101110100001111111011010100000000000000000000000000000000000010
1010100011001011011010001001111011000000000000000000000000000000000010
1010001000000010011000001101010000000000000000000000000000000000000010
1011111011100101011011111010111100100000000000000000000000000000000010
1010011001101011101111110101010011000000000000000000000000000000000010
1011001100001011000111000101101011100000000000000000000000000000000010
1011010100010001000011011100010011000000000000000000000000000000000010
1011110101110111111110101001110101100000000000000000000000000000000010
1011110001110000000101001110110001000000000000000000000000000000000010
1011010010000011111001011111100000000000000000000000000000000000000010
1010001110001100000101011111010000100000000000000000000000000000000010
1011101100100100000000011011000001100000000000000000000000000000000010
1010101100010001011000101010101011000000000000000000000000000000000010
1011100100010001101011100100011010100000000000000000000000000000000010
1010000110100011001100011111010010100000000000000000000000000000000010
1011111101100001110000111010000001100000000000000000000000000000000010
1011100011001010000110001110000110000000000000000000000000000000000010
1011011110110111001111001110111100000000000000000000000000000000000010
1010000100110100011111000111011000100000000000000000000000000000000010
1011111010011001010000111001001111100000000000000000000000000000000010
1010100011110101111100000111001010000000000000000000000000000000000010
1010001011011110001001001111111110100000000000000000000000000000000010
1011000001110001010110001111000101100000000000000000000000000000000010
1010011100110011100010110111101000000000000000000000000000000000000010
1010010001111101110110110000100100100000000000000000000000000000000010
1011100111000101111110111111010010100000000000000000000000000000000010
1010111101110001001111111111111010000000000000000000000000000000000010
1010110010000010010011000100011110000000000000000000000000000000000010
1010001000011101001000100010011001100000000000000000000000000000000010
1010001110011111000100000110100101000000000000000000000000000000000010
1011010101001001011000000010011111000000000000000000000000000000000010
1010101101000001100011011000101010100000000000000000000000000000000010
1011110101010001110000110100100100100000000000000000000000000000000010
1011011011101100010001111000000001100000000000000000000000000000000010
1010000111111011100010110101111100100000000000000000000000000000000010
1010101110001110000100101101001111100000000000000000000000000000000010
1011111000100101000010111110000011000000000000000000000000000000000010
1011011000001000010101101101001100100000000000000000000000000000000010
1010001111010110001100010010110111000000000000000000000000000000000010
1011011110010010000011100001100011000000000000000000000000000000000010
1010110011001011011111010000000101100000000000000000000000000000000010
1010100010111001100111101000000000000000000000000000000000000000000010
1010011111011010100011111001111100000000000000000000000000000000000010
1010100010101010100110101110000010000000000000000000000000000000000010
1011100110111111111000111110001101000000000000000000000000000000000010
1010001011001000000101110111010001000000000000000000000000000000000010
1011101100010110010100111101000011000000000000000000000000000000000010
1011010100001011011101110010110101100000000000000000000000000000000010
1010101100101001010110010000000010100000000000000000000000000000000010
1011111010111111011011110111000100000000000000000000000000000000000010
1011110101110000011001100001101111100000000000000000000000000000000010
1011010001101010010111101000001001000000000000000000000000000000000010
1011010100011001001100111100111000000000000000000000000000000000000010
1010001101101011010000100101011111000000000000000000000000000000000010
1010001101001101100111011010011011000000000000000000000000000000000010
1011010001100001001111000111110010100000000000000000000000000000000010
1010110101001011100011100100001001000000000000000000000000000000000010
1011100010011011011010110101010100000000000000000000000000000000000010
1011111000110100011011001111110001000000000000000000000000000000000010
1011001101111100101000001011100001000000000000000000000000000000000010
1011100111110000100110111101100001100000000000000000000000000000000010
1010000101100001101000100110110001100000000000000000000000000000000010
1010011010101110100011110101100011100000000000000000000000000000000010
1011111000100101001111000111111001100000000000000000000000000000000010
1011101111101010110011101100001010000000000000000000000000000000000010
1010001110001100100010011011111000100000000000000000000000000000000010
1011110001010010110110000011011011100000000000000000000000000000000010
1010010111111001101101011100011111100000000000000000000000000000000010
1010011100100110000010001100011001100000000000000000000000000000000010
1011100001101110101011100111111110000000000000000000000000000000000010
1011010110010001101010101000110101100000000000000000000000000000000010
1010011111100000111010011100101000100000000000000000000000000000000010
1010000011101001100100111011000010100000000000000000000000000000000010
1010010110000001000000111111110010100000000000000000000000000000000010
1010010001001001100000110010001001100000000000000000000000000000000010
1010001111000000111111101011100001000000000000000000000000000000000010
1010101100011110110011001010100010000000000000000000000000000000000010
1010011100010000100110110110010011000000000000000000000000000000000010
1011011010101101001111111000100110000000000000000000000000000000000010
1010001011000100100001001111000101100000000000000000000000000000000010
1010000011111100111100011010011001100000000000000000000000000000000010
1010011110111111000110010000000001000000000000000000000000000000000010
1010110001000011010001111011111110100000000000000000000000000000000010
1010000111011011001111100011010000100000000000000000000000000000000010
1010000100001000100000111110110110100000000000000000000000000000000010
1011110111000110101000101111100010100000000000000000000000000000000010
1011010000010000000110000001100000100000000000000000000000000000000010
1011010100110001001100101111000001100000000000000000000000000000000010
1011000101110100001000110100111011000000000000000000000000000000000010
1011100010011100100011101000010100100000000000000000000000000000000010
1010111101100011101001110011110000000000000000000000000000000000000010
1011010001000011101110100011110010000000000000000000000000000000000010
1011000101011000100100000110001100000000000000000000000000000000000010
1011101110101001101101000000010010100000000000000000000000000000000010
1011010110100011101101101011110101000000000000000000000000000000000010
1010000111011100011110100001010011100000000000000000000000000000000010
1011011111110010100000110001011100100000000000000000000000000000000010
1011000110011111111110110101100110100000000000000000000000000000000010
1010110110101001110001110001011001100000000000000000000000000000000010
1011010010010001000111110011110011000000000000000000000000000000000010
1010101101011011111000010101111100100000000000000000000000000000000010
1011111111100110110101100111111100000000000000000000000000000000000010
1011000100000010100000010011110101100000000000000000000000000000000010
1011111001010011001001000101001010100000000000000000000000000000000010
1011100100110000101011101111010101100000000000000000000000000000000010
1010010100111010101100101001110110100000000000000000000000000000000010
1010101010111001101100111100010010100000000000000000000000000000000010
1011111011101110010111001101111110100000000000000000000000000000000010
1011111111011001001111110010011111100000000000000000000000000000000010
1010111000010001001101011101110000100000000000000000000000000000000010
1010111010001011101000101111100100000000000000000000000000000000000010
1010001001000101010101010010001101100000000000000000000000000000000010
1010110100100000101011100110001101100000000000000000000000000000000010
1010010010111001011001100000101100000000000000000000000000000000000010
1011010111001101000110110101000011000000000000000000000000000000000010
1011001101111001100010010000001111000000000000000000000000000000000010
1011000001110011110111000010000100100000000000000000000000000000000010
1011010111111000001001000101010000000000000000000000000000000000000010
1011010110001001011001111000000110000000000000000000000000000000000010
1011110010000101100000111011010011100000000000000000000000000000000010
1010100010011000111011101001111001100000000000000000000000000000000010
1011110000100110110011000011000001000000000000000000000000000000000010
1010001011011100000111001100100101000000000000000000000000000000000010
1010111000011001101110001011110101100000000000000000000000000000000010
1010100111000011000111010010001001000000000000000000000000000000000010
1010101101101110010011100000001010100000000000000000000000000000000010
1010001110100010101100001001111100000000000000000000000000000000000010
1010001001100100111011110101010001000000000000000000000000000000000010
1010011010010011010110110101010101000000000000000000000000000000000010
1010110000010011111001101001100110000000000000000000000000000000000010
1010101110110111000000000010110100000000000000000000000000000000000010
1011111001001000100010101111010011100000000000000000000000000000000010
1011100010100101100111011000011011000000000000000000000000000000000010
1010001111000100110111001100111011100000000000000000000000000000000010
1011110110100100111100000001010001100000000000000000000000000000000010
1010100110010101011110010101110011000000000000000000000000000000000010
1011101010000100100101100011011110100000000000000000000000000000000010
1010010010001110001101101011001101000000000000000000000000000000000010
1010100110100100101110010110010101100000000000000000000000000000000010
1010101000000100000101110111000010100000000000000000000000000000000010
1010110111111100111011100001101100000000000000000000000000000000000010
1011101000010101001101101010000001000000000000000000000000000000000010
1010111010110111111100111011011111000000000000000000000000000000000010
1010100000010010111101001001100010000000000000000000000000000000000010
1011110110000101111101011100111100000000000000000000000000000000000010
1011101011001100110101001001001111100000000000000000000000000000000010
1010000101111000101110010010000011000000000000000000000000000000000010
1011011110110010010101010011111111100000000000000000000000000000000010
1010101111011001101010011111101000100000000000000000000000000000000010
1011001010010101000101111001011101000000000000000000000000000000000010
1010100100010101010110101101111010100000000000000000000000000000000010
1011101110010011100101000110000111100000000000000000000000000000000010
1010110001001010001010001010010010000000000000000000000000000000000010
1011011000011010111100000100011000000000000000000000000000000000000010
1011010110000000001100111110000111000000000000000000000000000000000010
1011111011011010100010100110110000100000000000000000000000000000000010
1011011011101001001001010001100100100000000000000000000000000000000010
1010100100110110010001111001000101000000000000000000000000000000000010
1010010000101011101111111011101011100000000000000000000000000000000010
1010001001000010101101101100001001100000000000000000000000000000000010
1010011000100001101110010000011100000000000000000000000000000000000010
1010110110001010101100100101111000100000000000000000000000000000000010
1010001101001101001111100111011111000000000000000000000000000000000010
1011011110011100111011110110010111000000000000000000000000000000000010
1011111010000111110000001001100011000000000000000000000000000000000010
1010101010010001001001011100110001100000000000000000000000000000000010
1010011001110100011011101011100110100000000000000000000000000000000010
1010101100000011010111011110000001000000000000000000000000000000000010
1011000100100100100001000110110110100000000000000000000000000000000010
1011001110101100000110101101011011100000000000000000000000000000000010
1011100111101001000101110011010100000000000000000000000000000000000010
1011011011111000001111101100110000000000000000000000000000000000000010
1011110110001111110000101100001011000000000000000000000000000000000010
1010010001101100101011101001110110000000000000000000000000000000000010
1010011101001001011001001000010011100000000000000000000000000000000010
1010110100000110000010110100111100000000000000000000000000000000000010
1011100101111101100110000001110001100000000000000000000000000000000010
1010100101111101110100111001001111000000000000000000000000000000000010
1011100010111100010101110111010001100000000000000000000000000000000010
1010000111001100101101000110000011000000000000000000000000000000000010
1011001011101111100110101100111101100000000000000000000000000000000010
1010100000011111011011111100001111000000000000000000000000000000000010
1011011111001000010100001100111100000000000000000000000000000000000010
1011101110101000001000000101001001000000000000000000000000000000000010
1011011111001100100111011001001111000000000000000000000000000000000010
1010111011001111100101001011010001100000000000000000000000000000000010
1011100110010101011100110101011100100000000000000000000000000000000010
1011001100011101010001111100111001000000000000000000000000000000000010
1010010101110111111110111101000100000000000000000000000000000000000010
1011011111111110001111011101100011100000000000000000000000000000000010
1011001000011110111001010101111110100000000000000000000000000000000010
1011111011101111001010111001010100100000000000000000000000000000000010
1011111011001101101111010000010010000000000000000000000000000000000010
1011101110000100001010000110000011000000000000000000000000000000000010
1011110010011001011111110000111000000000000000000000000000000000000010
1010101001010010111001100010101101000000000000000000000000000000000010
1010001011011011100100001001101000000000000000000000000000000000000010
1010101011110100100111111111110011100000000000000000000000000000000010
1011100100011010110110011100010001100000000000000000000000000000000010
1010110111011000001101111001100001000000000000000000000000000000000010
1010100111100101010000111000010111100000000000000000000000000000000010
1010011010011000011010111111010010000000000000000000000000000000000010
1011100000010101100110100011100110000000000000000000000000000000000010
1010001100100111110000111011111010000000000000000000000000000000000010
1010001011010110111101010001011000100000000000000000000000000000000010
1011001101101010010001111111110010100000000000000000000000000000000010
1010101010100101101110001101010101000000000000000000000000000000000010
1010110001011011000000011111001011100000000000000000000000000000000010
1010100011111101111110101001110100100000000000000000000000000000000010
1011000101001000011001101011011011000000000000000000000000000000000010
1011101110110100011011000011100010100000000000000000000000000000000010
1010110011011110001000000010010110000000000000000000000000000000000010
1010111011100110101010000111010010000000000000000000000000000000000010
1011011010010100101111000101110000100000000000000000000000000000000010
1011101100010001101101010110000011100000000000000000000000000000000010
1010101000001011001111100011011000000000000000000000000000000000000010
1011001111010111100011111101001001100000000000000000000000000000000010
1011110111001100001101001100111011000000000000000000000000000000000010
1011001111101111010111100011011000000000000000000000000000000000000010
1011001000101000000010110110011001000000000000000000000000000000000010
1011100111100101111110101011010000000000000000000000000000000000000010
1010110010011010101100110100111110100000000000000000000000000000000010
1010101001001000010111010011100100000000000000000000000000000000000010
1011111110010101100100111110101011100000000000000000000000000000000010
1010100001100001001111001110001110100000000000000000000000000000000010
1011110100000111010101001101110101100000000000000000000000000000000010
1011110011011111000111010100001110100000000000000000000000000000000010
1011111111101100011010000010010011000000000000000000000000000000000010
1010000000000000100000001011000011000000000000000000000000000000000010
1010110000110011101100111110011001100000000000000000000000000000000010
1011111010000000000110000001010010000000000000000000000000000000000010
1010011001101011010010101010100110100000000000000000000000000000000010
1011011011100100101111000110000000100000000000000000000000000000000010
1010111000011110011101011000001000000000000000000000000000000000000010
1011011111111110111010010110010010100000000000000000000000000000000010
1010111001110100010110011010101011100000000000000000000000000000000010
1011001011111001110000011101000110000000000000000000000000000000000010
1010101011111110011010001010000000100000000000000000000000000000000010
1011110101111000100100001011010010100000000000000000000000000000000010
1011001000010110011001101010011111000000000000000000000000000000000010
1011001110001111011111111101001100100000000000000000000000000000000010
1011101010110111011011011010001000000000000000000000000000000000000010
1010010101110111011000000110000000100000000000000000000000000000000010
1011001011001011011011100010110000100000000000000000000000000000000010
1010010101111000010001000100000001100000000000000000000000000000000010
1011000001111011001010111110011001100000000000000000000000000000000010
1011001111011001111100110000000110100000000000000000000000000000000010
1010110011010100110101101011001101000000000000000000000000000000000010
1011000001100000100111101010000100000000000000000000000000000000000010
1011000111001011101110000010100010000000000000000000000000000000000010
1010000101110100110010110110011101100000000000000000000000000000000010
1011001100001111100001101001010111000000000000000000000000000000000010
1010110111111100000110110101110000000000000000000000000000000000000010
1011001001010101100100101100100010100000000000000000000000000000000010
1011110000110010011111100000010011100000000000000000000000000000000010
1010111110111001001011011010010011100000000000000000000000000000000010
1011000101110110101101011100111111100000000000000000000000000000000010
1011000010010001011110001111100101100000000000000000000000000000000010
1011101100010101110110100101000101100000000000000000000000000000000010
1010011001100101011100110010010100100000000000000000000000000000000010
1010100001011111110111110001010011000000000000000000000000000000000010
1010000010111101100000101001110000100000000000000000000000000000000010
1010011010110101101110001010001110100000000000000000000000000000000010
1010110101001101001110010011111100000000000000000000000000000000000010
1010110001111010000011111100011110100000000000000000000000000000000010
1011101010011010010111110110000000000000000000000000000000000000000010
1011001110010110100011100111011100100000000000000000000000000000000010
1010011000010110010111110000110011100000000000000000000000000000000010
1010100111101010000001011110111101000000000000000000000000000000000010
1010000110001011100100011101011101100000000000000000000000000000000010
1010110011110010111010101001011101000000000000000000000000000000000010
1010000011000000000101101001110110100000000000000000000000000000000010
1010010001011000010100110011110011100000000000000000000000000000000010
1010011000100000010001101000101010000000000000000000000000000000000010
1011010111101110111010110111000011100000000000000000000000000000000010
1010001101111000000110001101000111100000000000000000000000000000000010
1010001010000010011010100010000111000000000000000000000000000000000010
1011001010111100000011011100111101100000000000000000000000000000000010
1010111111010001000011111110000011000000000000000000000000000000000010
1010111111110100101110110101101011100000000000000000000000000000000010
1011000101011101111100010111000110000000000000000000000000000000000010
1011101010111010000011100001110011000000000000000000000000000000000010
1011011001101101101011110110101011100000000000000000000000000000000010
1011000010100101111000100001101111000000000000000000000000000000000010
1011100100010110010110001010011111100000000000000000000000000000000010
1011000001100000001001101111101101000000000000000000000000000000000010
1011000100010000001101101010110101000000000000000000000000000000000010
1011111111010010101001010100000101100000000000000000000000000000000010
1011011001010110101100010101001010000000000000000000000000000000000010
1011110100110011001001001100110000100000000000000000000000000000000010
1011101000100010001011100101011001100000000000000000000000000000000010
1011101000101010001100110010110101000000000000000000000000000000000010
1010010100111001101100111100101001000000000000000000000000000000000010
1011011110100000001101110011100001000000000000000000000000000000000010
1011001110111101111110100111110000000000000000000000000000000000000010
1011010111100010001101100011011111100000000000000000000000000000000010
1011101001110100100101011001011011100000000000000000000000000000000010
1010000110001001000110001010100100000000000000000000000000000000000010
1011010000101110101110011110001001100000000000000000000000000000000010
1010111100000010000110111011100110100000000000000000000000000000000010
1011010100001001001111011100001101000000000000000000000000000000000010
1010110111110010001110101111110010000000000000000000000000000000000010
1011100110010011110110100110010110000000000000000000000000000000000010
1011100000111001001001001011101111000000000000000000000000000000000010
1011010010010010110110111110011011100000000000000000000000000000000010
1011110010101101001101011011000110100000000000000000000000000000000010
1011101101101100001010001100101111000000000000000000000000000000000010
1011100011010011101110111101000101100000000000000000000000000000000010
1010001001010010111000000100010101000000000000000000000000000000000010
1010101100010001111111101000001001100000000000000000000000000000000010
1010100111000101101111111110010111100000000000000000000000000000000010
1011100010000001111110000111010101000000000000000000000000000000000010
1010111001011100001111110111000111100000000000000000000000000000000010
1010110101101010000010010001000101100000000000000000000000000000000010
1010000010011010000110110101001110000000000000000000000000000000000010
1010000111001100111110101000011110000000000000000000000000000000000010
1010010100011000010001000111001001000000000000000000000000000000000010
1011010100010110011000011111010001100000000000000000000000000000000010
1010101001011101100001100111110110100000000000000000000000000000000010
1010110000010100111010010100010101000000000000000000000000000000000010
1011101111011100101101111001000010000000000000000000000000000000000010
1011111100111110000101101110000011000000000000000000000000000000000010
1010010001011001010010001101001101000000000000000000000000000000000010
1011100101110110110010101010101110000000000000000000000000000000000010
1010001110100011010100100101001000100000000000000000000000000000000010
1011000100011110110010000101000000100000000000000000000000000000000010
1011101011110101011110110111010001000000000000000000000000000000000010
1011010000111110000010010001101111000000000000000000000000000000000010
1010100111111100110000000101011110100000000000000000000000000000000010
1011000110001011011011100101101010000000000000000000000000000000000010
1011111001011011110011111110101001000000000000000000000000000000000010
1011110001000000010111110111111110100000000000000000000000000000000010
1010110101010110011011011111010100000000000000000000000000000000000010
1010001101111000110110000110110011000000000000000000000000000000000010
1011101000111111101011101110101101000000000000000000000000000000000010
1010010010111001000111110100100110100000000000000000000000000000000010
1010111000000101010001011100101000000000000000000000000000000000000010
1011100111101011110101111000011011100000000000000000000000000000000010
1010011011101001111111011010111110000000000000000000000000000000000010
1011100011100101110000000000010011000000000000000000000000000000000010
1011100100000011000011110100010110000000000000000000000000000000000010
1010010111111010111111111011000000100000000000000000000000000000000010
1010010010100110000101100010101000100000000000000000000000000000000010
1010000011111101101110001110111001000000000000000000000000000000000010
1010100001110001010001101011011000000000000000000000000000000000000010
1011101100101100101111001100110011000000000000000000000000000000000010
1011110011100000111110001010001110100000000000000000000000000000000010
1010001011101001011100011000001101000000000000000000000000000000000010
1010101001110001110010100101111010100000000000000000000000000000000010
1011010101011010000101111010100011000000000000000000000000000000000010
1010011010000110100000101001011101100000000000000000000000000000000010
1010110000011001001110101111001100100000000000000000000000000000000010
1010111000101001011010010010010110100000000000000000000000000000000010
1011001110110111101000001101111101100000000000000000000000000000000010
1011010000010110011100001101000011100000000000000000000000000000000010
1010101010011011000001101110100101000000000000000000000000000000000010
1010110101011001011101110111100100000000000000000000000000000000000010
1011000111011110011000011001001001100000000000000000000000000000000010
1010101101000110000010000110010111100000000000000000000000000000000010
1010010000100100001001100110101100100000000000000000000000000000000010
1010100110000101001010110101101101100000000000000000000000000000000010
1011000000100101011100111010010110000000000000000000000000000000000010
1011110000100011001010011001110111100000000000000000000000000000000010
1011101100011111010001011111100101000000000000000000000000000000000010
1011010000000011001100010101010001000000000000000000000000000000000010
1011100110111010101001010011110011000000000000000000000000000000000010
1011110101001001110100100000100001100000000000000000000000000000000010
1010101000100011010010101111100001100000000000000000000000000000000010
1010011010000011100101110100100000100000000000000000000000000000000010
1011000100001010010100100000000110000000000000000000000000000000000010
1010100010010010111110011011000101100000000000000000000000000000000010
1011111101111000010100100001011110000000000000000000000000000000000010
1011110111000010111110110101011010000000000000000000000000000000000010
1011000100011101001001101100110011100000000000000000000000000000000010
1011100101010100000001110001000110100000000000000000000000000000000010
1010000100111110101000101011110011000000000000000000000000000000000010
1011000000000001100110010101100100000000000000000000000000000000000010
1010001011101010000011010100001001000000000000000000000000000000000010
1010001100000110011110010000001111000000000000000000000000000000000010
1010101101000000110110101101011011000000000000000000000000000000000010
1011110111100110110000100101111011100000000000000000000000000000000010
1010010010000101101001010110011001000000000000000000000000000000000010
1011101101111010101100010000101111000000000000000000000000000000000010
1011101100100001010011101010011101000000000000000000000000000000000010
1011001110000001011111110110110110000000000000000000000000000000000010
1011010001111001011101111001101110000000000000000000000000000000000010
1010011110110010101001011111111010100000000000000000000000000000000010
1010101100110110111010100101001011100000000000000000000000000000000010
1011100011100101100011010011001001100000000000000000000000000000000010
1010100111101111010101110111000011000000000000000000000000000000000010
1010000101000001100011111110001010000000000000000000000000000000000010
1010100101111010101010010000111101100000000000000000000000000000000010
1011011010100000100001110111100000000000000000000000000000000000000010
1010110001010001100001001000001100000000000000000000000000000000000010
1010111110110110101111011001100001000000000000000000000000000000000010
1010001110001101110011111001010100000000000000000000000000000000000010
1010100110010101011010110111111101000000000000000000000000000000000010
1011011101010110011010101101000011100000000000000000000000000000000010
1010100111010000100100111010000000100000000000000000000000000000000010
1011000011011010001100110000010011100000000000000000000000000000000010
1011010111001000011111101110110010000000000000000000000000000000000010
1011010000011010001111110101111100100000000000000000000000000000000010
1011011101000101001100110110100100000000000000000000000000000000000010
1011000010001001010011101110101001000000000000000000000000000000000010
1010011100000010001101001110100011000000000000000000000000000000000010
1010111111101111001010101000100100100000000000000000000000000000000010
1010100011010101111010011001111000100000000000000000000000000000000010
1011110000010001010001101010111001000000000000000000000000000000000010
1010111111001111000000101000101011100000000000000000000000000000000010
1010010000011010110101001001001100000000000000000000000000000000000010
1011111001011100000111001100000011100000000000000000000000000000000010
1010010110100001011010011110000010100000000000000000000000000000000010
1011111100000000000110101101100011100000000000000000000000000000000010
1010000010100100100010100011100101000000000000000000000000000000000010
1010110110011010111111010011111000100000000000000000000000000000000010
1010000010111011011100001100010000100000000000000000000000000000000010
1010110011101101101100011111110100100000000000000000000000000000000010
1010101101111110010100111100101111100000000000000000000000000000000010
1010100101101100011011010001010101100000000000000000000000000000000010
1011100011001110101111100001011101000000000000000000000000000000000010
1010011000000010110111100111001000000000000000000000000000000000000010
1010111101100101100101101011111101100000000000000000000000000000000010
1010010100111111010110001000010000100000000000000000000000000000000010
1010000001110111110011100110101101000000000000000000000000000000000010
1011011110010010101101011100001101100000000000000000000000000000000010
1010111101101111010111101101101010000000000000000000000000000000000010
1010001110110000000010011100010100100000000000000000000000000000000010
1010001011010000011101001101011101000000000000000000000000000000000010
1010000101001000110010110011111011100000000000000000000000000000000010
1010001011101101101010111001010010100000000000000000000000000000000010
1010100011110010011100000010010110100000000000000000000000000000000010
1010101011111011110000100000110100000000000000000000000000000000000010
1010110111110110111101011001001011000000000000000000000000000000000010
1010001100011101000011110000001010000000000000000000000000000000000010
1011001101011000001011110111010011000000000000000000000000000000000010
1010101111110110100011001010001011100000000000000000000000000000000010
1010011011011011110011000001100100100000000000000000000000000000000010
1011010111110100001111111100110110100000000000000000000000000000000010
1010101000110011110000000110001000100000000000000000000000000000000010
1011111011100010001110001110111100100000000000000000000000000000000010
1010010001010111001010110111010011000000000000000000000000000000000010
1010011000101001000001110100100001000000000000000000000000000000000010
1011011100000111101110010011011101100000000000000000000000000000000010
1011010100110110110000001000000000000000000000000000000000000000000010
1010001001001111111001100101101111100000000000000000000000000000000010
1010101111110110111100011111111100000000000000000000000000000000000010
1010011011000010011101001100000000100000000000000000000000000000000010
1010101010011010011110111101111000000000000000000000000000000000000010
1011000100011000110011001011111001100000000000000000000000000000000010
1010110001101100111101110000111101000000000000000000000000000000000010
1010111000101110111010111011000101100000000000000000000000000000000010
1010100100110010101000110010111110000000000000000000000000000000000010
1010010000110101110001100101010100100000000000000000000000000000000010
1010100111111111110100101110001101000000000000000000000000000000000010
1010100010000001111010010000110111100000000000000000000000000000000010
1011111100000000110100001110001111000000000000000000000000000000000010
1010000111011011010001111110100100000000000000000000000000000000000010
1010011111101000011101011010111000100000000000000000000000000000000010
1010111111000101111001100010011111100000000000000000000000000000000010
1011011101110000000001111000100100000000000000000000000000000000000010
1010001100110111001110111011011000100000000000000000000000000000000010
1010000011001011000010110000101011000000000000000000000000000000000010
1011000110110001110001001110010111100000000000000000000000000000000010
1011000101110000011101111100111010000000000000000000000000000000000010
1011110010110101010110101110000010000000000000000000000000000000000010
1011101100100000110000010011111110000000000000000000000000000000000010
1010000011110101001010100100000001100000000000000000000000000000000010
1010101011000011110101010010100000100000000000000000000000000000000010
1010000001111110100010101011000101100000000000000000000000000000000010
1011000010100011101100010110010011000000000000000000000000000000000010
1011101010111100000110110110011001100000000000000000000000000000000010
1010110100001100000110010011011011000000000000000000000000000000000010
1010101001100100001000001011010000000000000000000000000000000000000010
1011010000001000111011011010011110000000000000000000000000000000000010
1011010000000100101111001101100001000000000000000000000000000000000010
1010110111111001110011000110000010100000000000000000000000000000000010
1010001100000110100001101000101010000000000000000000000000000000000010
1010001010000110000101011011100001000000000000000000000000000000000010
1010110111110100011110001011101011000000000000000000000000000000000010
1011001101010001100101110011000010000000000000000000000000000000000010
1011011101011101101011111010000001100000000000000000000000000000000010
1011111000011000010000010111111010000000000000000000000000000000000010
1011100101001011100111011100101111100000000000000000000000000000000010
1010101001110110101111100101000001100000000000000000000000000000000010
1011011111010110101000000000001000100000000000000000000000000000000010
1011001010111100110101000110100100000000000000000000000000000000000010
1011101100000010001111100010101010000000000000000000000000000000000010
1011100000110100010100111110100010000000000000000000000000000000000010
1010011101001010111010011000001001000000000000000000000000000000000010
1011000111100011110110000000111010000000000000000000000000000000000010
1010001001011001001100011000110111000000000000000000000000000000000010
1010001110010000000100110000011001000000000000000000000000000000000010
1011111101111111110110000111100110000000000000000000000000000000000010
1010111101010011111001001010000101100000000000000000000000000000000010
1011100000010011110011110101110011000000000000000000000000000000000010
1011010000001101101101110001110000000000000000000000000000000000000010
1011001111101010111110001010011111100000000000000000000000000000000010
1011010110111111000010111100001000000000000000000000000000000000000010
1010100000001010000101011110101110000000000000000000000000000000000010
1011101100010011000000011101101100000000000000000000000000000000000010
1010101001000000010111101100110000100000000000000000000000000000000010
1010010101100001000010000011000010100000000000000000000000000000000010
1011001000110111000110110010111001000000000000000000000000000000000010
1011111001111000101111011111010010000000000000000000000000000000000010
1011010111010111100010010101011010000000000000000000000000000000000010
1010110101101010010111111000011100100000000000000000000000000000000010
1011100010101001010110010100001001000000000000000000000000000000000010
1011000010100000001000001101111100000000000000000000000000000000000010
1010001011011010110100100110101001000000000000000000000000000000000010
1010010101000101110001101111010101100000000000000000000000000000000010
1011000111101100010110110001011001000000000000000000000000000000000010
1010001001110101010000000110111100100000000000000000000000000000000010
1010100001011001111111011100000011000000000000000000000000000000000010
1010010100010100000110001000000010100000000000000000000000000000000010
1010100110100110101100100101111000000000000000000000000000000000000010
1010010010000011010101110111100001100000000000000000000000000000000010
1010001100000110001100010010000001100000000000000000000000000000000010
1010011011101100011111011100011011100000000000000000000000000000000010
1010110111001011010110100001001110100000000000000000000000000000000010
1010010000101101011010000101001010100000000000000000000000000000000010
1011100000100110110000000101100011000000000000000000000000000000000010
1011111011011100010010111101010000100000000000000000000000000000000010
1011110110001011100010010011001110100000000000000000000000000000000010
1010010100100011010001111100010001100000000000000000000000000000000010
1010001101111001000101011001101100100000000000000000000000000000000010
1011010011000101011010111011100010000000000000000000000000000000000010
1011111101101010001101011010111001000000000000000000000000000000000010
1010010011000100011110000101101101100000000000000000000000000000000010
1010001000001010100110001101111011000000000000000000000000000000000010
1011101111010010011100101111011111100000000000000000000000000000000010
1010000000010100000101010100111011000000000000000000000000000000000010
1011000011001011110100001111000111100000000000000000000000000000000010
1011111001011100110100011110110010000000000000000000000000000000000010
1011110011000111010011110001000101000000000000000000000000000000000010
1010001011011001011111100000110011000000000000000000000000000000000010
1010011100110111111000001110100110100000000000000000000000000000000010
1010100100000110000010111100010000000000000000000000000000000000000010
1011001111111010011001001001000010100000000000000000000000000000000010
1010111000101100100111010100100100000000000000000000000000000000000010
1011100011111000001101001101110100000000000000000000000000000000000010
1010011001111001010100110110010110100000000000000000000000000000000010
1010010000011101101010101101001111100000000000000000000000000000000010
1010010011111010010110001100101100000000000000000000000000000000000010
1010000100001101111011111011101101100000000000000000000000000000000010
1010110001011010001011011100010010000000000000000000000000000000000010
1010010000101101100110001010000010100000000000000000000000000000000010
1010010110100100100011010100001101000000000000000000000000000000000010
1011111001101011110110000001001110000000000000000000000000000000000010
1011101000011101100001111000010100100000000000000000000000000000000010
1011101100111010001001000000100011100000000000000000000000000000000010
1011101010100000010010101111111010100000000000000000000000000000000010
1011110110001110110110111101000101000000000000000000000000000000000010
1010100001111001101011001000101100000000000000000000000000000000000010
1010110110100010100001011111111000100000000000000000000000000000000010
1010011000110111111111101101110011100000000000000000000000000000000010
1011110100101101010000100011010110000000000000000000000000000000000010
1011110001110100000111011111110111000000000000000000000000000000000010
1011101000100011100110110101001111100000000000000000000000000000000010
1010111010000011101000011111101101000000000000000000000000000000000010
1011100100000110101000100000111101000000000000000000000000000000000010
1010000010111011010000011010001011000000000000000000000000000000000010
1011001011101010100100110001010011100000000000000000000000000000000010
1010001001011100001100001010101001100000000000000000000000000000000010
1011110111011001010001111010000011000000000000000000000000000000000010
1011000011111010010100001110011011000000000000000000000000000000000010
1011010100110000110101000011111111000000000000000000000000000000000010
1010010000000100111101101001101101000000000000000000000000000000000010
1010100100101001000001101011101000000000000000000000000000000000000010
1010101000011110001000111010011001100000000000000000000000000000000010
1010111000001100000000001001010010100000000000000000000000000000000010
1010011011111111000111101111110010100000000000000000000000000000000010
1011011010010001001000110011111110000000000000000000000000000000000010
1010110010101001010110110101100010100000000000000000000000000000000010
1011111110110011111010010011110110100000000000000000000000000000000010
1010101110110100111000011110111101100000000000000000000000000000000010
1011110000011000011101100111001110100000000000000000000000000000000010
1011001011100111100110111011101100000000000000000000000000000000000010
1010000100010111100010001011000010000000000000000000000000000000000010
1010010101100101110111010100001111100000000000000000000000000000000010
1010110011101000111000100010111001000000000000000000000000000000000010
1010001000100000010011111101110010000000000000000000000000000000000010
1011110100001011011010011110100100100000000000000000000000000000000010
1011001001001110101010010101011010100000000000000000000000000000000010
1010011011100001111100010011001010000000000000000000000000000000000010
1011100010011011110010001111101110000000000000000000000000000000000010
1011000110010101000110000010010010100000000000000000000000000000000010
1011010010100010110001100011101011000000000000000000000000000000000010
1011100011100100001111000000111111000000000000000000000000000000000010
1010001010010001010111110101101010100000000000000000000000000000000010
1011111010000000001000101110000011100000000000000000000000000000000010
1011000111011100100111111001010101100000000000000000000000000000000010
1010100000000001010101000001011100000000000000000000000000000000000010
1011100001111110100011100111011011000000000000000000000000000000000010
1010101010111000010001010011011011100000000000000000000000000000000010
1010100001111001001100010111101001100000000000000000000000000000000010
1011100001001100111100100100010110000000000000000000000000000000000010
1010110000010001000011111000110100000000000000000000000000000000000010
1011010010010000000110001111101101100000000000000000000000000000000010
1011111111111100000100011100010110000000000000000000000000000000000010
1011000011101111010010110101100011100000000000000000000000000000000010
1011101110101001101001110001001100100000000000000000000000000000000010
1010100011010101001101000001001110100000000000000000000000000000000010
1011101010111111111000100000000000000000000000000000000000000000000010
1011001101101111011011100011110000100000000000000000000000000000000010
1011011101001100110100111000001101000000000000000000000000000000000010
1011011100010110110110001000001110000000000000000000000000000000000010
1011101110110001100001001100101001000000000000000000000000000000000010
1011110000001110000111100111000000000000000000000000000000000000000010
1011111110101001101001011011111111100000000000000000000000000000000010
1010110001011000001110100001011001000000000000000000000000000000000010
1011100101011110110110000000010000000000000000000000000000000000000010
1010101111100000000011100000010101000000000000000000000000000000000010
1010101100100010011000010011101101000000000000000000000000000000000010
1011101101001011110000001101100110000000000000000000000000000000000010
1011100100101100000111001111000010000000000000000000000000000000000010
1011100000011110010101010001010001100000000000000000000000000000000010
1010100011101011001001011011111010000000000000000000000000000000000010
1010000001110111101101101100010011100000000000000000000000000000000010
1011110110111100101010101000011101100000000000000000000000000000000010
1011011111100001110001001100010101100000000000000000000000000000000010
1010100100000110001110010111000101000000000000000000000000000000000010
1011111101101100111101101111101010000000000000000000000000000000000010
1011001101001001010100011000100101100000000000000000000000000000000010
1010100101101001010101101100011010000000000000000000000000000000000010
1011000010100111110011011101101110000000000000000000000000000000000010
1011010001011101111100110011101001100000000000000000000000000000000010
1011110101101101001001100110011001100000000000000000000000000000000010
1011101011101001000101101111100100100000000000000000000000000000000010
1010001011000000100011000101000011000000000000000000000000000000000010
1010101011101101111000111101110100000000000000000000000000000000000010
1011101110010000111011111100001000000000000000000000000000000000000010
1010110110001111110100110111001111000000000000000000000000000000000010
1010001001111010000011011001010010100000000000000000000000000000000010
