1010000100000101111001111101111000000000000000000000000000000000000010
1011110010011000100001000010001010100000000000000000000000000000000010
1010110101100010010101111000101010000000000000000000000000000000000010
1010110111000100010100111100011110100000000000000000000000000000000010
1010110010010101101111011100010000100000000000000000000000000000000010
1010110101100110101011100100101110100000000000000000000000000000000010
1011100111100110011001111101111010100000000000000000000000000000000010
1010001011000101000111000111101100000000000000000000000000000000000010
1011001011000101100111000001111000100000000000000000000000000000000010
1011110110001001010001011100011100100000000000000000000000000000000010
1010000000001100110101011100101011100000000000000000000000000000000010
1010111001101010001100011101110000100000000000000000000000000000000010
1011000100111011010011100101110010100000000000000000000000000000000010
1010010010110101001101101111100111100000000000000000000000000000000010
1010010100010100111011100110100100100000000000000000000000000000000010
1010001001010010111001110001101100000000000000000000000000000000000010
1011011001101100001110101011010100000000000000000000000000000000000010
1011000110101101110000010110100100100000000000000000000000000000000010
1011010000011001011100101101010110100000000000000000000000000000000010
1010100001000110011101101101110101000000000000000000000000000000000010
1011000001110010111110110011111101100000000000000000000000000000000010
1011100111101011010110111001100110100000000000000000000000000000000010
1010101000111000001000000011011101100000000000000000000000000000000010
1010100001011111001001000111101010100000000000000000000000000000000010
1010101011111001000100001100111000100000000000000000000000000000000010
1011010110001111100110110111101000100000000000000000000000000000000010
1011000010011100001111110011011100100000000000000000000000000000000010
1011011011001111111110110001010010000000000000000000000000000000000010
1010000110000001000001010101010011000000000000000000000000000000000010
1010001000111010001010011101101111100000000000000000000000000000000010
1011100110011110011001010000001110100000000000000000000000000000000010
1011010110001011001011110010001001100000000000000000000000000000000010
1011111101111000110010110011111100100000000000000000000000000000000010
1011001011001011011001110000101110100000000000000000000000000000000010
1010010011010110001111001111111100100000000000000000000000000000000010
1010000001100011001100011010110101100000000000000000000000000000000010
1010101000001001111000011110111111000000000000000000000000000000000010
1010001010000001000110100101111100100000000000000000000000000000000010
1011100110101100101100100101010110100000000000000000000000000000000010
1011010100001010000000000101000100100000000000000000000000000000000010
1010011100001101000000011010110101000000000000000000000000000000000010
1010011110010100101000010010001010100000000000000000000000000000000010
1011100011101100101001111001110110100000000000000000000000000000000010
1010110001010011011110011010101100000000000000000000000000000000000010
1011000000010010111101110011111000100000000000000000000000000000000010
1011110010001010101000110100011000000000000000000000000000000000000010
1010100000000101001011100101101100100000000000000000000000000000000010
1011001001011001000100101000110011100000000000000000000000000000000010
1010110101010010011000000101110010100000000000000000000000000000000010
1010001011000110100000000001110010100000000000000000000000000000000010
1011110101110111100001001000100101100000000000000000000000000000000010
1010000011001000001100101111101101100000000000000000000000000000000010
1010101010110000011001010111111001000000000000000000000000000000000010
1010101110000100111011001000110000100000000000000000000000000000000010
1010101010000001001100011101011110100000000000000000000000000000000010
1010000011101101010000110001000011100000000000000000000000000000000010
1010000010111100010100001111000011000000000000000000000000000000000010
1010101110000000101000111110010010100000000000000000000000000000000010
1010100000010010000110111001001010000000000000000000000000000000000010
1010110010101010110000111101110001100000000000000000000000000000000010
1011010010110011000001100100110111100000000000000000000000000000000010
1011000000001111101000001011001001000000000000000000000000000000000010
1010110100101101000001011001111111100000000000000000000000000000000010
1010000001011010101100000000000011100000000000000000000000000000000010
1010101111110101010111101011110010000000000000000000000000000000000010
1011001101100000010010111011000000100000000000000000000000000000000010
1010001111111100001011101011101100000000000000000000000000000000000010
1010010101111000001010101011010101100000000000000000000000000000000010
1011011110001011000000001000010110100000000000000000000000000000000010
1010100010001100000101111101001001100000000000000000000000000000000010
1011101101100011011001111000011001100000000000000000000000000000000010
1010010101001000010110000000111000100000000000000000000000000000000010
1011010000010101100101111101010110100000000000000000000000000000000010
1010101100111011101110011110101010100000000000000000000000000000000010
1010000101001011010111110100001001000000000000000000000000000000000010
1010010111001001110001110011100100000000000000000000000000000000000010
1010000100000101010100111100010111100000000000000000000000000000000010
1010101110100000010111111000001111100000000000000000000000000000000010
1011111010010110111011000100011001000000000000000000000000000000000010
1010010000110110111101110010111001100000000000000000000000000000000010
1011010010011001101111000110101111100000000000000000000000000000000010
1010100101010110011100001000001010100000000000000000000000000000000010
1011000101001011010101101110110010100000000000000000000000000000000010
1011110011100010101011110001001110100000000000000000000000000000000010
1010010110011011100011000100111101000000000000000000000000000000000010
1010101001010011101100011011001000100000000000000000000000000000000010
1010000100010111010011001101001100000000000000000000000000000000000010
1010011000101111010110010110000110000000000000000000000000000000000010
1010110000000000100010110111000000000000000000000000000000000000000010
1010110000010010001111101001000011000000000000000000000000000000000010
1010011001101000111101001111000001000000000000000000000000000000000010
1011011001000000111010011111101100000000000000000000000000000000000010
1011001001101001110101111001111011000000000000000000000000000000000010
1010110001110110001110001011101011000000000000000000000000000000000010
1010000111111110101001010111010000000000000000000000000000000000000010
1011000110101010010000101000001111000000000000000000000000000000000010
1011110010101101000101000010011100000000000000000000000000000000000010
1010010000111000111000111100010111000000000000000000000000000000000010
1011100101011000001111010111111001000000000000000000000000000000000010
1010110000111110010010110111101111100000000000000000000000000000000010
1011010101001000011011110000111100000000000000000000000000000000000010
1011010010110011000010100101101011100000000000000000000000000000000010
1011001111011001111100100011100011000000000000000000000000000000000010
1010101100111101100000110111100101100000000000000000000000000000000010
1010010100111110010101111000100001100000000000000000000000000000000010
1010101100011001111110110101101111000000000000000000000000000000000010
1011010101110100110010000010100110100000000000000000000000000000000010
1010111110101101001010001011101010100000000000000000000000000000000010
1010100100011011100111111011110101100000000000000000000000000000000010
1011100111000010100011100001000001100000000000000000000000000000000010
1011000011111111101011011010111000100000000000000000000000000000000010
1010111111000100101011111101100100000000000000000000000000000000000010
1010010100100101101001100010010001100000000000000000000000000000000010
1010001001100101000000000110110101100000000000000000000000000000000010
1010111110110100011010101111000111000000000000000000000000000000000010
1010100100000100101001101010101110100000000000000000000000000000000010
1011100100101000111110011000100101000000000000000000000000000000000010
1011001011001111101101110111111101000000000000000000000000000000000010
1010000010001110110101000101000100100000000000000000000000000000000010
1011010110010001110010000001001010000000000000000000000000000000000010
1010011010110010010111000010000001000000000000000000000000000000000010
1011110110000101110110110101111111000000000000000000000000000000000010
1010100001111101000001001001001101000000000000000000000000000000000010
1010110111000000101111100110111000100000000000000000000000000000000010
1010110010100011001100110000100111000000000000000000000000000000000010
1010111101000011101001111110011000100000000000000000000000000000000010
1010100000111100001001101001011111100000000000000000000000000000000010
1011001111000001000100100111010111100000000000000000000000000000000010
1011100110100111111111001011011101100000000000000000000000000000000010
1011101000100010110000010101101111100000000000000000000000000000000010
1010011000010011100110000111110000000000000000000000000000000000000010
1010110001001000010111111111000010100000000000000000000000000000000010
1010001011000000010110110101000110100000000000000000000000000000000010
1011100000110111001111101111001111000000000000000000000000000000000010
1011110010011110001001110100000101000000000000000000000000000000000010
1010000100001000111100111011100000100000000000000000000000000000000010
1010101001010011111101011011010011000000000000000000000000000000000010
1011101111111010000001101101001101000000000000000000000000000000000010
1010010111010101111101010111010111100000000000000000000000000000000010
1010100000000100010001111110101001000000000000000000000000000000000010
1010001011001100011100111111001100000000000000000000000000000000000010
1011101100111101110111111100101001100000000000000000000000000000000010
1011011010001010010011011110011111100000000000000000000000000000000010
1010010011111101100101100101110011100000000000000000000000000000000010
1011011110100100001110110111001110000000000000000000000000000000000010
1011111000101110010110101111101001100000000000000000000000000000000010
1011000100101100001010001001111100000000000000000000000000000000000010
1010111001001001010010001100110011100000000000000000000000000000000010
1010001100010101001111001000111101100000000000000000000000000000000010
1010111101010101110111001010110010100000000000000000000000000000000010
1010011010000110010111001110011110100000000000000000000000000000000010
1010000000000001010101111100010010000000000000000000000000000000000010
1010001011110000000110111011000011100000000000000000000000000000000010
1011001100110010001111111011100111100000000000000000000000000000000010
1010100100011110111010100011101110100000000000000000000000000000000010
1010001110011111100111001010001110000000000000000000000000000000000010
1011000011010001100110111011000110000000000000000000000000000000000010
1010101010100100010111001110101100100000000000000000000000000000000010
1010000110010000010111111001000111000000000000000000000000000000000010
1011000011000100111101100110000111100000000000000000000000000000000010
1010010001010111110001101001110110100000000000000000000000000000000010
1010100110000100001101100100100011100000000000000000000000000000000010
1011110110001010010100011001111110100000000000000000000000000000000010
1010000101000011011010001011100010100000000000000000000000000000000010
1011001011000001111011101001101101100000000000000000000000000000000010
1010100100000011010111111110111110100000000000000000000000000000000010
1011011011000010101001001011110001100000000000000000000000000000000010
1010111010010101011111010101010011100000000000000000000000000000000010
1011001100001010110111100001100010100000000000000000000000000000000010
1011100011100010111110011110111101000000000000000000000000000000000010
1011110101011000111101010101101111100000000000000000000000000000000010
1010100000101000111010001011111011100000000000000000000000000000000010
1011001010100101011111010000011101000000000000000000000000000000000010
1011110011010110110101111011011101000000000000000000000000000000000010
1010011001110000010111010110001000000000000000000000000000000000000010
1010000100101011010101101101110010100000000000000000000000000000000010
1011011010100110110001000100110100100000000000000000000000000000000010
1010001001000000110100000110101010000000000000000000000000000000000010
1011111110011101100110011011111001000000000000000000000000000000000010
1011100000110000111101010001100110000000000000000000000000000000000010
1010011101011100001111111111111111000000000000000000000000000000000010
1010000101010111100011111110101000000000000000000000000000000000000010
1010011110100101110111010111110000000000000000000000000000000000000010
1010001111000000100111110111110100100000000000000000000000000000000010
1010110101000011010001011101111110100000000000000000000000000000000010
1010000011111001110101100101011111000000000000000000000000000000000010
1010010011000001111011000010110001000000000000000000000000000000000010
1011100110010100100110010111110111100000000000000000000000000000000010
1010101010010011001111000111110001000000000000000000000000000000000010
1011110101100101001111000010101010100000000000000000000000000000000010
1010001011000101100010000111111011100000000000000000000000000000000010
1010101110101000000110101111100011000000000000000000000000000000000010
1010110001000010111110100000110100100000000000000000000000000000000010
1011001010010000100010101101011111100000000000000000000000000000000010
1011100000111111110111101100001100100000000000000000000000000000000010
1010110010101101110101001101011100100000000000000000000000000000000010
1010010100010001110100011100111010000000000000000000000000000000000010
1011101100111110110111011011100100100000000000000000000000000000000010
1010010010010011000110101001111100000000000000000000000000000000000010
1010101001100111111010100010000010100000000000000000000000000000000010
1011010100011101010110011011110100000000000000000000000000000000000010
1011100010011010101001110101101111000000000000000000000000000000000010
1010100011101101000110100011001111000000000000000000000000000000000010
1011111111101111100011111011001101100000000000000000000000000000000010
1010110111110000001111000101100101000000000000000000000000000000000010
1011110001100000101010000110110110100000000000000000000000000000000010
1010001010101111100000100101110110100000000000000000000000000000000010
1010101011000110000110111001110000100000000000000000000000000000000010
1010000100011110110101110001111111100000000000000000000000000000000010
1011111111001001110000100101100111100000000000000000000000000000000010
1011110000010110101011010011110001000000000000000000000000000000000010
1010110011000001100011111011101111100000000000000000000000000000000010
1011101110100000010100110100011101100000000000000000000000000000000010
1010001011000001101111111111000001000000000000000000000000000000000010
1010110001101010010001101111111000000000000000000000000000000000000010
1010111110001010110000101010010110000000000000000000000000000000000010
1011001000111000000000101010100011100000000000000000000000000000000010
1010111101100001110110110101110101100000000000000000000000000000000010
1011000100000101100010110011100111000000000000000000000000000000000010
1011001101001100100011111001001111000000000000000000000000000000000010
1010000010101010010101111101011111000000000000000000000000000000000010
1010001101110111100100100010111101000000000000000000000000000000000010
1011010001100001010001010110100110100000000000000000000000000000000010
1010000011011110100110000011000110000000000000000000000000000000000010
1010101110100100001101101001010110000000000000000000000000000000000010
1010001111010100000001111101101111100000000000000000000000000000000010
1011111001110011101000000000101011100000000000000000000000000000000010
1010111000100000001011110011001011100000000000000000000000000000000010
1010010010110010010111111100010110000000000000000000000000000000000010
1010101011110101010110001010110101100000000000000000000000000000000010
1011011010011000101111111010011100000000000000000000000000000000000010
1011111100011100011000111011011100000000000000000000000000000000000010
1010001100101010000001111011101100100000000000000000000000000000000010
1010001110000101000000001000111110100000000000000000000000000000000010
1011000100111001010110101001110100100000000000000000000000000000000010
1010100001110101110110001110100100000000000000000000000000000000000010
1011011010110001010110010010101111000000000000000000000000000000000010
1011010100000000100111001110111000100000000000000000000000000000000010
1011011111100010011000000101111100000000000000000000000000000000000010
1010010101100100111111110101100110000000000000000000000000000000000010
1010100000110110111111111111101110100000000000000000000000000000000010
1010111110000100000010101001110111100000000000000000000000000000000010
1010100100010011010111111100110001000000000000000000000000000000000010
1011110101001111110101111011000101000000000000000000000000000000000010
1010001011010101111100010111111110100000000000000000000000000000000010
1010010001110101110111100111000111000000000000000000000000000000000010
1010001110000111100101010101100100100000000000000000000000000000000010
1011101011101110101010001001000111000000000000000000000000000000000010
1010010101111100100101001110111011100000000000000000000000000000000010
1011011111000010001001110110001000000000000000000000000000000000000010
1011010111100011111100010011000000100000000000000000000000000000000010
1010100101010100010111100111001010100000000000000000000000000000000010
1011101011110001101111101100100011100000000000000000000000000000000010
1010111001000000001011011011001001100000000000000000000000000000000010
1010100010000111110100000000110000100000000000000000000000000000000010
1011110001101010011110011101111010000000000000000000000000000000000010
1010100011001100111101000000011101100000000000000000000000000000000010
1010011001011010000100000111101011100000000000000000000000000000000010
1010001100100000010110011111010000000000000000000000000000000000000010
1010101000101010001000001000010110100000000000000000000000000000000010
1011000010111010111111100111011010000000000000000000000000000000000010
1010101010101100101011000010110010100000000000000000000000000000000010
1011100110100110100000010100100001100000000000000000000000000000000010
1011101111111000000101011110001011100000000000000000000000000000000010
1011100000001100110100011111010111000000000000000000000000000000000010
1010101111101110101101001111110011100000000000000000000000000000000010
1011101001111100010000010001011111000000000000000000000000000000000010
1010010000111010001010011010111100000000000000000000000000000000000010
1010001110011110010010110111001100100000000000000000000000000000000010
1011110001000101000010101011110111100000000000000000000000000000000010
1011110101000110100011101000000010000000000000000000000000000000000010
1011010100110011100000111101001100100000000000000000000000000000000010
1011110010001000100010011010111011100000000000000000000000000000000010
1010100100011010000101110100101101100000000000000000000000000000000010
1010100011101010110011011111101000000000000000000000000000000000000010
1010010000110100101000000011011111000000000000000000000000000000000010
1010010010010111100110001011000011100000000000000000000000000000000010
1011100111100000001100111111101111100000000000000000000000000000000010
1010100011001100000111100100101111000000000000000000000000000000000010
1011010101101100101110000111011000000000000000000000000000000000000010
1011100110011001000000010100000000000000000000000000000000000000000010
1011000000110011111101011110100011100000000000000000000000000000000010
1010010000000010100111001110011011000000000000000000000000000000000010
1010101110001001110100111000110111100000000000000000000000000000000010
1010111000010100000100001111100011000000000000000000000000000000000010
1011010000000111010010100111100011100000000000000000000000000000000010
1010001010100001010100011000000001000000000000000000000000000000000010
1010011110010001100000011100001101100000000000000000000000000000000010
1010001100111010010111100111001101100000000000000000000000000000000010
1011010000111001100011100001010111000000000000000000000000000000000010
1010100001100101010011011101101101100000000000000000000000000000000010
1011100000100001100110000001111010000000000000000000000000000000000010
1011001001000111110101001011000111000000000000000000000000000000000010
1011001011101100111110100110001100100000000000000000000000000000000010
1010101010001010110100010111101111000000000000000000000000000000000010
1011110010100110100010111110011011000000000000000000000000000000000010
1010001001000011110010100010000100100000000000000000000000000000000010
1011100011101101101111111000001111100000000000000000000000000000000010
1011000000001001100110011000111010100000000000000000000000000000000010
1010111000100110101000111101001100000000000000000000000000000000000010
1010000100010100111101101100011001100000000000000000000000000000000010
1011000100111011101110101101111010000000000000000000000000000000000010
1011011011010110010010011011101010000000000000000000000000000000000010
1010010000010101010110010010101111100000000000000000000000000000000010
1011010010110111000101111001000001100000000000000000000000000000000010
1010000011011101001100100001111001100000000000000000000000000000000010
1010111010001011100111101111101000100000000000000000000000000000000010
1010001000000110100001111101001010000000000000000000000000000000000010
1010001000000001001001010110100000100000000000000000000000000000000010
1010011100010010011001101111111010000000000000000000000000000000000010
1011111110101011101111000000011000000000000000000000000000000000000010
1010101000010011101000100111001001100000000000000000000000000000000010
1010110111110010110100010110010110100000000000000000000000000000000010
1011011000111100100110100110111010100000000000000000000000000000000010
1011101001011000100111000100001001100000000000000000000000000000000010
1010110010000000000110111111101100100000000000000000000000000000000010
1010011111101110100001010010100101100000000000000000000000000000000010
1010101000100100000111000011110101100000000000000000000000000000000010
1010010101100100101100101000001110100000000000000000000000000000000010
1011011010010001000001010111011001100000000000000000000000000000000010
1010110110010000000011011111111111000000000000000000000000000000000010
1011111010011100001101110010000101100000000000000000000000000000000010
1010011110111111101101001011000010100000000000000000000000000000000010
1011101000001000010101111011001110100000000000000000000000000000000010
1011110101110110011011010110010111000000000000000000000000000000000010
1010111000111000101011000101011110100000000000000000000000000000000010
1010001111100010100001101101111110000000000000000000000000000000000010
1011011001101000101010011111011000100000000000000000000000000000000010
1011010000010110111001110101001100000000000000000000000000000000000010
1011111110111010100101100110011010100000000000000000000000000000000010
1010001011011100100101110001111100100000000000000000000000000000000010
1010000110100111111011111010101111000000000000000000000000000000000010
1010110100000110100110101101100110000000000000000000000000000000000010
1010001011101011001001110010100001100000000000000000000000000000000010
1011000101011001000000001100000011100000000000000000000000000000000010
1011001001100011111100111010010100100000000000000000000000000000000010
1011011101111010000111100100110000000000000000000000000000000000000010
1010000100011010100000100010011101100000000000000000000000000000000010
1010101011111010000111111001111101000000000000000000000000000000000010
1010000001110010101011010010100000000000000000000000000000000000000010
1010110001111000010111111101010110100000000000000000000000000000000010
1010000001100100000100010110011001000000000000000000000000000000000010
1010000100110100010000111001011011000000000000000000000000000000000010
1010100000101101110111011111101011000000000000000000000000000000000010
1011011100010000011111000000111000000000000000000000000000000000000010
1010000010100011110000110101011010000000000000000000000000000000000010
1010111101001000000110011010111011000000000000000000000000000000000010
1010010110111010101110111100111100000000000000000000000000000000000010
1010000010100000010000111101000100100000000000000000000000000000000010
1011101000110110110111000100110011100000000000000000000000000000000010
1011001011101000110100110111111111000000000000000000000000000000000010
1010110010010010100111111010000111100000000000000000000000000000000010
1010010001010011101101010110011110000000000000000000000000000000000010
1010001001101000110000011111100010100000000000000000000000000000000010
1010011000101010001100100011101111100000000000000000000000000000000010
1011001111000101001111100111000111000000000000000000000000000000000010
1011110000000001000011011100001101100000000000000000000000000000000010
1011111011111001100110011001001101000000000000000000000000000000000010
1011111011001101110100000001111010100000000000000000000000000000000010
1010110011000100110001100010001000100000000000000000000000000000000010
1010001000101111000010110100011100100000000000000000000000000000000010
1010010000011111010000001101111101100000000000000000000000000000000010
1011101000101000001100010110110001000000000000000000000000000000000010
1011001011110000001100011001111101100000000000000000000000000000000010
1010111000100100000001011100001010000000000000000000000000000000000010
1011000001000110001110101001001111100000000000000000000000000000000010
1011000111010101011100111000101100100000000000000000000000000000000010
1010111010001000000100101101101000100000000000000000000000000000000010
1011010001110100101111111011110101000000000000000000000000000000000010
1010000101011110000110000100101001000000000000000000000000000000000010
1011000010000101001000110101100101000000000000000000000000000000000010
1010001101100010011100110010101110100000000000000000000000000000000010
1010111011010110110001111011110111100000000000000000000000000000000010
1010001011100111001111101001110010000000000000000000000000000000000010
1010000001101010101111101001111010100000000000000000000000000000000010
1010001000110011100101100010100010100000000000000000000000000000000010
1011011101000101100011011010001101100000000000000000000000000000000010
1011001001110100010101010101110110100000000000000000000000000000000010
1010011011000110100010110000101110000000000000000000000000000000000010
1010011011001111101001110111011011000000000000000000000000000000000010
1010101000011000001010101110110011100000000000000000000000000000000010
1010110001000011011110001010111101000000000000000000000000000000000010
1011010001001011011000000010111011100000000000000000000000000000000010
1011010001101100000001001101011010000000000000000000000000000000000010
1011110100010110011100010100000110000000000000000000000000000000000010
1011111001010101101111001001101101100000000000000000000000000000000010
1010001010010110110011000010011011000000000000000000000000000000000010
1011000000000000000001110100111000000000000000000000000000000000000010
1011100010110001111101111110010000000000000000000000000000000000000010
1010110001100110110011010001101011000000000000000000000000000000000010
1010111100100111101110110111011011000000000000000000000000000000000010
1011001001100011101000101011100000100000000000000000000000000000000010
1010100101011100110010110001101011000000000000000000000000000000000010
1010000011010000010110000111100101100000000000000000000000000000000010
1010100011111010000101001111001110100000000000000000000000000000000010
1010110000011011101101110110011110100000000000000000000000000000000010
1011011000111010110101010000100000100000000000000000000000000000000010
1011101110001110000010110001101011000000000000000000000000000000000010
1011101101001101100101110101111011100000000000000000000000000000000010
1010001110011001001011111111111000000000000000000000000000000000000010
1010100000001000110110110101111100100000000000000000000000000000000010
1010101011011111110000100110100000000000000000000000000000000000000010
1011011011111111110101001011101101100000000000000000000000000000000010
1011001000001001111110111100101010100000000000000000000000000000000010
1010010011010000100100100111001110100000000000000000000000000000000010
1010101110000111110110000111001101100000000000000000000000000000000010
1011010100111011101001011101010000100000000000000000000000000000000010
1010001001110101000100001100010111100000000000000000000000000000000010
1011100010000101001111101001100011100000000000000000000000000000000010
1010111010000101011110110110101110100000000000000000000000000000000010
1010010111110011100111111110010101000000000000000000000000000000000010
1011110100100001011010101111111100000000000000000000000000000000000010
1011000111010000000101101100000111100000000000000000000000000000000010
1011000000110010000010101011111101000000000000000000000000000000000010
1010000111101101001001010001101010100000000000000000000000000000000010
1010111110010010101110000101101001000000000000000000000000000000000010
1011001101000100111111001111110001100000000000000000000000000000000010
1010000000010111101110001001101110100000000000000000000000000000000010
1011010001101100011010011010111110000000000000000000000000000000000010
1010101100010001000110100001100000000000000000000000000000000000000010
1010110001101000110001000101010100000000000000000000000000000000000010
1010100000010000001010001111000111000000000000000000000000000000000010
1011001000110100001011000001011000100000000000000000000000000000000010
1011100010011110001110110110110100100000000000000000000000000000000010
1011000110000110100111111100100111000000000000000000000000000000000010
1010111001111001000010001010010101000000000000000000000000000000000010
1010011010111000011001000001011111000000000000000000000000000000000010
1011101000111011110011000000110101100000000000000000000000000000000010
1011110001001010110110100010011100100000000000000000000000000000000010
1010000011110100111110000111001010000000000000000000000000000000000010
1010010100000100110001110011000100100000000000000000000000000000000010
1011010101111001000111101101001110100000000000000000000000000000000010
1010111111110001011001100000101001100000000000000000000000000000000010
1010011010000010100001111111001101000000000000000000000000000000000010
1010010011000001111001101011111100000000000000000000000000000000000010
1011111100111010101101000011110011100000000000000000000000000000000010
1010001111000110110101010011011011100000000000000000000000000000000010
1010001001001010010011000101011000100000000000000000000000000000000010
1011110111100101011111111010101001000000000000000000000000000000000010
1010010000000000000010011000101000000000000000000000000000000000000010
1011100001011110010100010011110111000000000000000000000000000000000010
1011000100010111010100100011101110000000000000000000000000000000000010
1011001010000001101001010101110011100000000000000000000000000000000010
1010001101011100101010000001010111100000000000000000000000000000000010
1010000000011000110110101010011010100000000000000000000000000000000010
1010001100101100110110011001100111100000000000000000000000000000000010
1010111000001001001001000001011000100000000000000000000000000000000010
1010000111010011010111101000010101100000000000000000000000000000000010
1010011010011000110100100110110110100000000000000000000000000000000010
1010110110001000010110100100100001000000000000000000000000000000000010
1011001010010101100000010100111111000000000000000000000000000000000010
1010101001100000101010001110111010000000000000000000000000000000000010
1011100010100111000011101010100000000000000000000000000000000000000010
1011001011101100111111000010100111100000000000000000000000000000000010
1010110100000001100111000110110111000000000000000000000000000000000010
1010000000000000100010110000000111100000000000000000000000000000000010
1010100000000101001101111110111000000000000000000000000000000000000010
1010001101101111100101111100100111000000000000000000000000000000000010
1010011000001101000100110110111100100000000000000000000000000000000010
1010110100011100100100001011111110000000000000000000000000000000000010
1010111001000111010110110011001100100000000000000000000000000000000010
1010110111111010100011010011111010000000000000000000000000000000000010
1011100010000010010101110011010111000000000000000000000000000000000010
1010110101010010100001010000101010100000000000000000000000000000000010
1010111111101001110101101111110001000000000000000000000000000000000010
1011001101100001000100111110011000100000000000000000000000000000000010
1011110110011011001100100111101100000000000000000000000000000000000010
1011111011010100111101111010001001000000000000000000000000000000000010
1011111010011011100011110101110000000000000000000000000000000000000010
1011000011100010001010111011001110000000000000000000000000000000000010
1011000110101111110001110111110110000000000000000000000000000000000010
1010100001111011100111111000001000100000000000000000000000000000000010
1011110011001111011111110110101110100000000000000000000000000000000010
1011010000001111000110101101111101100000000000000000000000000000000010
1010000001011100010010111101000010100000000000000000000000000000000010
1010000111101100100110110010110011000000000000000000000000000000000010
1010100011010110010111011111101100000000000000000000000000000000000010
1010110000010011000110011101110110100000000000000000000000000000000010
1010011010100010000001100101010001000000000000000000000000000000000010
1010010001110111110101110101110101100000000000000000000000000000000010
1010011100011101111111111111011101000000000000000000000000000000000010
1010010000010010000010111101011011000000000000000000000000000000000010
1010101101110111010011011100001000000000000000000000000000000000000010
1011000000101110111111010101011010100000000000000000000000000000000010
1010100011001110011100010001110111100000000000000000000000000000000010
1010110000101111101100011101001101100000000000000000000000000000000010
1010010000010101011101100111001111100000000000000000000000000000000010
1011000011001110111001000100000100000000000000000000000000000000000010
1010100100001110000110001100111111000000000000000000000000000000000010
1011011010011110100110110101011010000000000000000000000000000000000010
1010100001100110000110011111101011000000000000000000000000000000000010
1011010010111100011111011110111111100000000000000000000000000000000010
1010100110100000111010011001000010000000000000000000000000000000000010
1010011100000011110111110100011110100000000000000000000000000000000010
1011000000110011110100011000011011000000000000000000000000000000000010
1011010100110100100011011011000001000000000000000000000000000000000010
1011000101000101010111000110100111100000000000000000000000000000000010
1010101001001011010100110110100011000000000000000000000000000000000010
1011101010011010011111100000011110100000000000000000000000000000000010
1010010001001000010111111101001101100000000000000000000000000000000010
1010111100000000001011011101011111100000000000000000000000000000000010
1010000011101100010101010100111101000000000000000000000000000000000010
1010001101100111111011110011111101000000000000000000000000000000000010
1011010101011100100100100000111000100000000000000000000000000000000010
1011001010100111010101100001110011000000000000000000000000000000000010
1010000001100011011001010001011101000000000000000000000000000000000010
1011010101000111111110101101101110000000000000000000000000000000000010
1010111011101011110111111101010100100000000000000000000000000000000010
1011010000000010011011011001011000100000000000000000000000000000000010
1011000011001000010011000111111101000000000000000000000000000000000010
1010100001101011001000110001001101100000000000000000000000000000000010
1010111101011010101100011100110001000000000000000000000000000000000010
1011011010010100111111010101010011100000000000000000000000000000000010
1010010101011010001000010000000111000000000000000000000000000000000010
1010110011010101100111011101101010100000000000000000000000000000000010
1011000100100000000001110100001001000000000000000000000000000000000010
1010010001011111011100011011111101000000000000000000000000000000000010
1010011001011000100010110101000100000000000000000000000000000000000010
1010000001010001101011110010000010000000000000000000000000000000000010
1011110010000010111011111100101110100000000000000000000000000000000010
1010000110010101011111101000111010100000000000000000000000000000000010
1010000010000110101110100000000101100000000000000000000000000000000010
1010010101010011100111111010110101100000000000000000000000000000000010
1011010011100110100011010011011101000000000000000000000000000000000010
1010010100000000111110011001110111000000000000000000000000000000000010
1011000101011001011100001011000110100000000000000000000000000000000010
1011001110001000100111110010111110000000000000000000000000000000000010
1011000011100011110110101011111011100000000000000000000000000000000010
1010010001111000101000110010011010100000000000000000000000000000000010
1010100010010111100001010111000101000000000000000000000000000000000010
1011011001011011100101010101010101000000000000000000000000000000000010
1010001000001001100100110011111100100000000000000000000000000000000010
1011000000000000110001101111111011000000000000000000000000000000000010
1010001000110101111100101001111011100000000000000000000000000000000010
1011111011111000010111111111000000100000000000000000000000000000000010
1011101000100010001001101010111111100000000000000000000000000000000010
1010010101000000100001101111100010000000000000000000000000000000000010
1010010010110000010110110101101101100000000000000000000000000000000010
1010110101010001111101101001111011000000000000000000000000000000000010
1010000100001101001101111000110110000000000000000000000000000000000010
1010001100110010101101111110100110000000000000000000000000000000000010
1011011011010010011010101100111111000000000000000000000000000000000010
1011001000110010000101100101110000100000000000000000000000000000000010
1010100110001000101101111010111111000000000000000000000000000000000010
1010100000010000001001001111111000100000000000000000000000000000000010
1010011100101011100000100001001101100000000000000000000000000000000010
1011010001010011111100010100010011000000000000000000000000000000000010
1011110100000100010001001000010001100000000000000000000000000000000010
1010010110110011101101010110010010000000000000000000000000000000000010
1010001011010100010110101101010100000000000000000000000000000000000010
1011100010011101001010011101101111100000000000000000000000000000000010
1011010011010001100011000110100110100000000000000000000000000000000010
1010001000101000101101100011101100100000000000000000000000000000000010
1010011110001001010110101001001011100000000000000000000000000000000010
1011001110110110110101011110111101000000000000000000000000000000000010
1011011001010001010001000110111001100000000000000000000000000000000010
1011001100000101010111010110011000100000000000000000000000000000000010
1010001011001110011011011101011101000000000000000000000000000000000010
1011110110100100101011100011111100100000000000000000000000000000000010
1010110111011111100010000111101110000000000000000000000000000000000010
1010010010011000010000100110101000000000000000000000000000000000000010
1011111111111110000000000101001001100000000000000000000000000000000010
1011101000010011111100111100100101000000000000000000000000000000000010
1010100010100000001001000111111110100000000000000000000000000000000010
1010001000011001100001011111010111000000000000000000000000000000000010
1011111000001110011111100001001100100000000000000000000000000000000010
1011110110000110100111100111011100000000000000000000000000000000000010
1011011001110101110111101111111111100000000000000000000000000000000010
1011010010000100000001110011000001100000000000000000000000000000000010
1011101010111111000000101111111110100000000000000000000000000000000010
1011111110011010110000100110001101000000000000000000000000000000000010
1010110011111000110111100111111110100000000000000000000000000000000010
1011001110001110100010110011100101000000000000000000000000000000000010
1010001011010000001110110110011111100000000000000000000000000000000010
1011011011110100011010101100001110000000000000000000000000000000000010
1010110001100010111101000101000011100000000000000000000000000000000010
1011001110001110100001011001100001100000000000000000000000000000000010
1010011001101100110110111111000110100000000000000000000000000000000010
1011011110000111001001101000101110100000000000000000000000000000000010
1010101000101101110011010001111110000000000000000000000000000000000010
1011011110001110010011011000110011000000000000000000000000000000000010
1010100001001010111011011100001111100000000000000000000000000000000010
1011100000000100010110110001010110000000000000000000000000000000000010
1011000001111110010111000100001111000000000000000000000000000000000010
1011100000101111110110111000011101000000000000000000000000000000000010
1010100010010011001111011010101000100000000000000000000000000000000010
1010010100000100101000100001000111100000000000000000000000000000000010
1010001110111100000011111011010100100000000000000000000000000000000010
1010011000101110001100101011010011000000000000000000000000000000000010
1010011011000001011111110110011111000000000000000000000000000000000010
1010001101110100100011000111110100100000000000000000000000000000000010
1011101000111110110111000011110101000000000000000000000000000000000010
1010101011100100011001011101011110100000000000000000000000000000000010
1010110111111110000000110000001110000000000000000000000000000000000010
1011110101111011001001100111111101100000000000000000000000000000000010
1010101111001111011000010011101100000000000000000000000000000000000010
1011010011010110010100000001100010100000000000000000000000000000000010
1010110010000110011111101110111001100000000000000000000000000000000010
1010110110011000110110110111100100000000000000000000000000000000000010
1010110010000000000011010010100001000000000000000000000000000000000010
1010111000010100010101000010111000000000000000000000000000000000000010
1010000001001001011011101111001000000000000000000000000000000000000010
1011101100100110001011010010001100000000000000000000000000000000000010
1011010010001110111011100111101101100000000000000000000000000000000010
1011001110000010010110001101011111100000000000000000000000000000000010
1011110010111011010110111111111011100000000000000000000000000000000010
1010110011000111100010001101010001000000000000000000000000000000000010
1011100101011100110011011000101011100000000000000000000000000000000010
1011011100000001010100100110100111100000000000000000000000000000000010
1010010000000100101100110101010101100000000000000000000000000000000010
1010011110011000000001111010001011000000000000000000000000000000000010
1011000010001001110010011110101000100000000000000000000000000000000010
1011000110110110000100101011111110100000000000000000000000000000000010
1010101101010100100011111110110110100000000000000000000000000000000010
1010110010001110011000101011110000000000000000000000000000000000000010
1010001000001001100100111101000011100000000000000000000000000000000010
1010111000001001000100101010010111100000000000000000000000000000000010
1011100100100100111011010000111101000000000000000000000000000000000010
1010101000011011010011100000010111100000000000000000000000000000000010
1011011100011100001001111100010111000000000000000000000000000000000010
1011101001100000111110010100101001100000000000000000000000000000000010
1011110101010010001110101011110111100000000000000000000000000000000010
1010101000100110011001100011100001100000000000000000000000000000000010
1011101101100100100100011100001101000000000000000000000000000000000010
1010100011000001100110110011110101000000000000000000000000000000000010
1011101110010001111110010100011111100000000000000000000000000000000010
1011111011111110011000011001001010100000000000000000000000000000000010
1011011000001010000011000100001111000000000000000000000000000000000010
1010110101001001010111111110000011000000000000000000000000000000000010
1011100000100100000110111001000101000000000000000000000000000000000010
1011110001000000111011100011101100100000000000000000000000000000000010
1011001011000000011101000110000001000000000000000000000000000000000010
1010010010000110101011000100110101100000000000000000000000000000000010
1011001011010100111101011111010110100000000000000000000000000000000010
1011110000110100010011101100010100000000000000000000000000000000000010
1011001001100001001101100100010000100000000000000000000000000000000010
1010000110001000001100111111000101100000000000000000000000000000000010
1011101000001100010101111110011001100000000000000000000000000000000010
1010011001101000100110000010001111100000000000000000000000000000000010
1011100101110101010111110011011000000000000000000000000000000000000010
1010001110101011011101010111110111100000000000000000000000000000000010
1010100100011110111011011011001001100000000000000000000000000000000010
1011111001000010100101110101010101000000000000000000000000000000000010
1010010001100110111111111000011000100000000000000000000000000000000010
1011011011000011011010011001110001000000000000000000000000000000000010
1011100010101010011100111100111011000000000000000000000000000000000010
1010101100101000000101111011001000000000000000000000000000000000000010
1011000100011001001101000011101100100000000000000000000000000000000010
1010101000100001010111011001011110100000000000000000000000000000000010
1010010001010011111111100001010101100000000000000000000000000000000010
1011000010011010101010110101110101100000000000000000000000000000000010
1010011001010011110011001111111111000000000000000000000000000000000010
1010011001001010110011100011010101100000000000000000000000000000000010
1011111111000001010110100111001101100000000000000000000000000000000010
1010100111001110110100011111001000000000000000000000000000000000000010
1011000001110000000000001100111011000000000000000000000000000000000010
1010111010010000100101011101101110100000000000000000000000000000000010
1010000001100111001100110011011110000000000000000000000000000000000010
1010101110000111100110101011111100100000000000000000000000000000000010
1010110010100101010000110101100000000000000000000000000000000000000010
1010100011001111111010101010001010100000000000000000000000000000000010
1011101011110011101010010111011010000000000000000000000000000000000010
1010100111000001001111110111111100100000000000000000000000000000000010
1011100101100101110110111100001100100000000000000000000000000000000010
1010001011100010001011000111111100100000000000000000000000000000000010
1010001101100111011100001110110010000000000000000000000000000000000010
1010000010010010110100000110110010100000000000000000000000000000000010
1011001110110011000111011000100111000000000000000000000000000000000010
1011001000011111000100000010100100000000000000000000000000000000000010
1011100001101001000000111111000000100000000000000000000000000000000010
1010110000110101000110111101101101000000000000000000000000000000000010
1011000001000010100110110101010111100000000000000000000000000000000010
1010001100001101011011100110011011100000000000000000000000000000000010
1011110000000111110100000110101100100000000000000000000000000000000010
1010100101111001110111010110110111100000000000000000000000000000000010
1011100001101000011011110100101110100000000000000000000000000000000010
1010011001110001000110000100101011000000000000000000000000000000000010
1010100011010010000100011011001101100000000000000000000000000000000010
1011000000111111111111110011101111100000000000000000000000000000000010
1010110001111011000001001100101000000000000000000000000000000000000010
1011100000100111010011101010111110000000000000000000000000000000000010
1010010010010010010111010111010111000000000000000000000000000000000010
1011000001111000111111100110110100000000000000000000000000000000000010
1010000010101010101000100111010000100000000000000000000000000000000010
1010001111000111011001000110001001000000000000000000000000000000000010
1011011101010011100010111111110011100000000000000000000000000000000010
1011000100111110111001110001100111100000000000000000000000000000000010
1010010110010111101111100001101110000000000000000000000000000000000010
1011101010101111111111100011101110000000000000000000000000000000000010
1011000001001111100011000100111011100000000000000000000000000000000010
1010101011011100001010011100111011000000000000000000000000000000000010
1011101010001010100100000001101000000000000000000000000000000000000010
1011100010100010000111010111100010100000000000000000000000000000000010
1011000100101100110111100101110110100000000000000000000000000000000010
1011010100101011110111100001010110000000000000000000000000000000000010
1010000110011000101000000011010101100000000000000000000000000000000010
1011101100110111011010000100101110100000000000000000000000000000000010
1010010111111010010110001110101110100000000000000000000000000000000010
1011011000000110000010111100101110000000000000000000000000000000000010
1011000011100000101010001101000001100000000000000000000000000000000010
1011001100111010000011100111101110100000000000000000000000000000000010
1011010010001111001010100110110001100000000000000000000000000000000010
1010100100101001100111111110110100100000000000000000000000000000000010
1010110100010110010001000011001001100000000000000000000000000000000010
1010000111100000000101011000011101100000000000000000000000000000000010
1010000011101110010110001110100110100000000000000000000000000000000010
1010100011010000101001011101110011000000000000000000000000000000000010
1011101110100000101000011110001101100000000000000000000000000000000010
1010110011011010001100001100001111100000000000000000000000000000000010
1010100010101100100110110110101011000000000000000000000000000000000010
1010010100101001101001001001110100100000000000000000000000000000000010
1010100001011011000101101110001110100000000000000000000000000000000010
1011100011110101010001001100010100100000000000000000000000000000000010
1010100000111011111110110101001011100000000000000000000000000000000010
1011111000100110110011111101101010000000000000000000000000000000000010
1011000011010001100000100000100100000000000000000000000000000000000010
1010011111100001111101101110110110100000000000000000000000000000000010
1010100010011110010110011100100001100000000000000000000000000000000010
1010110101110100101001011001011000100000000000000000000000000000000010
1010110101111000010001101110100011100000000000000000000000000000000010
1011101111110000111011101100100111100000000000000000000000000000000010
1011100010111111101111000101110000100000000000000000000000000000000010
1010101010010000110100101100010011100000000000000000000000000000000010
1011000001100001100101110111100111100000000000000000000000000000000010
1011110000100100001111101111111010000000000000000000000000000000000010
1011100000001000100111011100110001100000000000000000000000000000000010
1011010011100101011101110001011010000000000000000000000000000000000010
1010000000000000100111101011100001000000000000000000000000000000000010
1011000101100001110001000100000000000000000000000000000000000000000010
1011001000011010011011111011110110100000000000000000000000000000000010
1010000101011100110101100101110101000000000000000000000000000000000010
1010010111100000101001011011101101000000000000000000000000000000000010
1011010101101001001011110100011110100000000000000000000000000000000010
1010100110010100101111101100000001100000000000000000000000000000000010
1010101100011101110010000000011000000000000000000000000000000000000010
1011000101000001111101110110100001100000000000000000000000000000000010
1011011000111011101001000011011111000000000000000000000000000000000010
1011111100100000000110000111000011100000000000000000000000000000000010
1010011111010000010011000010001110000000000000000000000000000000000010
1010011110100011000001111111000100000000000000000000000000000000000010
1011000001011000111100000101100111000000000000000000000000000000000010
1010111101101110010011111111100010100000000000000000000000000000000010
1011100000001000110010000010100001000000000000000000000000000000000010
1011000011000000100110010101000011100000000000000000000000000000000010
1011011001010000111000110111101011000000000000000000000000000000000010
1011000001101001000011010011110111100000000000000000000000000000000010
1010100110101011011000011111001000100000000000000000000000000000000010
1011101010011011001100010011100010100000000000000000000000000000000010
1010010001001010000010100010100110000000000000000000000000000000000010
1010111011010110001010001111111000100000000000000000000000000000000010
1010001100000011011000010110100011100000000000000000000000000000000010
1011000000100011000111010111111111000000000000000000000000000000000010
1010001011100010110111101100110000100000000000000000000000000000000010
1010110111110000001001010001101000100000000000000000000000000000000010
1010101001101011001010010011111001100000000000000000000000000000000010
1011010000101001111101010001111010100000000000000000000000000000000010
1011100100100000000001000100100100100000000000000000000000000000000010
1011010100011001011100101010101001000000000000000000000000000000000010
1011101100100110011010011111111000000000000000000000000000000000000010
1010010000111110010101100110001010000000000000000000000000000000000010
1010101001010000010011110110011001000000000000000000000000000000000010
1010111110110011001010001011000100000000000000000000000000000000000010
1011000011101000000010100111001110000000000000000000000000000000000010
1011111111011101000111100101011101100000000000000000000000000000000010
1011101000110100101010100101100011100000000000000000000000000000000010
1010000011100111101110101110101110000000000000000000000000000000000010
1011100000110011010010010111111110100000000000000000000000000000000010
1010100110001110010101001011000110100000000000000000000000000000000010
1010111001000001100101110111011111100000000000000000000000000000000010
1010110010110101100110111101011111100000000000000000000000000000000010
1010000101000000010001010111101110100000000000000000000000000000000010
1010011010100001110010101100111111100000000000000000000000000000000010
1010011100000111000101100111111010100000000000000000000000000000000010
1011100000111100110001101010010011000000000000000000000000000000000010
1010010000111110000010101011101110000000000000000000000000000000000010
1010000111100011010101101001011101100000000000000000000000000000000010
1010011101010011001100111111111101100000000000000000000000000000000010
1010001000101010111110111011000011100000000000000000000000000000000010
1011001101010001000010000011100100000000000000000000000000000000000010
1011000010011100100000110000000011100000000000000000000000000000000010
1011001100001000011001101001111011100000000000000000000000000000000010
1010100000010101100011101001110011100000000000000000000000000000000010
1010010010100000101101011110110001100000000000000000000000000000000010
1010100011110110100001111111101100100000000000000000000000000000000010
1010011110100100000110011110101001000000000000000000000000000000000010
1011110010001001010011000011111010100000000000000000000000000000000010
1010110110000001001111111000100011000000000000000000000000000000000010
1011000110100010110000100001100111100000000000000000000000000000000010
1010101101011000111111100001010010100000000000000000000000000000000010
1011001000001101000000111000110111100000000000000000000000000000000010
1011000010001010100101111001101001000000000000000000000000000000000010
1011001111101111100001111110010111100000000000000000000000000000000010
1010101100000100111011101101001011000000000000000000000000000000000010
1011000010010110100111001110110011000000000000000000000000000000000010
1010110000001000001101110101111100100000000000000000000000000000000010
1011010011010000111110000110111011100000000000000000000000000000000010
1011101101011011111001110100111011000000000000000000000000000000000010
1010100001001010111011010100110100000000000000000000000000000000000010
1011101001101000010101111011000110000000000000000000000000000000000010
1011100001110101000011101100100001100000000000000000000000000000000010
1011000111110010110111101010100001000000000000000000000000000000000010
1011001010011011100010011011111001000000000000000000000000000000000010
1011110100010111101111101111111011000000000000000000000000000000000010
1010011011000000110010110010110110100000000000000000000000000000000010
1011010001000001101101101110101110000000000000000000000000000000000010
1011001000010101111011101011101111000000000000000000000000000000000010
1010110011011100010101001100000111100000000000000000000000000000000010
1011110010110010100011100010001111100000000000000000000000000000000010
1010100111000000011000111110010010100000000000000000000000000000000010
1010000011110000110001101111111110100000000000000000000000000000000010
1010111100010101000011010110011101000000000000000000000000000000000010
1011100110011010001000011110111101100000000000000000000000000000000010
1011100101000001100111110001100011100000000000000000000000000000000010
1011100000010010011110000101010011000000000000000000000000000000000010
1010000011001001011001011001100110100000000000000000000000000000000010
1011010100110100101011111110001011000000000000000000000000000000000010
1010111101101000110110111111100011100000000000000000000000000000000010
1011100101110000000101111101110110000000000000000000000000000000000010
1011011010010000011101111010001100100000000000000000000000000000000010
1011110011100010101010011010100111100000000000000000000000000000000010
1010000010010100000101111010111010000000000000000000000000000000000010
1010111000010000111000101111100011000000000000000000000000000000000010
1011000000000011001110001001100010100000000000000000000000000000000010
1010000110010111001001111101011101000000000000000000000000000000000010
1011000110100000010110110001101010100000000000000000000000000000000010
1011001111011110110010011001100110100000000000000000000000000000000010
1010010000110110011101000101010010000000000000000000000000000000000010
1010011010001010011001111010001011100000000000000000000000000000000010
1010001100110001000110011100011100000000000000000000000000000000000010
1010100110001001010100001111100000100000000000000000000000000000000010
1011001011001000001101011000110111100000000000000000000000000000000010
1010001010101110101110100100010001000000000000000000000000000000000010
1011000111010111000000100101100110100000000000000000000000000000000010
1011000110111110110011111111111000100000000000000000000000000000000010
1011111000101001001011011000000010100000000000000000000000000000000010
1011010110100000010000000110101011100000000000000000000000000000000010
1010000100001110111100101111111100100000000000000000000000000000000010
1011010000100000001010100101010010000000000000000000000000000000000010
1010101001100001011101011010010110000000000000000000000000000000000010
1010001111100011111000010101011101100000000000000000000000000000000010
1011010011000100101001010000111011100000000000000000000000000000000010
1011000110001110010101011010110101000000000000000000000000000000000010
1011110010101100001011000111110101000000000000000000000000000000000010
1010000001000010101110110010111001000000000000000000000000000000000010
1010100000110010100000111101111110100000000000000000000000000000000010
1010110010000000000111001100111010100000000000000000000000000000000010
1010110111111001011101100100010011100000000000000000000000000000000010
1010000101111011111000001001110111100000000000000000000000000000000010
1010000010001000001110110011001010100000000000000000000000000000000010
1011000010000010001011010011010001100000000000000000000000000000000010
1011000111101000010100000111010010100000000000000000000000000000000010
1010110101011100100010010010111001000000000000000000000000000000000010
1010100100111000111111110011110101100000000000000000000000000000000010
1011100001001100011110010001000110100000000000000000000000000000000010
1010101101010100100010011110110011100000000000000000000000000000000010
1011101001011010001001010101001110000000000000000000000000000000000010
1010100010100010000000011011001000100000000000000000000000000000000010
1010000101100100011011111001001110100000000000000000000000000000000010
1010010000101010000001101000101001100000000000000000000000000000000010
1010111001110010111101110011010101100000000000000000000000000000000010
1010100110010110100010110111010010100000000000000000000000000000000010
1010100010001110110100110001101110000000000000000000000000000000000010
1010100001000001110010010001011111100000000000000000000000000000000010
1010111000001000110100100011010000000000000000000000000000000000000010
1010010010110000010111110001000001000000000000000000000000000000000010
1010000001110110011111100011100100000000000000000000000000000000000010
1011101111011011000101110010110001100000000000000000000000000000000010
1010001000010011010001001110100101100000000000000000000000000000000010
1011100110101110101110111110011101100000000000000000000000000000000010
1011100011001000100101100011111010000000000000000000000000000000000010
1011100001000011010010001000011101100000000000000000000000000000000010
1010000111000111001010011110100010100000000000000000000000000000000010
1010110101000010010000001011000100100000000000000000000000000000000010
1010110001010011100111110110010110100000000000000000000000000000000010
1010010100000010010011100111101001100000000000000000000000000000000010
1010100000001001000111011110000011100000000000000000000000000000000010
1011100010100111101001010100001111100000000000000000000000000000000010
1011110010100111101110111110011001100000000000000000000000000000000010
1011110001011001101111000111101010000000000000000000000000000000000010
1010011111110111010011111110110010100000000000000000000000000000000010
1011010110100111100101010110100111100000000000000000000000000000000010
1010000000010000101000111000111111000000000000000000000000000000000010
1011101001010110100100111010001100000000000000000000000000000000000010
1010011111001000010111110000000001100000000000000000000000000000000010
1011010110010000001110011100011111100000000000000000000000000000000010
1010101001001010011010110100101110100000000000000000000000000000000010
1011110100111101101100110000010010000000000000000000000000000000000010
1010101010110001001110100010011111100000000000000000000000000000000010
1011001001110000111100011110100010000000000000000000000000000000000010
1010011101111000011000000011001100000000000000000000000000000000000010
1010010010011011011100001000011011100000000000000000000000000000000010
1010000000011000101110110101110001000000000000000000000000000000000010
1011011110000101010001100000001011100000000000000000000000000000000010
1010001100010001001001110101000010100000000000000000000000000000000010
1010101000100110100000100111101000000000000000000000000000000000000010
1010101011111001110110100110010101000000000000000000000000000000000010
1010001100000010011100000001010001100000000000000000000000000000000010
1011000100100100001000011110110100000000000000000000000000000000000010
1011000111000010100011100011110100100000000000000000000000000000000010
1011010100001100001111000101011101100000000000000000000000000000000010
1011110000001000000010100000101011100000000000000000000000000000000010
1010001010000011110001101111010010100000000000000000000000000000000010
1010011110001001011110001111001100100000000000000000000000000000000010
1010100000000110100111100111100110100000000000000000000000000000000010
1010110000110111001100000101010111000000000000000000000000000000000010
1011010101101011100111011001011111000000000000000000000000000000000010
1011000011101010100100000000110101000000000000000000000000000000000010
1010101000100000001010100000001000000000000000000000000000000000000010
1011010000111000100000010000010011000000000000000000000000000000000010
1010101111010011101011110000001010000000000000000000000000000000000010
1011110100100010110010110010000110000000000000000000000000000000000010
1010011010010000110010001111111010100000000000000000000000000000000010
1010100111110111101111011111110111000000000000000000000000000000000010
1011001101000100001001111110000011100000000000000000000000000000000010
1011100000000100000110111111111100000000000000000000000000000000000010
1011010110111110000001000000101000100000000000000000000000000000000010
1010010000011001000011100101101010000000000000000000000000000000000010
1010101111100001000110010001110010000000000000000000000000000000000010
1010011111101000100001010011110101100000000000000000000000000000000010
1011110001101100100110010111101110100000000000000000000000000000000010
1011010010110101011001100110101001000000000000000000000000000000000010
1010010001000011111000101101111011000000000000000000000000000000000010
1010010110001001000100010000110111000000000000000000000000000000000010
1011101011111010110011010000011111000000000000000000000000000000000010
1010100001001011011001001011011110100000000000000000000000000000000010
1010101000010100000101100010110011000000000000000000000000000000000010
1010100100111110101010100000111100100000000000000000000000000000000010
1011001001111010010100111101101111000000000000000000000000000000000010
1011101000010101010010010011001001000000000000000000000000000000000010
1010010001110001011101010000110011000000000000000000000000000000000010
1011110011101100101110101110111010100000000000000000000000000000000010
1010011010100010110111000101011111000000000000000000000000000000000010
1011101110111100010101011011010100000000000000000000000000000000000010
1011101001110001100100001001101010000000000000000000000000000000000010
1010101011101101010101001110001011000000000000000000000000000000000010
1011100000000011100010010011001011000000000000000000000000000000000010
1011100001101000100011110111001000100000000000000000000000000000000010
1011100100001000110001101110011011100000000000000000000000000000000010
1011100011000111110011010100010101100000000000000000000000000000000010
1011111100101111100100001110111111100000000000000000000000000000000010
1011100111011101111101011101000010000000000000000000000000000000000010
1011111100000101000110000111101010000000000000000000000000000000000010
1010100111100110010000101101111100100000000000000000000000000000000010
1011000110100010101001111111001011100000000000000000000000000000000010
1011101001000111101111010101110100100000000000000000000000000000000010
1011000100101100010100100011010011100000000000000000000000000000000010
1010111100100110100110101111100111100000000000000000000000000000000010
1010000001010011111111101011110111000000000000000000000000000000000010
1010110010110001010011100111000001100000000000000000000000000000000010
1010011001000101000111011001010011000000000000000000000000000000000010
1010100010110010110101100111000110000000000000000000000000000000000010
1010011101110010000011111010110010000000000000000000000000000000000010
1011111011110010000101101010100010000000000000000000000000000000000010
1011001001011010100100111100111101000000000000000000000000000000000010
1011001000110000000111011100110100000000000000000000000000000000000010
1011000101100000111100001000101111100000000000000000000000000000000010
1010011111001000011111011100101010100000000000000000000000000000000010
1010000010111001010001111101110111000000000000000000000000000000000010
1011010010001000000111110111011100100000000000000000000000000000000010
1010001100111110010111011101111011100000000000000000000000000000000010
1010101010010000101010101111001101100000000000000000000000000000000010
1010010001101011001110000111000110000000000000000000000000000000000010
1011100010010111100101010100010010100000000000000000000000000000000010
1010100101010010101010100010101011100000000000000000000000000000000010
1011001010000101011010111000101011100000000000000000000000000000000010
1010011101010001001001110001111111100000000000000000000000000000000010
1010000111000001101110101001011100100000000000000000000000000000000010
1011100110011110000011110110110101100000000000000000000000000000000010
1010011101111010100110001011101000000000000000000000000000000000000010
1011101110100100011111100011000010000000000000000000000000000000000010
1010010111010001110111011101100001100000000000000000000000000000000010
1010011111011011110100100001101101000000000000000000000000000000000010
1011010011100101110101010001011011100000000000000000000000000000000010
1010100101110000010101111111011011000000000000000000000000000000000010
1010010110011101011111101011011101000000000000000000000000000000000010
1011011110000110101101001110100000000000000000000000000000000000000010
1011000011010010001100010010110111100000000000000000000000000000000010
1011110011000101010100011010011000100000000000000000000000000000000010
1011111100101001000011010111101111100000000000000000000000000000000010
1011000000011101011001011011111011000000000000000000000000000000000010
1011110010000110000101101001011100100000000000000000000000000000000010
1011000010000001110011111010011110000000000000000000000000000000000010
1011110010110100110111110101111001000000000000000000000000000000000010
1010011010000001111100011110101011100000000000000000000000000000000010
1011100100110001000111101110110001100000000000000000000000000000000010
1011110001111000110110110100111110100000000000000000000000000000000010
1011000101011111100111111001010101000000000000000000000000000000000010
1010010100010000101110101000111001000000000000000000000000000000000010
1010011100110010100111101100011011100000000000000000000000000000000010
1011110110010100000000110001111001100000000000000000000000000000000010
1011100010001011011001101101101000000000000000000000000000000000000010
1011110111011001000100011111110010100000000000000000000000000000000010
1011011101100000111111100101010011100000000000000000000000000000000010
1011100010101010001110110111000000000000000000000000000000000000000010
1010001000001000010111011001101100000000000000000000000000000000000010
1011000000001011111101101110111111100000000000000000000000000000000010
1010101101001111101100000110111111000000000000000000000000000000000010
1011110010010001101010001100101110100000000000000000000000000000000010
1011111001000010000011111100110110100000000000000000000000000000000010
1010000101010011110011011001101010100000000000000000000000000000000010
1010000101100111111110110000110111100000000000000000000000000000000010
1010000100100011010011001110111011100000000000000000000000000000000010
1010111110111010010101110000110010000000000000000000000000000000000010
1010010100000011101000110011101111100000000000000000000000000000000010
1010101001100010110110100110100001000000000000000000000000000000000010
1010010111010001010001010100100111100000000000000000000000000000000010
1011100110011010110010110001001010000000000000000000000000000000000010
1010010001100101000000010011101111100000000000000000000000000000000010
1011111101110110000011000001110000100000000000000000000000000000000010
1011000000000001001110101111100100100000000000000000000000000000000010
1011001001001101101100000111110100100000000000000000000000000000000010
1010110011100011100010110110011111100000000000000000000000000000000010
1011001001100111010001101110110010100000000000000000000000000000000010
1010000110111110010100011010000011000000000000000000000000000000000010
1010100100111110010011100111100010100000000000000000000000000000000010
1010110100111100100111010101000110100000000000000000000000000000000010
1010111010010000110011010111100000100000000000000000000000000000000010
1011111110000001000000111011100010100000000000000000000000000000000010
1011001001000000100100101000001011000000000000000000000000000000000010
1010110000010010111000111110111011100000000000000000000000000000000010
1010010110010000001010101110110010100000000000000000000000000000000010
1010010100001010001001011011111010000000000000000000000000000000000010
1010010001100000010011101101000100100000000000000000000000000000000010
1011100100101111100011111111010010000000000000000000000000000000000010
