1011001100110001111101111001100001000000000000000000000000000000000010
1010111111111111110010001011010000000000000000000000000000000000000010
1011011101011001011110011000101011000000000000000000000000000000000010
1011011000001011100110000100001010000000000000000000000000000000000010
1010101010100010011101000111001110000000000000000000000000000000000010
1010111001010100110111100011000001100000000000000000000000000000000010
1011010101110100001101010000110000100000000000000000000000000000000010
1011100101101001100011000000100000000000000000000000000000000000000010
1011111110010001110110100001110001100000000000000000000000000000000010
1010010110111100110001001011000100100000000000000000000000000000000010
1011111111110010011100001000000111100000000000000000000000000000000010
1010010111000111101010001000101101100000000000000000000000000000000010
1010101111111111001000010000111111000000000000000000000000000000000010
1010011101011101101000011010111000000000000000000000000000000000000010
1011101111001010001110010111111010000000000000000000000000000000000010
1011011111101110110010100000100100100000000000000000000000000000000010
1010101101101000011000010101100101000000000000000000000000000000000010
1011111010011111010110101000011111000000000000000000000000000000000010
1011101010000100100000001111110101100000000000000000000000000000000010
1010010111101101000011000011001010000000000000000000000000000000000010
1011100101001111010000110000110100000000000000000000000000000000000010
1011000110101111101110101100001010100000000000000000000000000000000010
1011101000000111100010100101011100000000000000000000000000000000000010
1011001000011010011110101000010001100000000000000000000000000000000010
1011101000100000110011011010100001000000000000000000000000000000000010
1010101010101101100101111000101100000000000000000000000000000000000010
1010010001001100100001000101111110100000000000000000000000000000000010
1010111110000001001011000101100100000000000000000000000000000000000010
1011110011110101110000001101000010100000000000000000000000000000000010
1011001000111010111011101100010011100000000000000000000000000000000010
1010011001100101010001011110100001000000000000000000000000000000000010
1011011111101000111111001111101011100000000000000000000000000000000010
1011011011101100101000000110100001100000000000000000000000000000000010
1010110110111001011110100111011110100000000000000000000000000000000010
1010110010110111100000000011010110100000000000000000000000000000000010
1011110111110111101000011101010110000000000000000000000000000000000010
1011100110110010101000011100000111000000000000000000000000000000000010
1011011000000111010011100101110000000000000000000000000000000000000010
1011101101100100100010010100100101000000000000000000000000000000000010
1011001111010101110111101100110101000000000000000000000000000000000010
1011111101011010111001100110110111000000000000000000000000000000000010
1011111011101101100111100001110000000000000000000000000000000000000010
1010010100110010001010011001010000000000000000000000000000000000000010
1011110110000110110001000111000011000000000000000000000000000000000010
1011100011111100110101010110000011000000000000000000000000000000000010
1011010010100110000010011100110001000000000000000000000000000000000010
1011000010110010001000110000100111000000000000000000000000000000000010
1011101011110000000010011000001111100000000000000000000000000000000010
1011100010001010101000000100000111000000000000000000000000000000000010
1010111101111010111111110001001010100000000000000000000000000000000010
1011011111000110001010111110000010000000000000000000000000000000000010
1010011111010110010101110100010001100000000000000000000000000000000010
1011000011000000101100011110010100000000000000000000000000000000000010
1010111000001101110101101110101011100000000000000000000000000000000010
1011110101110101110101100100010011100000000000000000000000000000000010
1011010000101111010110111101100011000000000000000000000000000000000010
1010101101100011001110101110000011100000000000000000000000000000000010
1011011100011000011001000100010001000000000000000000000000000000000010
1011101101100110110101010110001110100000000000000000000000000000000010
1011110010100011100101100100010001100000000000000000000000000000000010
1010000000110111011000001111000011000000000000000000000000000000000010
1011001001100000100000011101011010100000000000000000000000000000000010
1011000101101110001100101101010101000000000000000000000000000000000010
1011011010101100000100111111110011100000000000000000000000000000000010
1011110001110011011100011000001101000000000000000000000000000000000010
1011001111100010011000010110111001100000000000000000000000000000000010
1011101001101100110100011111010111000000000000000000000000000000000010
1010010101000110100000101100100000100000000000000000000000000000000010
1011101001111101111001100100000101100000000000000000000000000000000010
1011101111110100100011101111010111000000000000000000000000000000000010
1011000100000101101100100000111010000000000000000000000000000000000010
1011000010001011011101010110111100000000000000000000000000000000000010
1011111101011101001010011101001001000000000000000000000000000000000010
1011010011100110011000000100001111100000000000000000000000000000000010
1011011100111001011100001101000010100000000000000000000000000000000010
1011100110001000100001011010101011100000000000000000000000000000000010
1011000001000111111011100011100001000000000000000000000000000000000010
1011110000110110111010010101010110000000000000000000000000000000000010
1011101000000111111100100111001100100000000000000000000000000000000010
1011001100011110101000000111010000100000000000000000000000000000000010
1011101000110000101010011101001010100000000000000000000000000000000010
1011011010101101000110110001010101100000000000000000000000000000000010
1011010011111000011010110101100001100000000000000000000000000000000010
1011111000001100001101111000001000100000000000000000000000000000000010
1011110110101110101010011100101111000000000000000000000000000000000010
1011100010010011011101111101000110100000000000000000000000000000000010
1011001010011110111000111111111000100000000000000000000000000000000010
1011010000000110100111101111101000100000000000000000000000000000000010
1010110111000110001000110111000110000000000000000000000000000000000010
1011010110111010111011010000000001100000000000000000000000000000000010
1011010100111110110101111000010000100000000000000000000000000000000010
1011011100000010101101011110010000000000000000000000000000000000000010
1011110011001001001011100110010010000000000000000000000000000000000010
1011100111011100011111100110000101100000000000000000000000000000000010
1011110100010000101110101100100110000000000000000000000000000000000010
1011010101010110100110100100001110100000000000000000000000000000000010
1011010100010100101000111010110001000000000000000000000000000000000010
1011010010000000001110011100110111100000000000000000000000000000000010
1011010111011001110001001101000000000000000000000000000000000000000010
1011001010000010011111111100000001000000000000000000000000000000000010
1011000111011111011001000001000010000000000000000000000000000000000010
1011111100111111000000010101100100100000000000000000000000000000000010
1010111001010010100111111011010110000000000000000000000000000000000010
1010111100000011110010011100110001100000000000000000000000000000000010
1010011010110001101010000101010110000000000000000000000000000000000010
1010111111001011011010110001011100000000000000000000000000000000000010
1010011011101110000101001101100010100000000000000000000000000000000010
1011100011001000111100000000010011000000000000000000000000000000000010
1010111010110001101110110011100111000000000000000000000000000000000010
1011101101110011011011000010100100100000000000000000000000000000000010
1010110011011011111001010000010111100000000000000000000000000000000010
1011001001000010101010110100110000000000000000000000000000000000000010
1010000110010100111011111011101000000000000000000000000000000000000010
1011101101001001110001010011000100000000000000000000000000000000000010
1011110011101000010111100001000111100000000000000000000000000000000010
1010101101010000111110010111100100000000000000000000000000000000000010
1011111101111110100010100010111000100000000000000000000000000000000010
1010100110110000100101111010100101100000000000000000000000000000000010
1011100001001111101111001011000011000000000000000000000000000000000010
1010001011010011110010001010100001000000000000000000000000000000000010
1010110010110111100010001011000001100000000000000000000000000000000010
1011001111001011001001010010100111000000000000000000000000000000000010
1011001101110111111100101111000011000000000000000000000000000000000010
1010100100110001100101010110101011000000000000000000000000000000000010
1011101010110000010001110000101010100000000000000000000000000000000010
1011111001100010101110111001010001000000000000000000000000000000000010
1010011100011100010100011011110010100000000000000000000000000000000010
1010110010000101000001101101011011000000000000000000000000000000000010
1011000010110000011110010101101110000000000000000000000000000000000010
1011000100001011111010010000101010000000000000000000000000000000000010
1010101100010011111000100001110010000000000000000000000000000000000010
1011000000011110110010111000110100100000000000000000000000000000000010
1011100100101110110110011111001000000000000000000000000000000000000010
1010111010000111100011010010111100000000000000000000000000000000000010
1010011011110111010111011001010000100000000000000000000000000000000010
1010111000111011000001111110011110100000000000000000000000000000000010
1010010011110010010100101100110110000000000000000000000000000000000010
1011011001111100110110110100011111000000000000000000000000000000000010
1010011000101000010110000001010100100000000000000000000000000000000010
1011111111111010111111000010000101000000000000000000000000000000000010
1010010110011110110001111001001001100000000000000000000000000000000010
1010100101000011010110011100101011100000000000000000000000000000000010
1010110100010011101100011011011110100000000000000000000000000000000010
1011101111101100000110110110001100100000000000000000000000000000000010
1011110010010101100000000011001000100000000000000000000000000000000010
1011001110001101011110010100010100000000000000000000000000000000000010
1011011110100110101110100101010100000000000000000000000000000000000010
1010101001100001111100001000111000000000000000000000000000000000000010
1010110010010110111100100110010101000000000000000000000000000000000010
1011101101110011010111101011000100100000000000000000000000000000000010
1010100010110100011100101011110000000000000000000000000000000000000010
1011001010000110000111100110111101000000000000000000000000000000000010
1011100010000011010101110101000001100000000000000000000000000000000010
1011111010100101110111000100010111000000000000000000000000000000000010
1010111110000011011001110110011100000000000000000000000000000000000010
1011100111011100101010000000000110100000000000000000000000000000000010
1010110001101011001101011010011101000000000000000000000000000000000010
1011000000011001000010001111010100100000000000000000000000000000000010
1010111000110101110001101110011100000000000000000000000000000000000010
1011011001011101110101101100001001100000000000000000000000000000000010
1010001010100011011000101101010001100000000000000000000000000000000010
1010001011111111110001000000111111100000000000000000000000000000000010
1011111000001011101011101000100001000000000000000000000000000000000010
1011100010001100101110110100001011100000000000000000000000000000000010
1010110001000110110111011011111101100000000000000000000000000000000010
1011011010001010000001110010001111100000000000000000000000000000000010
1010010000101101100010000110100100100000000000000000000000000000000010
1011011101000000110111011010110100100000000000000000000000000000000010
1010001011100111101111110011111000100000000000000000000000000000000010
1011001100011111001010011011111110100000000000000000000000000000000010
1011110001000001110110011000010000000000000000000000000000000000000010
1010000100001000111110111100010000100000000000000000000000000000000010
1010010111101101010001000101101001100000000000000000000000000000000010
1010110010001000011010010100100100000000000000000000000000000000000010
1010110111001111011110001100101100100000000000000000000000000000000010
1011111101100101111011010011101000100000000000000000000000000000000010
1011111111010101110111010011100110000000000000000000000000000000000010
1010011000010000100110111010100011100000000000000000000000000000000010
1010110101010110101001001001100100000000000000000000000000000000000010
1010100000001110101010101001001010000000000000000000000000000000000010
1011010101101101011110010000010011100000000000000000000000000000000010
1011010010101101011010001000111000100000000000000000000000000000000010
1011111001100001110110000001100110000000000000000000000000000000000010
1010001101001110110010011010110110100000000000000000000000000000000010
1011000100111101000011000111100010000000000000000000000000000000000010
1010000001010110101100011010000011000000000000000000000000000000000010
1010000011111000111011111101000101000000000000000000000000000000000010
1010101011101111001111100001001000000000000000000000000000000000000010
1010000100110100110110101100101111000000000000000000000000000000000010
1011001011100011011100011111000010000000000000000000000000000000000010
1011010110010101001000101111111110100000000000000000000000000000000010
1011101000111100110110010111000111100000000000000000000000000000000010
1010010011101001001010111111100110000000000000000000000000000000000010
1010110101000111111111000111010110000000000000000000000000000000000010
1011000100100011001001000101010001100000000000000000000000000000000010
1010011110110111111100001000000110100000000000000000000000000000000010
1011000001010110100110001001010100000000000000000000000000000000000010
1011011010111011010011101101111001000000000000000000000000000000000010
1010001100011001011111000100000011000000000000000000000000000000000010
1011001110101111101101010111000111100000000000000000000000000000000010
1010110010010001001011010010111111000000000000000000000000000000000010
1011011111000010010011000000111000000000000000000000000000000000000010
1011111011111101010101000011011111100000000000000000000000000000000010
1010010100000110011100101001010110000000000000000000000000000000000010
1011000000010010110100111000100101100000000000000000000000000000000010
1011010100000001000000011000010101000000000000000000000000000000000010
1010001110011111011110000111001011100000000000000000000000000000000010
1011110111000111010110010010011101000000000000000000000000000000000010
1011110101000011001010000110111000000000000000000000000000000000000010
1011011110010011000111100010011000000000000000000000000000000000000010
1011010110110011011010001010101010000000000000000000000000000000000010
1010010011000010011111111001000001100000000000000000000000000000000010
1011001110000111100000111000100001100000000000000000000000000000000010
1011000110010110100000010000001000100000000000000000000000000000000010
1010000100010101101100101111010110100000000000000000000000000000000010
1011110111010111111100000110001001000000000000000000000000000000000010
1011101001011010111010001001010110000000000000000000000000000000000010
1011001010101111110000111001111110100000000000000000000000000000000010
1011101101010101111010001110001110000000000000000000000000000000000010
1010000101010110001111010110101101000000000000000000000000000000000010
1011100000100111101000100000001011100000000000000000000000000000000010
1010101111111101010000111010000000000000000000000000000000000000000010
1011110110011010001101011101100101100000000000000000000000000000000010
1010101111010000101010010010100111100000000000000000000000000000000010
1011011011010011101010100101010110000000000000000000000000000000000010
1010000101001101111010001011001011000000000000000000000000000000000010
1010010011110011000010101000110101000000000000000000000000000000000010
1011010100000110001111010000000010100000000000000000000000000000000010
1011101111110010011001111011100001000000000000000000000000000000000010
1011111111011101001101010010000101000000000000000000000000000000000010
1010111100101000010100001000111001000000000000000000000000000000000010
1011101100001100010010110111101010100000000000000000000000000000000010
1011001010110010110110010100100111100000000000000000000000000000000010
1010001110100101011000010011001101100000000000000000000000000000000010
1011010111110111100111110111100110100000000000000000000000000000000010
1011111010010001000101110010000100000000000000000000000000000000000010
1010111001110101011011011110111000000000000000000000000000000000000010
1011111001111101001110110100000000100000000000000000000000000000000010
1011111100010011011001101001111100100000000000000000000000000000000010
1011101100010100001101110100101111100000000000000000000000000000000010
1010011100100011001010011100111000100000000000000000000000000000000010
1010110000111100110001000010101001000000000000000000000000000000000010
1010101000011101001000110110000111100000000000000000000000000000000010
1010101111100011101101111111000000100000000000000000000000000000000010
1010000001000101010011000010111101000000000000000000000000000000000010
1011000011111000100010101100110100100000000000000000000000000000000010
1010111110101000010000000110000010100000000000000000000000000000000010
1010011000011101001011111110000111100000000000000000000000000000000010
1011011110110101001001101100110110000000000000000000000000000000000010
1011100100001101000101001110111001100000000000000000000000000000000010
1010001001011101011001101001010111100000000000000000000000000000000010
1011111100000100001100010110001000100000000000000000000000000000000010
1011100100011111111000000110110100100000000000000000000000000000000010
1010100011110100010111111010000000000000000000000000000000000000000010
1010110101100100100001001101100010000000000000000000000000000000000010
1011011110110110000011100101011001000000000000000000000000000000000010
1010110010010110000111000000000010000000000000000000000000000000000010
1011000110010110101011000000111111100000000000000000000000000000000010
1011110100001101110010001010100001000000000000000000000000000000000010
1011111001111000110010010011100101000000000000000000000000000000000010
1010111000010000001010100000000101100000000000000000000000000000000010
1010110001011001011101001100100001000000000000000000000000000000000010
1010001101011100110010001111011110100000000000000000000000000000000010
1011111011100001111011110100011001000000000000000000000000000000000010
1011001010000111111101110100000010100000000000000000000000000000000010
1011100001101101101110100001001101100000000000000000000000000000000010
1011001101111101110100000110010010100000000000000000000000000000000010
1011100101111110111111000001001001000000000000000000000000000000000010
1010101110001100011111011111010110100000000000000000000000000000000010
1010100001001000010100011101100111100000000000000000000000000000000010
1011110110110000110000011110111010100000000000000000000000000000000010
1010011111001011010011111101000010100000000000000000000000000000000010
1010000010100001110000110111000011100000000000000000000000000000000010
1010100000110111001010100110111001000000000000000000000000000000000010
1011110100100100100001000011111101100000000000000000000000000000000010
1010101101011111100110101001000011100000000000000000000000000000000010
1011001010100010000100101001010101100000000000000000000000000000000010
1010111101100100110111011000000001100000000000000000000000000000000010
1011111101101001111110001100011111100000000000000000000000000000000010
1010111000001111001011010111010000100000000000000000000000000000000010
1011110101001111001111111000111000100000000000000000000000000000000010
1010011011011010001101001000010001100000000000000000000000000000000010
1011110011011001101010101111110001000000000000000000000000000000000010
1010011000110110001100001001001010100000000000000000000000000000000010
1010111100000011100010001010100000100000000000000000000000000000000010
1010000111101111110101011010000010000000000000000000000000000000000010
1010011101111001100010101100011100000000000000000000000000000000000010
1011011011101111101110100001010000100000000000000000000000000000000010
1010101110100111001110111010001000000000000000000000000000000000000010
1010110011010111011000100110000011000000000000000000000000000000000010
1011110000001011001101011011100100000000000000000000000000000000000010
1011010111011000010010011011001110100000000000000000000000000000000010
1011111110010111101000101010000000000000000000000000000000000000000010
1010000110001010101101001000101010100000000000000000000000000000000010
1011100001011010110110100101101110000000000000000000000000000000000010
1010011001000111011010011101110100100000000000000000000000000000000010
1011111110000101001110010000001101000000000000000000000000000000000010
1011000000111110101010010000001110100000000000000000000000000000000010
1011111001111111111100010011111001100000000000000000000000000000000010
1011110100100011110110111101010110100000000000000000000000000000000010
1010010011010001001101110110110001000000000000000000000000000000000010
1010001101111001101011001111000100000000000000000000000000000000000010
1011111101001001011110101111110100000000000000000000000000000000000010
1011000010100001011100011011000110000000000000000000000000000000000010
1010010011110110110101000110100110000000000000000000000000000000000010
1010000101011110100001110111000010000000000000000000000000000000000010
1011011001001000101011001011111011000000000000000000000000000000000010
1010011101110011100101100101000100100000000000000000000000000000000010
1010101100100101010101010011001011000000000000000000000000000000000010
1010001011111001101001100111000111100000000000000000000000000000000010
1011010101011011011110000011000101100000000000000000000000000000000010
1011111101111111001011111111111011000000000000000000000000000000000010
1010010111011010011101101101000001000000000000000000000000000000000010
1010101100001000011011110000101000000000000000000000000000000000000010
1011010001011110100100100110011011100000000000000000000000000000000010
1011011001001011100011100000010010000000000000000000000000000000000010
1010101101010010010101101000000010100000000000000000000000000000000010
1010000010000010010000101101101000000000000000000000000000000000000010
1011110111010010111001000010010001100000000000000000000000000000000010
1011100001000111000000000111000111100000000000000000000000000000000010
1010101000010111110111001000100010000000000000000000000000000000000010
1011100110110100110011010100011110000000000000000000000000000000000010
1011110011011101100011110111111001100000000000000000000000000000000010
1011001101001101001010000101000100000000000000000000000000000000000010
1010111101110011001001111010100011100000000000000000000000000000000010
1010001010000111101000110010110110100000000000000000000000000000000010
1011011100000101110101010000111001100000000000000000000000000000000010
1010100010000100001110000100110110100000000000000000000000000000000010
1010101010000101110100110110011000000000000000000000000000000000000010
1010100110100101111100011000000100000000000000000000000000000000000010
1011111011010000101001001011011111100000000000000000000000000000000010
1011000100101010110000101011000111000000000000000000000000000000000010
1011111001011111010111001001100111000000000000000000000000000000000010
1011101000011111101000111001100001000000000000000000000000000000000010
1011011101011111000100011100111100100000000000000000000000000000000010
1010100011101011001110100011110000100000000000000000000000000000000010
1011011010001111110101100110011100000000000000000000000000000000000010
1010000110100011001000111011011111000000000000000000000000000000000010
1011100100011010111111011100010110000000000000000000000000000000000010
1011111010111010110010001100111101100000000000000000000000000000000010
1011110111000011011000111010111001100000000000000000000000000000000010
1010110011101001100110011101101101000000000000000000000000000000000010
1011111100010101010000011101101001000000000000000000000000000000000010
1011010000100001111101000101111100000000000000000000000000000000000010
1011011011110110110000100110010001000000000000000000000000000000000010
1011110010101000110010101111100101000000000000000000000000000000000010
1010001001001011111001101110110100000000000000000000000000000000000010
1011001011010111111111011000011000100000000000000000000000000000000010
1011011111010011110011101001110010100000000000000000000000000000000010
1011110100011111101010111000011011000000000000000000000000000000000010
1010100101110000011011101100110100000000000000000000000000000000000010
1010110011011001101001110111100001000000000000000000000000000000000010
1010000010000001011010110100100100000000000000000000000000000000000010
1011101101111011100100101111111111000000000000000000000000000000000010
1011001011110011111001001110101110100000000000000000000000000000000010
1011101010000001110111111101001100000000000000000000000000000000000010
1011100111010110010101010000000110100000000000000000000000000000000010
1011111000100100111111011000110101100000000000000000000000000000000010
1010101011111101000011110100101000100000000000000000000000000000000010
1011100010101110001100001010010100000000000000000000000000000000000010
1010101010011001010011101110110001000000000000000000000000000000000010
1011101000011110100011010111010001000000000000000000000000000000000010
1011001110010010111011100101100001000000000000000000000000000000000010
1011011000110001000100010000011000000000000000000000000000000000000010
1011101010011010010101111010011111000000000000000000000000000000000010
1011100110100101111100011000101001100000000000000000000000000000000010
1011010011100000000111010001100100000000000000000000000000000000000010
1011101011110100111111101011101110100000000000000000000000000000000010
1011110100011000110100011111011010000000000000000000000000000000000010
1011100111100101101001010001000001100000000000000000000000000000000010
1011101000010101011110111011010011000000000000000000000000000000000010
1010001110111100110100101000001000100000000000000000000000000000000010
1011101101011001010010000000000100100000000000000000000000000000000010
1010000000100110010011000011101101000000000000000000000000000000000010
1010000010110001100000100001111100000000000000000000000000000000000010
1011101110110101111000011100011011100000000000000000000000000000000010
1010010000011111011010100101101111000000000000000000000000000000000010
1011110000000100011011110101110010100000000000000000000000000000000010
1011101101010111011111010010110101100000000000000000000000000000000010
1011100011010000111111101110101011000000000000000000000000000000000010
1011110001111100010010010001101010000000000000000000000000000000000010
1010000010000001001101000010001000100000000000000000000000000000000010
1010111011101011000111010001011010100000000000000000000000000000000010
1011001011000001101101010000011101100000000000000000000000000000000010
1010011000101010101110000111110011100000000000000000000000000000000010
1011110000010111001011010101001010100000000000000000000000000000000010
1010100001010000000000010101110000100000000000000000000000000000000010
1011111100111000101010000010100110000000000000000000000000000000000010
1011111100001010010001000010101001000000000000000000000000000000000010
1011011110011001001110100111001001100000000000000000000000000000000010
1011111100100010110110001101000001000000000000000000000000000000000010
1011011001110100000101111100111001100000000000000000000000000000000010
1011011110111000100101100101011000100000000000000000000000000000000010
1010101111011110011011101010110000100000000000000000000000000000000010
1010110110111000101010111111100100000000000000000000000000000000000010
1010111110111101101100000100011110000000000000000000000000000000000010
1011001011101011101001100110110010000000000000000000000000000000000010
1010101010110010000011111101100000100000000000000000000000000000000010
1011100101101111111011111000010000000000000000000000000000000000000010
1011000111001100001001111100000010000000000000000000000000000000000010
1010000000011100111101110101001000000000000000000000000000000000000010
1011100101011101010100011000010111100000000000000000000000000000000010
1010000110101100011010110111010111100000000000000000000000000000000010
1010111000010111001000010111010111000000000000000000000000000000000010
1010100011000101111000110011111011000000000000000000000000000000000010
1011101010111110001001010011000010000000000000000000000000000000000010
1010100100010011111001110010010011000000000000000000000000000000000010
1010100001010111001110110111111011000000000000000000000000000000000010
1010100101110100101000010010111111000000000000000000000000000000000010
1011000100010010011100011010110000100000000000000000000000000000000010
1011111110111111000110001101111100000000000000000000000000000000000010
1010010100010111110000100000011101100000000000000000000000000000000010
1010010001110100111101111011100101000000000000000000000000000000000010
1011000000100000100010010010000000000000000000000000000000000000000010
1010011100110101001100011100111010000000000000000000000000000000000010
1011100001111111101000010000100110100000000000000000000000000000000010
1011010101000000111000111010011101100000000000000000000000000000000010
1010100111100111110000011010110000100000000000000000000000000000000010
1011111110100110010000100111101101000000000000000000000000000000000010
1010101011100111001100010100011001000000000000000000000000000000000010
1011111100111101111000000000000010100000000000000000000000000000000010
1011010101111011111010000011010010100000000000000000000000000000000010
1010111011010011001000010101000001100000000000000000000000000000000010
1011100101110011101110001111010100000000000000000000000000000000000010
1010011011110000010101101000111010100000000000000000000000000000000010
1011110101101101000100000001100001000000000000000000000000000000000010
1010000111100001110001001010111011000000000000000000000000000000000010
1010110011111111001001000010101000100000000000000000000000000000000010
1011101100110111000000000111001001000000000000000000000000000000000010
1011000111011101000101100001101010000000000000000000000000000000000010
1011001111000111111000101000110000100000000000000000000000000000000010
1011101111001000000100001101100111100000000000000000000000000000000010
1010010011100001011001011001010000000000000000000000000000000000000010
1010110010110100100001011011110111000000000000000000000000000000000010
1011001111010111101001011101011101100000000000000000000000000000000010
1010101110111001101010000101010001000000000000000000000000000000000010
1010000011101111001011111000001101000000000000000000000000000000000010
1010110110101111001001000010101110000000000000000000000000000000000010
1011000010011011110000001000001100000000000000000000000000000000000010
1011101111111101110000011100000111100000000000000000000000000000000010
1011000001000010010000010110010110100000000000000000000000000000000010
1011101101101111010011101000100011000000000000000000000000000000000010
1010000011010100010010100110111010000000000000000000000000000000000010
1011100001111001011111001000001111000000000000000000000000000000000010
1011100110001101010010011010011100100000000000000000000000000000000010
1010100010010011110101100110100110000000000000000000000000000000000010
1010110010000110001010001011001110000000000000000000000000000000000010
1010001111001100111010001101010001100000000000000000000000000000000010
1010101010010101110001110100010101100000000000000000000000000000000010
1011001011010001011100101111100011000000000000000000000000000000000010
1011011100100100110000001010111100100000000000000000000000000000000010
1010000101000000110011110111110101100000000000000000000000000000000010
1011110011100101010100000000111000100000000000000000000000000000000010
1010000011011000001111101010100000000000000000000000000000000000000010
1011101011011001100000101101111001000000000000000000000000000000000010
1010101101110010101101011001110100100000000000000000000000000000000010
1011001010111100001101000111000111100000000000000000000000000000000010
1010001011100001001101111110010001100000000000000000000000000000000010
1010100101000001100011001010101000000000000000000000000000000000000010
1010100100111101110101011110010001000000000000000000000000000000000010
1011111010010111011100010110110011000000000000000000000000000000000010
1011110100010100000101100011100011100000000000000000000000000000000010
1010001110011010000110100111001010000000000000000000000000000000000010
1011110101001100011001101100111100000000000000000000000000000000000010
1011010000111011101101010011110000000000000000000000000000000000000010
1011100100010100001100111011010101100000000000000000000000000000000010
1010001001100001010101100010011011100000000000000000000000000000000010
1011000000110000110010010101111100000000000000000000000000000000000010
1011011001101011101000101111111001000000000000000000000000000000000010
1011000111010010010001001111110011000000000000000000000000000000000010
1010010100000011100100101111001110000000000000000000000000000000000010
1011111111010010111101101001101001100000000000000000000000000000000010
1011010001101001110000011010111111100000000000000000000000000000000010
1010001111110010110111000101111001100000000000000000000000000000000010
1011100010110101100101000010111011100000000000000000000000000000000010
1011000110011000000010110001100010100000000000000000000000000000000010
1010011010101100101000000111101100000000000000000000000000000000000010
1010000011000011100000100110011011100000000000000000000000000000000010
1011010110011110001110111110001011000000000000000000000000000000000010
1011101111011101000100001100101000100000000000000000000000000000000010
1010100011100010001110000010011111100000000000000000000000000000000010
1011011110001000011100110101101001000000000000000000000000000000000010
1011100110110000010111100011100011000000000000000000000000000000000010
1010110101000110010010010111111000000000000000000000000000000000000010
1011001011001011100101110001000111100000000000000000000000000000000010
1010110011001111100001111110011101100000000000000000000000000000000010
1011110001001000101101110100010001100000000000000000000000000000000010
1010101101011001001001111001100101000000000000000000000000000000000010
1011011010101111100101101110011100000000000000000000000000000000000010
1010001010101001000000110001011010100000000000000000000000000000000010
1010110110110011101110001011010001000000000000000000000000000000000010
1011101001010011100110110001010101000000000000000000000000000000000010
1010011001001011001011111111000110100000000000000000000000000000000010
1011110111000010100101001000111100100000000000000000000000000000000010
1011110001111100111101011110001011000000000000000000000000000000000010
1011100010011101011010101111100110000000000000000000000000000000000010
1011010111011111010100100011000011000000000000000000000000000000000010
1010010000110110100001011110011010100000000000000000000000000000000010
1011111000111111100000100011110011000000000000000000000000000000000010
1011111111010101111010100010101100100000000000000000000000000000000010
1010110111000000011011110001110101100000000000000000000000000000000010
1011100101111010101001001000101001100000000000000000000000000000000010
1010001011001010010001101011101100000000000000000000000000000000000010
1010110000101001011011110010000000000000000000000000000000000000000010
1010101011111111011000111010010000000000000000000000000000000000000010
1010010011110100101001011000111111000000000000000000000000000000000010
1010011101011001100100001111000001000000000000000000000000000000000010
1011100110010010110001011010110000100000000000000000000000000000000010
1011111100011001110010000010110111000000000000000000000000000000000010
1011110010000000101110100010010010100000000000000000000000000000000010
1010010000110000110011101100010111100000000000000000000000000000000010
1011100101000010110010010110011011000000000000000000000000000000000010
1010010110110101100111010101000111100000000000000000000000000000000010
1010010100011110110101001001001001100000000000000000000000000000000010
1010011101101000101010001111000001000000000000000000000000000000000010
1011010110011110100110010101101111000000000000000000000000000000000010
1011011010111011010111110001000011000000000000000000000000000000000010
1010010010001010001100000001100010000000000000000000000000000000000010
1010100000110010101001000101001011000000000000000000000000000000000010
1011001001111010110100011001010100100000000000000000000000000000000010
1010101110100111100000011101110101100000000000000000000000000000000010
1010011101101100100001000111001011000000000000000000000000000000000010
1010000010011011111100100100011011100000000000000000000000000000000010
1010001000001111010000101101110001100000000000000000000000000000000010
1011000010111001111011111000100000000000000000000000000000000000000010
1010010000101111001100101100101111000000000000000000000000000000000010
1010010110000010100111000101010110100000000000000000000000000000000010
1010000111011110011011010111011010000000000000000000000000000000000010
1011010001101010000111010001101100000000000000000000000000000000000010
1010100000010011100010001110010011000000000000000000000000000000000010
1010011001011001101011111110101101000000000000000000000000000000000010
1011101100001011100000101101101011000000000000000000000000000000000010
1011100101100101001100000110001010000000000000000000000000000000000010
1011011100100001011111110101011100000000000000000000000000000000000010
1011100100100011100010000001100000000000000000000000000000000000000010
1010100110011000001110011101011101000000000000000000000000000000000010
1011010110011010110101101001011110000000000000000000000000000000000010
1010001111110011100100001001011010100000000000000000000000000000000010
1010111101001010001001011101101001100000000000000000000000000000000010
1011000100101011100110001001010000000000000000000000000000000000000010
1011011001011001011111110100111000000000000000000000000000000000000010
1010101101101111110001010000110101000000000000000000000000000000000010
1011110000000101011010100000000000000000000000000000000000000000000010
1011110010100101001100001100000101100000000000000000000000000000000010
1010101110111011110100011111111100000000000000000000000000000000000010
1011000010001011011110111101111111100000000000000000000000000000000010
1011111110101001000101001000001011000000000000000000000000000000000010
1010001011011101110010000010101000000000000000000000000000000000000010
1010011011100101111101100010111100100000000000000000000000000000000010
1011011101001010101101110101111000100000000000000000000000000000000010
1010010011011110101011100001011000100000000000000000000000000000000010
1011111000011001101001100101100100000000000000000000000000000000000010
1011111111110001111100001111110111100000000000000000000000000000000010
1010010011110001000011000110010001000000000000000000000000000000000010
1011111100000101011101011000110110000000000000000000000000000000000010
1010011111000110010010000011110110100000000000000000000000000000000010
1010110011011001101001111111111100100000000000000000000000000000000010
1010000000110111010001010111010001100000000000000000000000000000000010
1011010010110101101110100101010111000000000000000000000000000000000010
1011111100101011010101000101010100000000000000000000000000000000000010
1011000001000101101110101011110110100000000000000000000000000000000010
1010101011011110011101100100100100100000000000000000000000000000000010
1011011001111110111110000110011010000000000000000000000000000000000010
1011110110001110110010101001101101100000000000000000000000000000000010
1010010000000100100100001111000101000000000000000000000000000000000010
1010001011000110101101111100110000100000000000000000000000000000000010
1011101100110101000001010100101000000000000000000000000000000000000010
1011100000010000101101011100010110000000000000000000000000000000000010
1010011011100101111111111011110000000000000000000000000000000000000010
1010011010001011010000000000110110000000000000000000000000000000000010
1011111111010110010011111100110100100000000000000000000000000000000010
1010110111101101111110011101101100000000000000000000000000000000000010
1011011010000100010001001100000000000000000000000000000000000000000010
1010111010100001101100010011100000000000000000000000000000000000000010
1011100011100010010111111111111000100000000000000000000000000000000010
1011110000000001101110111000000010000000000000000000000000000000000010
1010010010111101010001010111001110000000000000000000000000000000000010
1010000111011011111100010001000010000000000000000000000000000000000010
1010000000101100000011010101000100100000000000000000000000000000000010
1010000111101100100100001001011000000000000000000000000000000000000010
1011101000111010000011101000000100100000000000000000000000000000000010
1011110011001110000000100010001000100000000000000000000000000000000010
1010011101001110011010010100100100000000000000000000000000000000000010
1010101101101100011011001000011000000000000000000000000000000000000010
1010001000110111101000101100111010100000000000000000000000000000000010
1010101011000111101110100000110010100000000000000000000000000000000010
1010011011101011100101101110110111100000000000000000000000000000000010
1011100100100010011001011001001110100000000000000000000000000000000010
1011110101111111100110100001111111100000000000000000000000000000000010
1010111101111010100011010110111100000000000000000000000000000000000010
1011001110001110011000100110100000000000000000000000000000000000000010
1011111101010010101001000001010001000000000000000000000000000000000010
1010000111010011010100111001010000100000000000000000000000000000000010
1011101101111111001101011111110011000000000000000000000000000000000010
1010011111010101010100101110011101100000000000000000000000000000000010
1011110100000110101011011011001011000000000000000000000000000000000010
1010100001001011000101111111001111100000000000000000000000000000000010
1010010111111111010110011001101101000000000000000000000000000000000010
1011101100001010100100001011001101000000000000000000000000000000000010
1011111010010000010001000110010101000000000000000000000000000000000010
1010110111011010110100011110001101000000000000000000000000000000000010
1011011100001100001001100010001000100000000000000000000000000000000010
1011101110010000000000101110101110000000000000000000000000000000000010
1010000100010101100000000010000011000000000000000000000000000000000010
1010101001011110110111010110101001100000000000000000000000000000000010
1010111100100100010110100100111010100000000000000000000000000000000010
1010110111101111010010011010000010000000000000000000000000000000000010
1011010011011001010010000010100100000000000000000000000000000000000010
1011011100011011011000010010000000000000000000000000000000000000000010
1011000101100000110000010010111001100000000000000000000000000000000010
1010000100100100000001101000100110000000000000000000000000000000000010
1010110011000010001010110000000000000000000000000000000000000000000010
1011110011101000111111111110100011000000000000000000000000000000000010
1011111001101100101010011101100011100000000000000000000000000000000010
1010110000000101111101010000100100000000000000000000000000000000000010
1011101001111111110001010101110100000000000000000000000000000000000010
1011101101011001111000000111111101000000000000000000000000000000000010
1011110101000101011101010010010001000000000000000000000000000000000010
1011000001011111111000010011111011000000000000000000000000000000000010
1010010001011000100001010110000100100000000000000000000000000000000010
1011000100011111100111010000110110100000000000000000000000000000000010
1010101001010111100000000110110101000000000000000000000000000000000010
1010111110100000101100110010011101000000000000000000000000000000000010
1010011101100010001000100111110101000000000000000000000000000000000010
1010100011111011001001111101011000100000000000000000000000000000000010
1010001110000101110010111000011010000000000000000000000000000000000010
1010101111101010111110010110001100100000000000000000000000000000000010
1011000111000001111000010100000110100000000000000000000000000000000010
1011001001101111110100001000001011000000000000000000000000000000000010
1011111000011101011000100101111011000000000000000000000000000000000010
1010011011110000010101001010111110100000000000000000000000000000000010
1011010111100010110100100111111100000000000000000000000000000000000010
1010010011001001011010101011111101100000000000000000000000000000000010
1011101111110001001110001011101000100000000000000000000000000000000010
1010001111100111011101000011000100100000000000000000000000000000000010
1011101010001011001111110000100110000000000000000000000000000000000010
1010011010000110110001000010101110000000000000000000000000000000000010
1011000110001101110100100001110010000000000000000000000000000000000010
1010011000100110110100001100111100100000000000000000000000000000000010
1010001101101010110001010011110000100000000000000000000000000000000010
1010000011000111100101101011111000000000000000000000000000000000000010
1011000010111011010000000010010000000000000000000000000000000000000010
1011110010101011011011110010111110000000000000000000000000000000000010
1010111111000111100101101000000111100000000000000000000000000000000010
1011001010010111001010111101010101000000000000000000000000000000000010
1011011001111011110100111001100000000000000000000000000000000000000010
1010100001001001001101100101011000000000000000000000000000000000000010
1010110011111111001100100010100100100000000000000000000000000000000010
1011101001101100110011011101000001100000000000000000000000000000000010
1011010001001010000101000010100001000000000000000000000000000000000010
1011000111010000100011011110001010100000000000000000000000000000000010
1010110111111001110110101001001001100000000000000000000000000000000010
1011111101100011011010000110011011100000000000000000000000000000000010
1010101110111101011010000001110110000000000000000000000000000000000010
1011011101101111101110000011110001100000000000000000000000000000000010
1010011111000011000001100110100111100000000000000000000000000000000010
1010010111100110110000100000101110000000000000000000000000000000000010
1011101001000111100010001010000010100000000000000000000000000000000010
1011100111100001011011011111010110100000000000000000000000000000000010
1010011111010111010111000000111001100000000000000000000000000000000010
1011010001011101110010110000101110100000000000000000000000000000000010
1010000100010010010000010010011011000000000000000000000000000000000010
1011110001101001100110100111010000100000000000000000000000000000000010
1010111100110100000111011000000101000000000000000000000000000000000010
1011111111111110001110000010001110000000000000000000000000000000000010
1011111100001110101110000001010011100000000000000000000000000000000010
1011011011011101001001110100001100100000000000000000000000000000000010
1010101011001011100000000110011101000000000000000000000000000000000010
1011010101000111011000001010001011100000000000000000000000000000000010
1011111100111001110100001111111101100000000000000000000000000000000010
1011101000101011110101001110101010000000000000000000000000000000000010
1011011111010011001110100011000101000000000000000000000000000000000010
1011111111001000011110100110010011000000000000000000000000000000000010
1010010010010010011100110111011000100000000000000000000000000000000010
1010010101101011100101101000101011000000000000000000000000000000000010
1011101010110000110001011000010001100000000000000000000000000000000010
1011011110001000101000101000101010100000000000000000000000000000000010
1010101111100100001100100100111011000000000000000000000000000000000010
1011101110011011100100111010101101100000000000000000000000000000000010
1011001110100101000010100111011110100000000000000000000000000000000010
1010111111110000011011001011001110000000000000000000000000000000000010
1011011010011000000110110111000100100000000000000000000000000000000010
1010010000001110011111001111001010100000000000000000000000000000000010
1011101110100001101100000100100011100000000000000000000000000000000010
1011000000010010010100001101010110000000000000000000000000000000000010
1011110010000100010111101101001001100000000000000000000000000000000010
1011010001110011111010101100011110000000000000000000000000000000000010
1010110010010101010100110011100100000000000000000000000000000000000010
1011110011010000111011101101001011100000000000000000000000000000000010
1011111111101001010110110000000000100000000000000000000000000000000010
1010011000010111000111111011101110000000000000000000000000000000000010
1010011010110101011010001111001000100000000000000000000000000000000010
1011111011001111101111100101110110000000000000000000000000000000000010
1011010011101111110101110011011001000000000000000000000000000000000010
1010101111110010101010101010110000000000000000000000000000000000000010
1010101010010111110101000101111100100000000000000000000000000000000010
1011110011111111100000011100101010100000000000000000000000000000000010
1010011101010010000011110010010010000000000000000000000000000000000010
1010111110100110101001011111010001000000000000000000000000000000000010
1011000001001101111010011100011100100000000000000000000000000000000010
1010010001001101011100011111001100000000000000000000000000000000000010
1011110110100101110100110001010000100000000000000000000000000000000010
1010011100111111101100011111111100100000000000000000000000000000000010
1010011001010110101110010100101000000000000000000000000000000000000010
1010110000010010000100010010100001100000000000000000000000000000000010
1011001000101111010110110110110010000000000000000000000000000000000010
1010110100110010101110001111011000000000000000000000000000000000000010
1010100000100110010111011111010010000000000000000000000000000000000010
1011001110100010101100011011110100000000000000000000000000000000000010
1011111101000001110101111010000010100000000000000000000000000000000010
1011111001110110100000010101111110000000000000000000000000000000000010
1011110011000111000000000100110000000000000000000000000000000000000010
1011110001010110110110000010000100100000000000000000000000000000000010
1010000111000010001101101101010000000000000000000000000000000000000010
1011101000010000111101011001000001000000000000000000000000000000000010
1010100100110110011010101100000111000000000000000000000000000000000010
1011011101110100111001001100110010000000000000000000000000000000000010
1011110111010111000011111010100110000000000000000000000000000000000010
1011101000110000101101100100111000100000000000000000000000000000000010
1011111110000100101100101011101100000000000000000000000000000000000010
1011111000100010011100000000100110100000000000000000000000000000000010
1010111011110100110110101000110101000000000000000000000000000000000010
1011011100000010100110010011100101100000000000000000000000000000000010
1011000111101100111101001011010111100000000000000000000000000000000010
1011111100100010010001111000011000000000000000000000000000000000000010
1010101001111001010011110100101101100000000000000000000000000000000010
1011101011000001111001100100110000000000000000000000000000000000000010
1010010100001101111100110100010101100000000000000000000000000000000010
1010101110101111111100110010010100100000000000000000000000000000000010
1010000000011100110000100000001010000000000000000000000000000000000010
1011011110110001000010010001010010000000000000000000000000000000000010
1011110111110001111000101010001100000000000000000000000000000000000010
1011100000001010110000111001000100000000000000000000000000000000000010
1010001001011001001101110111100110000000000000000000000000000000000010
1011110011010110100001100010011001000000000000000000000000000000000010
1010001100001101101111010001100111100000000000000000000000000000000010
1011100101000100111110111000111101100000000000000000000000000000000010
1010010101011001100001000001000001100000000000000000000000000000000010
1010111100010111101100110100110011000000000000000000000000000000000010
1011110111110100011101011010111110100000000000000000000000000000000010
1011101001100010011010010110100011100000000000000000000000000000000010
1010101010100000111011011110011011000000000000000000000000000000000010
1011111001110110110001100001111001100000000000000000000000000000000010
1010111011001100001110010001010001100000000000000000000000000000000010
1010000011011110011100110011101110100000000000000000000000000000000010
1010101000011010011010000110111111000000000000000000000000000000000010
1011100111011100011110101111100101100000000000000000000000000000000010
1011101010010111000100001010001000000000000000000000000000000000000010
1011001001001010011011001101110000100000000000000000000000000000000010
1010101000000001111001100111010111100000000000000000000000000000000010
1011111011111011010101101110001110100000000000000000000000000000000010
1010010011001101011000101001000010100000000000000000000000000000000010
1010100011100010011010100100011100100000000000000000000000000000000010
1011010110111001111000001111101001000000000000000000000000000000000010
1010110010001000001111100101011111000000000000000000000000000000000010
1010001101011100111110010111011100000000000000000000000000000000000010
1010100101100111110101011010001011100000000000000000000000000000000010
1011011001011001001010100101111011000000000000000000000000000000000010
1010111011111100001101001111111010100000000000000000000000000000000010
1010101101100100101111001111010010000000000000000000000000000000000010
1011110001101101010101000110100101000000000000000000000000000000000010
1011001101100110111010100010110101100000000000000000000000000000000010
1011110100100000100010101101111011100000000000000000000000000000000010
1010110101001110011111010110010101000000000000000000000000000000000010
1011111010100100001101001011000101000000000000000000000000000000000010
1010101111111101010101101010111010000000000000000000000000000000000010
1010111111001011101010011011101010100000000000000000000000000000000010
1011001101101001010000010000011111000000000000000000000000000000000010
1010110011101110001001000000011110000000000000000000000000000000000010
1010001111001010010010111010010001000000000000000000000000000000000010
1010101011100110101000000101101000000000000000000000000000000000000010
1011011011010011011001111001101111000000000000000000000000000000000010
1011011010001000001010111001111000000000000000000000000000000000000010
1010111110010110110100000000011110000000000000000000000000000000000010
1011001101011111111010101011100001000000000000000000000000000000000010
1011010100010011101100101001110111000000000000000000000000000000000010
1010100100100100011101110111001110100000000000000000000000000000000010
1011100001010110100011001011001100100000000000000000000000000000000010
1010100000010110101011001011101000000000000000000000000000000000000010
1010011011100001010100110101101001100000000000000000000000000000000010
1011001010111000000100100001011110100000000000000000000000000000000010
1011111011011110011001111000001100100000000000000000000000000000000010
1011111011101101100000001010100101100000000000000000000000000000000010
1011001010100101000111110000101000100000000000000000000000000000000010
1010111111110001000000111111111110100000000000000000000000000000000010
1011100001011110111111111000110000000000000000000000000000000000000010
1011000100011101110001001010001000100000000000000000000000000000000010
1010011110101001101100000111111100100000000000000000000000000000000010
1010110000111100010101110110111110000000000000000000000000000000000010
1011110000110100111001011110011000000000000000000000000000000000000010
1011000110001101111110100011100101100000000000000000000000000000000010
1011101010000000001011001010000110000000000000000000000000000000000010
1010110101110010110001110111000000100000000000000000000000000000000010
1011001110000010100010001100101011100000000000000000000000000000000010
1010101010010010011010100100011001100000000000000000000000000000000010
1010000000110000110001011011000110100000000000000000000000000000000010
1010111100010100011111111110100000100000000000000000000000000000000010
1010110000100110011101011101111101100000000000000000000000000000000010
1011110001001000111100111101000110000000000000000000000000000000000010
1010001011100111001100100101000011100000000000000000000000000000000010
1010101000011110000111100111111111000000000000000000000000000000000010
1011001101011110111101100000011001100000000000000000000000000000000010
1011101011110000000011100010001100000000000000000000000000000000000010
1010101000011111110101011001110011000000000000000000000000000000000010
1010100010000100101011100100100001100000000000000000000000000000000010
1011011000100111011101000101001111000000000000000000000000000000000010
1010111100000100010000101001000100000000000000000000000000000000000010
1010011110100100001000000110001101100000000000000000000000000000000010
1011110011011011001011101100100010100000000000000000000000000000000010
1010101100101100000100100000010110000000000000000000000000000000000010
1011000010101001011101010011101001000000000000000000000000000000000010
1010110110111000001010101011000110100000000000000000000000000000000010
1010000101111110111001010010111000000000000000000000000000000000000010
1010000011110000110110101010001011100000000000000000000000000000000010
1011011001000000110011110001010101100000000000000000000000000000000010
1010000001000110101000000101001111100000000000000000000000000000000010
1010110010100000011101111101011011000000000000000000000000000000000010
1010100111100110100011110100010111100000000000000000000000000000000010
1010101101101011101101100010100101100000000000000000000000000000000010
1011011001111101111011010111001010100000000000000000000000000000000010
1010010011011000110111010001101000100000000000000000000000000000000010
1010001000001100010100000000011100000000000000000000000000000000000010
1010001100000011010001111001000011100000000000000000000000000000000010
1011010101110110111100000000000110000000000000000000000000000000000010
1010101010111100000111010100000100100000000000000000000000000000000010
1011110011110110110001000101010110000000000000000000000000000000000010
1010110001101110011100010111100110000000000000000000000000000000000010
1010000001101111011111111011000010100000000000000000000000000000000010
1011010101101001010010110001011101100000000000000000000000000000000010
1010101111100011010100101011010011100000000000000000000000000000000010
1010111011100100010100001101100101100000000000000000000000000000000010
1011000110001011001101010011000000000000000000000000000000000000000010
1011100000100101100000100111001010000000000000000000000000000000000010
1010100001110111111110100101011011000000000000000000000000000000000010
1011001001101000010110100001001011100000000000000000000000000000000010
1010111010010100011101000001101001100000000000000000000000000000000010
1011011101100111010000111010010100100000000000000000000000000000000010
1010011011101110010111000000000101000000000000000000000000000000000010
1011110011110000110011000111001110100000000000000000000000000000000010
1010001111110011001011101100011110100000000000000000000000000000000010
1011111110011101110111111110110110000000000000000000000000000000000010
1011010101111010110000100010101000000000000000000000000000000000000010
1011111111000101011111111100000011100000000000000000000000000000000010
1010001010011011001001000001101100000000000000000000000000000000000010
1011100100000111001101001011100011100000000000000000000000000000000010
1010011101110001111011100101000000100000000000000000000000000000000010
1010001110111100010111001110000101000000000000000000000000000000000010
1010001001000111110101000111010111100000000000000000000000000000000010
1010010001000000001010010010100011000000000000000000000000000000000010
1011111100001000010101000111110101000000000000000000000000000000000010
1010100000010000011001110101011011100000000000000000000000000000000010
1011000100001010010101111100110111100000000000000000000000000000000010
1011100111110000110001001011000111100000000000000000000000000000000010
1010110111010101011101110101001010000000000000000000000000000000000010
1010001111001100110010100100010101000000000000000000000000000000000010
1010100000101111101100101100110111000000000000000000000000000000000010
1010100011101111101001111010111001000000000000000000000000000000000010
1011000000001111101110110000101101000000000000000000000000000000000010
1010110011010100011011100100110101000000000000000000000000000000000010
1010001011011011011000101110011100000000000000000000000000000000000010
1011010011111110101110011110001011000000000000000000000000000000000010
1011110001001111010110011001111000000000000000000000000000000000000010
1011000111000011111101110101001011000000000000000000000000000000000010
1010111100001000101100000000100001000000000000000000000000000000000010
1011000101100110101010010110111001000000000000000000000000000000000010
1010011000111001010110010010101001100000000000000000000000000000000010
1010100100101001111011110000111000100000000000000000000000000000000010
1010101101011001010110110110001101000000000000000000000000000000000010
1011110011011100000010001100000001100000000000000000000000000000000010
1011010101110011110100111011100010000000000000000000000000000000000010
1011000110101011000110000011100011100000000000000000000000000000000010
1011010010111011111111110100011111000000000000000000000000000000000010
1010111100011100000010101011011010000000000000000000000000000000000010
1010111101000101000100110110011111000000000000000000000000000000000010
1011110011000000100110110001011110000000000000000000000000000000000010
1010110110110011100110001010110001000000000000000000000000000000000010
1011000010111110010011011010110010000000000000000000000000000000000010
1011010001101110000111110000110001000000000000000000000000000000000010
1011110100010010010011010000011010000000000000000000000000000000000010
1010010111101011001100111100101111100000000000000000000000000000000010
1010010111100000001000101101101111000000000000000000000000000000000010
1010110111010010011111000110010000000000000000000000000000000000000010
1010010011100110000010000111000110000000000000000000000000000000000010
1010101101110110100001101110000010000000000000000000000000000000000010
1010011000101110010011111110100101000000000000000000000000000000000010
1011101001001000001110111000110100100000000000000000000000000000000010
1010010010111110010011110010100111000000000000000000000000000000000010
1010101110001111101101010100100110000000000000000000000000000000000010
1010000100011101001110110000101011000000000000000000000000000000000010
1011001100110111001001011000001000000000000000000000000000000000000010
1011010111101101100111011100110000100000000000000000000000000000000010
1011110111010100011001000000110011000000000000000000000000000000000010
1011001110011101110110100010101011100000000000000000000000000000000010
1011101010001010000111011011000010100000000000000000000000000000000010
1010101100110110010011001011000011000000000000000000000000000000000010
1011011111100111010000001100000010100000000000000000000000000000000010
1010110101111101010110110001001010000000000000000000000000000000000010
1011101010011011010100110101110001100000000000000000000000000000000010
1010111111111100111010111110000011100000000000000000000000000000000010
1011101001111110100011110000101110000000000000000000000000000000000010
1010010100101000110001100010011110100000000000000000000000000000000010
1010111001111011101001011001000000100000000000000000000000000000000010
1011101011100010100000100000001110000000000000000000000000000000000010
1010101000010101111000101111101100100000000000000000000000000000000010
1010100001111110110110001010001010100000000000000000000000000000000010
1010011110000111101111011000111001000000000000000000000000000000000010
1011111110111001010110001110010010000000000000000000000000000000000010
1011110111000111010110111101110000100000000000000000000000000000000010
1011110100011110101001100100100011000000000000000000000000000000000010
1010100110011110110010010110000010100000000000000000000000000000000010
1010011111001100000110100101011100000000000000000000000000000000000010
1011100011010100101000100110011100100000000000000000000000000000000010
1010110011111001110110000101100100000000000000000000000000000000000010
1011001110010111111001100111000111000000000000000000000000000000000010
1011101000000011000100001001010110000000000000000000000000000000000010
1011001010101000101101011011010001000000000000000000000000000000000010
1011111000111011101000110011100110100000000000000000000000000000000010
1010000110000111010110000001101010000000000000000000000000000000000010
1011010000111000000100000010001010000000000000000000000000000000000010
1010001111101001100000101111111101000000000000000000000000000000000010
1011101110011011010100001001110010000000000000000000000000000000000010
1011111001111101101010110011000011100000000000000000000000000000000010
1011001010001111001000110001000110000000000000000000000000000000000010
1010110001101011111010000100100111100000000000000000000000000000000010
1011110010011111101000111010010111100000000000000000000000000000000010
1010111100011011111000100000101100000000000000000000000000000000000010
1011101011111111010101101100110110100000000000000000000000000000000010
1010011101100111100111011010101001000000000000000000000000000000000010
1010101100101011001001101101110010100000000000000000000000000000000010
1010001001101011100010011100100100000000000000000000000000000000000010
1010011101111111111000111010000110000000000000000000000000000000000010
1010010001111010100100001110111100100000000000000000000000000000000010
1011110100011111010011000011010011100000000000000000000000000000000010
1010011111111011101101001000011101100000000000000000000000000000000010
1011000101001110010010011100010110000000000000000000000000000000000010
1010101101100010011011011110010111000000000000000000000000000000000010
1010000000111000100010100100001011000000000000000000000000000000000010
1010100010001101000111011000011100000000000000000000000000000000000010
1010011101101111111001100001111000000000000000000000000000000000000010
1010010011011100011101110011100001000000000000000000000000000000000010
1010110110111011011111001110010010000000000000000000000000000000000010
1011011011100111100110001001111101000000000000000000000000000000000010
1010011100001100001111001101010001000000000000000000000000000000000010
1010000111101001100011100010001011000000000000000000000000000000000010
1011000010110101000010000110101011000000000000000000000000000000000010
1011111000110100110011000010011110100000000000000000000000000000000010
1010100000110000011100101000110011000000000000000000000000000000000010
1011000100011000101110001111100010100000000000000000000000000000000010
1010001101101110011011101011101100000000000000000000000000000000000010
1011100010010101111101111010110001100000000000000000000000000000000010
1010110101110000101010000010010010100000000000000000000000000000000010
1010011111011110101000100010011011100000000000000000000000000000000010
1010001100001100010010010111011010000000000000000000000000000000000010
1011011110111100001011010011000101100000000000000000000000000000000010
1011001101010111100101001101001010100000000000000000000000000000000010
1011010001100100010111100110101110000000000000000000000000000000000010
1011101010001001011001100100010011000000000000000000000000000000000010
1011100000100001110000101000111010000000000000000000000000000000000010
1011011101001100011010101110110101000000000000000000000000000000000010
1011101011011111001001000100010010000000000000000000000000000000000010
1010000100011100110010010011011000000000000000000000000000000000000010
1011111101100011000011111011110110000000000000000000000000000000000010
1011101011111110110110100001001001100000000000000000000000000000000010
1011000100011101011011111010000100000000000000000000000000000000000010
1011110000010011101000100011010011000000000000000000000000000000000010
1011110001010001011101110000010110000000000000000000000000000000000010
1011111101011100011010001111100000100000000000000000000000000000000010
1011000101010101000100000001101111000000000000000000000000000000000010
1010000011110001001011110101001010100000000000000000000000000000000010
1011001110110101001010100110010001000000000000000000000000000000000010
1010010001100101001010111010001010000000000000000000000000000000000010
1011010110001001010011011100000010100000000000000000000000000000000010
1011011000110000001001111001110000000000000000000000000000000000000010
1011100011111001000000110100000010100000000000000000000000000000000010
1011011111110110011011011101100100000000000000000000000000000000000010
1010111110011101010001011111110100100000000000000000000000000000000010
1010000001111110001110000011111100100000000000000000000000000000000010
1011100110100101011001101111100100000000000000000000000000000000000010
1010000110010101011111011110010001000000000000000000000000000000000010
1010110001000001000000000010010100100000000000000000000000000000000010
1011010100110101101110111000101010000000000000000000000000000000000010
1011011100100011100011001110000010000000000000000000000000000000000010
1010011011010110111000000010111100000000000000000000000000000000000010
1011011110001100001001000100100011000000000000000000000000000000000010
1010111101110010001111101001101000100000000000000000000000000000000010
1010010101101111110011101011000101000000000000000000000000000000000010
1010001000010011001111010010010111100000000000000000000000000000000010
1010010101011100101001001010110000000000000000000000000000000000000010
1010110011011001010111101111011011000000000000000000000000000000000010
1010111101110100010111010001101011100000000000000000000000000000000010
1011111101111110101000000110011000000000000000000000000000000000000010
1011111111000001010010100000101000100000000000000000000000000000000010
1011110010100101011111100111001000100000000000000000000000000000000010
1011010101110101011111100100011001100000000000000000000000000000000010
1010111101001010100001100010010000000000000000000000000000000000000010
1011001101100100001011100011110100100000000000000000000000000000000010
1011100101010011011111001001000100100000000000000000000000000000000010
1010111111011101110111111000110001100000000000000000000000000000000010
1011001000101011001000100000100110000000000000000000000000000000000010
1011010011010000110110000101101010100000000000000000000000000000000010
1011010000001000101100011001100011000000000000000000000000000000000010
1011000010010111010010001010111000000000000000000000000000000000000010
1010101101001110100100010011110000100000000000000000000000000000000010
1011101100100100001001010011010100000000000000000000000000000000000010
1011000001101000010001001011001110100000000000000000000000000000000010
1011000100111011010001111110000000100000000000000000000000000000000010
1010100010100010101010111010110110000000000000000000000000000000000010
1011000001111100011000001010000010000000000000000000000000000000000010
1010100000000100011100010100000101100000000000000000000000000000000010
1010100111001111001000101000001000000000000000000000000000000000000010
1010100000110011100000111101111101000000000000000000000000000000000010
1011010110011110100111010111110011100000000000000000000000000000000010
1011010010000010111000010001011010100000000000000000000000000000000010
1010001010101001001001111100011001000000000000000000000000000000000010
1011100001101000011101100010000101000000000000000000000000000000000010
1010110001101011110000110011100010000000000000000000000000000000000010
1010011100010100101000110010101101000000000000000000000000000000000010
1010110110000111010100101000001101000000000000000000000000000000000010
1011100000010000101010101011001100000000000000000000000000000000000010
1011101011011001100100111001011001000000000000000000000000000000000010
1011001010101100010111110111111011100000000000000000000000000000000010
1010101100101111000011000000110101000000000000000000000000000000000010
1011010110110111100101010110010011100000000000000000000000000000000010
1011010000101110111011111011100001000000000000000000000000000000000010
