1011001100011101101001001001110101001000100111000001111101100110001010
1010000010111010110100101010001101011011011101010001000010101100110010
1011010010100001101101001111011100100100100100001001001110111110101010
1010110101101111101100110100010000000100001010110111010001100101101010
1011101101101001011101111011010111111011100100100001011100001110011010
1011110010010000011100110001000110011110111000110111110000110011101010
1011101010100001100000000011001111100000101100100100101111100111011010
1011100101111001011001001110100001011100101010100101111100111001010010
1011101101101111011100110110100001100110000010010110111110011101011010
1010010011000010000100011110001011110000101011111100101011001010000010
1011111111010111111101010010001000011011111011010000101000110010000010
1010100110110101011000111011100101000000000010001101001110110110011010
1010010100011101010100111011110011010100111110111111101110111001111010
1011000010011100100111000011100010001000000000010000001110010111010010
1011001100010101110110010011111010101101100000101110001000001111101010
1011101000100110100010110110101111110010000101100000011000011010100010
1010101011001011010000001111110011001101110010011011111111011111000010
1011000110111100001111100011001011111001100101110111111110010100110010
1010100101110111010110011010101010000010011011000111011011110111000010
1011110111001000101110000000100110011111111010001001010010000001100010
1011101111110110111001000000111001001110011000110111111010010111100010
1011110101111000010101100100011101011100010100110110011110000111111010
1010010111111110110101100010001001101111110001010000100000100001000010
1011001100101000001001101011111111001011010000011001011001011110111010
1010101001101101101011100001111100010011011011111111110011111101101010
1010110011111100011111111111011100101001111100011110100100111010010010
1011111111010111111101010010001000011011111011010000101000110010000010
1010101010011100010011111111110110011010110101011111111010111100110010
1010100100010110101010101101101110011100001011110001110101010001001010
1010111010100000011011101001110111101101101000010111110011101000100010
1010001111101001000001000010001011010110000110110111011100000010010010
1010010111100011110011010000011001110100110100011010111011000011010010
1011010000101111101100111100101001001110111010011010110111101001011010
1010011010010111001011110101000101010000100111011010000011010001010010
1010101110110100011001101011110000100101011000100011101000111011001010
1010001110101111011010111111000011001100010100001011000011100010110010
1011101100011011111010111000110001100010100001011101110010110010010010
1011101000000111110100111110000000000100100001000010111001011010000010
1010110111111011101000100010111001111001111001000010001010101010101010
1010111010100111101101011111001000010110010011100111000101001010101010
1011010101010010000110010010001110101011011011010001010011110011100010
1010010001111100000010101110110010001101100011100011011011000011100010
1010000001010111101101100000111111001101110111111010110011110000101010
1011001010011001100111111101011010011101111011111111100101011111100010
1011110010110010011110110011111010010001000101101001010001010110111010
1010000011011110000100101110101010011100111110000101100111110100111010
1010110000110101100101101011011001001000101010001011100011010011101010
1010000111100010101001010100100110001101100011101110001010010011100010
1010110101110110110110001011001110011000000001011011111000101000111010
1011001101011101001100011011011000001010011001010000101001011110111010
1010101110000100000100100011110000110000001001010011011101001011001010
1010001110101100100111011100101101110000110010001010000100100010100010
1010100001000010101110001010010010000100111000001101011111001011011010
1011111011100010100001001101001000011111111110101000011100001010101010
1010100000010010011111100011100001010011001110101111000111000001001010
1010110101000001100101010000100000110100000101110100010010100001010010
1011101101011010100000000101110100110110100011111110111110101111010010
1011111001110111001100111001100100000101101011101011100011011110110010
1010011001010000101100000011111110011101001100000011011000101011111010
1010010001101100101001000111101110100100010101001001101001001100110010
1011010011010001010110110011100101101100100111000100111100101001101010
1011100111100111111111100010001010000110101010100001000110100101011010
1011001001100101110000010001111110001010010011101001001000101000010010
1011001010110001000100000101101101010010011110001111100100001000000010
1010110000111111000100010001001011110010010010000111001011000010000010
1010010000010110010000001100100100001111010110010010010000001001111010
1011000110011000101010011001101011110011010101000101111001001010101010
1010001111110101000010010001000101000000011100111101000001111101011010
1011010100010000111011111000011110111100000111010101011110101111111010
1010000001010110100001010110100111100110101110101000001110110100011010
1010100111010110000001011001001011000000010110101100010001000100010010
1010001001010000010001001011101111101101000101111111001110011001010010
1011101111100101100000010010110100001001101100101010110101001011011010
1010011110110110110001011010000100011100101010111101001110100111100010
1011110111101101100011000101010010111000000010001110110011010111110010
1011000001101111101010000101111101011001011010001001111000111001011010
1011011000001110101110000011001101001010101010000000110001001010111010
1010110110001100011011100100011001101101111000010010101111111101011010
1010100011001110000110001011110010011000000110001011101011100110010010
1011011001101111100111000110101110111001000000111000001011010001101010
1010011011010000001101101100111101111011100001001000100011001001001010
1011000011001101011011011110001110100101000000010010110011010110011010
1011010001001101111100010011100010010000000011011001000101101100000010
1011010010101101011001100000101111110011010001110101001010001001101010
1011000101000010000111110001100110001011000100101000100111010000011010
1011001000000000011010001101111110000001101100101101100011111000110010
1010010011010001010001001010001000000100000001101111111001101010010010
1010101000011110100000110100001110110011011001100001111001100110110010
1011011001100001101100010111011010001110001001101100110011101000101010
1010001010000101111010110010101000011010101011111100101001100010000010
1010011001101000001000000001111001000110100000110101111010011101100010
1010111100101010100000111110100101101011010010001111101010111111000010
1010010101100001010010000110010101101111001110010010100110110000010010
1010010110101010011010010100010111100110000001110110011100110100111010
1011000100100000000110001010111001101011001010110011111010100001101010
1011101001101000000000111011110101010100001100011110110011101100001010
1011100100001101111000011101010100010111100010111010101101110011100010
1010101001011101001011001000010101010111101010001011010111000001111010
1010000111011000110011110110001001001111100010001010100011111110111010
1011000011111010000001111001000100000101110010110110101101010010100010
1010110100101100100001011000110000101110110110001101110110101011011010
1010001011010100000111011101010000000011011001101110001111111011100010
1011001110001110111101101001001010000111001000101100010110011110110010
1010111001100111001100011011010001101100110000111100110110000000011010
1011100111011110111110010001001111011100011110000101001011011100010010
1011101001001001010100110101111111110010101001110000011001001101010010
1011001111101111101000111001011101101000110110111111110101101110001010
1010011100111110111000011111010011100010011110100101001001010100011010
1011101011001100100100101001110001100101000110000100110000101000000010
1011100111011001011010101001000111011111101011100111010110111001100010
1010010100000000001110100011011001000101101011001101111100011111101010
1010111000101111110011101001110011101011111010010101111110011000010010
1011110101001011010011011010100101100011001001000110011111100111011010
1011100101100011010001110100100011110011100001111100001100011110100010
1010001100110100000100110001110111001101001100000110001101001110110010
1010010011110000001001110111101111101101111000111101010010111110100010
1010100111010011000111111110101001111100110011011011110001010011000010
1011000110100010011010110110011111000011001011100101111011000100001010
1011100010111001010000000101011101010100000101110000100110100100010010
1011100001010101111111111001011111101011111001100100011111000010110010
1010010100101001101111110011111010110100100100111101100110010000010010
1011011111101100101101011110001001010100111001100011101100111011111010
1010110011111000000111111000111100010101000111111100101101110101010010
1010100000001011000001011111001110011000111101011101100100101011101010
1011111001110100110111111011011001111100000010001000110010000010000010
1010001100100100111100011011011001000010001100110001100010101001110010
1010110001001010100000100001000000001111001111110100110001001000110010
1010000110111010100011101111000101011000000111111100010111100010100010
