1011111001100000011000100111001110100000000000000000000000000000000010
1011110111011111011001110010001001000000000000000000000000000000000010
1011000011010111010001110111011011000000000000000000000000000000000010
1010011101011110000011101000011001000000000000000000000000000000000010
1011011011011101010010101001111111100000000000000000000000000000000010
1010110011011001111011100000001000100000000000000000000000000000000010
1011010011111001101011010010111100000000000000000000000000000000000010
1010111101110110011011101110010111000000000000000000000000000000000010
1011011101110100101011011101100100000000000000000000000000000000000010
1011101000110101100110110111010100100000000000000000000000000000000010
1011011010001011011101001100011111100000000000000000000000000000000010
1010101111101001111000110100111001000000000000000000000000000000000010
1010011100011111001110001101000101100000000000000000000000000000000010
1011010000001101100101100010101011100000000000000000000000000000000010
1010000001011101010101100100101010000000000000000000000000000000000010
1010111110100001100001000011101011100000000000000000000000000000000010
1011111110111011110000111001011111000000000000000000000000000000000010
1011001110111101000110100000111110100000000000000000000000000000000010
1011000001110010000000000111111110000000000000000000000000000000000010
1010110101001111000110000011000011100000000000000000000000000000000010
1011010011111001001001011011110010000000000000000000000000000000000010
1010110110000101111011000111100001000000000000000000000000000000000010
1010110100010110101001110011110001100000000000000000000000000000000010
1010110100101100000000101100010101100000000000000000000000000000000010
1010010110000011100111100110101100000000000000000000000000000000000010
1011110001111011010000101010100001100000000000000000000000000000000010
1011101100101011101010010010100110100000000000000000000000000000000010
1010011011001110110011011110000100000000000000000000000000000000000010
1010100100101000001010100011010111100000000000000000000000000000000010
1011011101011011010111000110001000000000000000000000000000000000000010
1011010000011001110000011011001000000000000000000000000000000000000010
1011110011110010101111101010111100000000000000000000000000000000000010
1011110101001011000001011111011111100000000000000000000000000000000010
1011100100110100000001100001100000100000000000000000000000000000000010
1010100101100000000011110101111011000000000000000000000000000000000010
1011101011010000101000101011110111100000000000000000000000000000000010
1010010111101001000011010110010110000000000000000000000000000000000010
1010100100010100111001000111000001000000000000000000000000000000000010
1011000000110101100000111110010011100000000000000000000000000000000010
1011001110011111110101000000101110000000000000000000000000000000000010
1011001100011101000001100110010110100000000000000000000000000000000010
1010101100111011100001000010011100000000000000000000000000000000000010
1010010011010110100100110010111000000000000000000000000000000000000010
1010110110001010101000010110111001100000000000000000000000000000000010
1010110100010100010010011001110111100000000000000000000000000000000010
1011111111101011111000110011111000000000000000000000000000000000000010
1011110100110111111110001111010110100000000000000000000000000000000010
1010011011100101001000010100110100000000000000000000000000000000000010
1011010101000010000000010110100011000000000000000000000000000000000010
1011110101010010010001010110100001100000000000000000000000000000000010
1011100111000101000110011011110011100000000000000000000000000000000010
1011100110111110010010000011001011100000000000000000000000000000000010
1011001100010111111100011110010000100000000000000000000000000000000010
1011101101010011010000101110010111000000000000000000000000000000000010
1010100000010100001110111111010100000000000000000000000000000000000010
1011001101101000010111110101001011100000000000000000000000000000000010
1010110110110101110111000000000110000000000000000000000000000000000010
1011110111010011111011101000111110000000000000000000000000000000000010
1010000101011000101010110101111111000000000000000000000000000000000010
1010100100111110000001001110001010100000000000000000000000000000000010
1010010000100010010010011100110010100000000000000000000000000000000010
1011110110110001011011001101110110000000000000000000000000000000000010
1011100000011111011101100100101011000000000000000000000000000000000010
1010010011110001101001010000001001000000000000000000000000000000000010
1011110000001000101010101110100010100000000000000000000000000000000010
1010111011010110000100100100000101000000000000000000000000000000000010
1011110101010001110100111001101111000000000000000000000000000000000010
1011101010000110010110000000010101100000000000000000000000000000000010
1010000100011011011010001010110010100000000000000000000000000000000010
1011100110001110110000000001001011100000000000000000000000000000000010
1011010000001110000111101000111010000000000000000000000000000000000010
1011100011001110001110111101000100100000000000000000000000000000000010
1010000001001010111011110100111010100000000000000000000000000000000010
1010011111110100000010011110101100000000000000000000000000000000000010
1010010100011100001110011011000001000000000000000000000000000000000010
1010010101011001011011011110000101100000000000000000000000000000000010
1011000010110000010011000111001110100000000000000000000000000000000010
1010100001010001000000000011100100000000000000000000000000000000000010
1011100101001000000110110011100110100000000000000000000000000000000010
1011101101110100110101000000001110000000000000000000000000000000000010
1011110011000001100100101001011111000000000000000000000000000000000010
1011011101110101101101011100010110000000000000000000000000000000000010
1010001101101001011011110010111100100000000000000000000000000000000010
1011011001101111111000010001011101100000000000000000000000000000000010
1011010100111011001110101000110110000000000000000000000000000000000010
1010011011000110000000110000111101000000000000000000000000000000000010
1010111111101110000111000101011110000000000000000000000000000000000010
1010101110101101101110000010010111000000000000000000000000000000000010
1010101000111011001000000100101110000000000000000000000000000000000010
1011110101010100111010010011101101100000000000000000000000000000000010
1011000101111010111101000011111010000000000000000000000000000000000010
1011011001010001111011010110101011000000000000000000000000000000000010
1011001111110011100000011111000000100000000000000000000000000000000010
1011100010011111011100000000010100000000000000000000000000000000000010
1011000101100011000010010001000100100000000000000000000000000000000010
1011010101100000110001110000111100100000000000000000000000000000000010
1010010001101000010100101101101111000000000000000000000000000000000010
1011011101111110100011100111010000000000000000000000000000000000000010
1010001000100000101101100010110011000000000000000000000000000000000010
1010111101101010101100101000110101000000000000000000000000000000000010
1011000101111010000000001000111100000000000000000000000000000000000010
1011000010011111011100000011100101100000000000000000000000000000000010
1010111010001101001000111010000111000000000000000000000000000000000010
1011110110110101101011010011101000000000000000000000000000000000000010
1011000100111010011100000110101101000000000000000000000000000000000010
1010111100011000101011100100101101100000000000000000000000000000000010
1010011100011010011111111111001111000000000000000000000000000000000010
1010011111101000001000111000000111100000000000000000000000000000000010
1011000100100111010111010011100111000000000000000000000000000000000010
1011010011101101010111011001010011000000000000000000000000000000000010
1010000000000101000001111000101011100000000000000000000000000000000010
1011011001001010101000010000000110000000000000000000000000000000000010
1011010111101100001000000001111100000000000000000000000000000000000010
1011100101100001101001110110001011000000000000000000000000000000000010
1011100110111000001001110010101100000000000000000000000000000000000010
1011100010111001101101000110110110100000000000000000000000000000000010
1010110010110111100111010010100100100000000000000000000000000000000010
1010010110010101111101100001001101000000000000000000000000000000000010
1011010001100100011010111110011101100000000000000000000000000000000010
1010000011100101000011110111011010000000000000000000000000000000000010
1010001101110010011001100111110101100000000000000000000000000000000010
1010110000111001100011101000100010100000000000000000000000000000000010
1010101100011110101111001100011110000000000000000000000000000000000010
1010101010110100111001110100101110100000000000000000000000000000000010
1010101010100110001111111111101011000000000000000000000000000000000010
1010111001101110000110001101100001100000000000000000000000000000000010
1011110001011001010100001000001001000000000000000000000000000000000010
1011101011000101100000101001100000100000000000000000000000000000000010
1011011010110110100100100011111001000000000000000000000000000000000010
1011101001011110111110101001101101000000000000000000000000000000000010
1010101010000010001111101111001011000000000000000000000000000000000010
1011010001110001001000010100100000100000000000000000000000000000000010
1010101111001000010111100110100101000000000000000000000000000000000010
1010110111111000111011110001010111000000000000000000000000000000000010
1011001001100110010001111000001001100000000000000000000000000000000010
1011001110101011101001100100110000000000000000000000000000000000000010
1011001101000010010001001111000001100000000000000000000000000000000010
1011011111010110101100110000111101000000000000000000000000000000000010
1010110101110101001111110110011000000000000000000000000000000000000010
1011110100010001001101000100011001100000000000000000000000000000000010
1011000010010101110111111010110110100000000000000000000000000000000010
1010000101110110100100010001000010000000000000000000000000000000000010
1011111000010000011010001111101111100000000000000000000000000000000010
1011100000011001011101100110101011100000000000000000000000000000000010
1010110000000100110101101111011010100000000000000000000000000000000010
1011100001001100001101111010000101100000000000000000000000000000000010
1010101001000100010011111000101001100000000000000000000000000000000010
1011100110011001111011011101101010000000000000000000000000000000000010
1010111001010110101010010001110100000000000000000000000000000000000010
1010100100011111010010101101000101100000000000000000000000000000000010
1011011011001101011111000110101101100000000000000000000000000000000010
1010110000111110111101000001011000100000000000000000000000000000000010
1011101010100010000100100001000000000000000000000000000000000000000010
1011111010111001100110000001011000100000000000000000000000000000000010
1010010001111000010101110100100100000000000000000000000000000000000010
1010001001110100110101100000011111000000000000000000000000000000000010
1010101001110001111110100010100111000000000000000000000000000000000010
1011110010101011110100110111111100000000000000000000000000000000000010
1011100100101100100001100001001111100000000000000000000000000000000010
1010101100010111010001010001100001000000000000000000000000000000000010
1010110100010100000000001100110101100000000000000000000000000000000010
1011100101011000100000101110001111000000000000000000000000000000000010
1010001110000000101111101101001110100000000000000000000000000000000010
1011110110000101011110111010101010000000000000000000000000000000000010
1011010010000001100000100011111110000000000000000000000000000000000010
1010100100100001010101101010001010000000000000000000000000000000000010
1010100001000010000010110101011010000000000000000000000000000000000010
1011110100000111010101100001001101100000000000000000000000000000000010
1011101110011010000101101111100000100000000000000000000000000000000010
1010110001111111101000011000100000100000000000000000000000000000000010
1010100000111000100110110111101101100000000000000000000000000000000010
1010010110011101110011001101101111000000000000000000000000000000000010
1011101001100111000011010101100000100000000000000000000000000000000010
1010110101011100101011000101010001100000000000000000000000000000000010
1010000100001100100110010101111101100000000000000000000000000000000010
1010011110000100001001100001101001100000000000000000000000000000000010
1010110110110011000110001100001100100000000000000000000000000000000010
1010110111001001100000001111001101100000000000000000000000000000000010
1010010001101010111101110100110011100000000000000000000000000000000010
1011010100011010110101010011110001100000000000000000000000000000000010
1010101010011000000010011100110011100000000000000000000000000000000010
1010000100010000010111111001100101100000000000000000000000000000000010
1010111101110111011110110101111011000000000000000000000000000000000010
1010101101010111001100000011000101100000000000000000000000000000000010
1011101000000110101010010001101010100000000000000000000000000000000010
1011010001101000100011001000010000000000000000000000000000000000000010
1010010000000000010001101101110101000000000000000000000000000000000010
1011010010000100001010100111110110000000000000000000000000000000000010
1010111111111001101100110101010100100000000000000000000000000000000010
1010100101010100111011011001000010000000000000000000000000000000000010
1010001100101100110100101000110011100000000000000000000000000000000010
1010011111101110011010101111000100100000000000000000000000000000000010
1011000001010010101101000111101101100000000000000000000000000000000010
1011100110001001100100101011001100100000000000000000000000000000000010
1010001110000001011010001100000001100000000000000000000000000000000010
1010010001000000011001011100011010000000000000000000000000000000000010
1010011110101001000100111001011010000000000000000000000000000000000010
1011001110000010000101011100111011100000000000000000000000000000000010
1011001010000000001000000111100000000000000000000000000000000000000010
1010111011001010001001010001010011000000000000000000000000000000000010
1010100111001110110011101001001101100000000000000000000000000000000010
1011010100100011101011001001001000100000000000000000000000000000000010
1011101100010110001101101001001011000000000000000000000000000000000010
1011010110001100110101111110000011000000000000000000000000000000000010
1011101001110001101110100010001101100000000000000000000000000000000010
1010100011000000101001111101010111000000000000000000000000000000000010
1011000001011000101100011100101001100000000000000000000000000000000010
1011100010010010100001110111001101100000000000000000000000000000000010
1011100101010111001101010101101111100000000000000000000000000000000010
1010001111000100101110110110001111100000000000000000000000000000000010
1010100100101011111010001000000101000000000000000000000000000000000010
1011110110000111111000010100000001000000000000000000000000000000000010
1010010010000111111110000101001010000000000000000000000000000000000010
1011010111000010000100010101100101100000000000000000000000000000000010
1010010000000010000101000100101101000000000000000000000000000000000010
1010010011111010011001000011010010100000000000000000000000000000000010
1010100101111101000110001110101001000000000000000000000000000000000010
1011101110010101111001000000000101000000000000000000000000000000000010
1010100111100110000010000011111110000000000000000000000000000000000010
1011010010101101101001101011011101100000000000000000000000000000000010
1011101111011011010000001110110000000000000000000000000000000000000010
1010011011011010101010111111010101100000000000000000000000000000000010
1010110011001101011111110010100011100000000000000000000000000000000010
1011110100011011110001100111001110100000000000000000000000000000000010
1010000001100010101111111000100010100000000000000000000000000000000010
1010001101010110101110010110001001100000000000000000000000000000000010
1011101010000110111110011110110001100000000000000000000000000000000010
1010010100001000111001010000001111100000000000000000000000000000000010
1010111011110011110111010010111111100000000000000000000000000000000010
1011111110100000010100011100011001100000000000000000000000000000000010
1010100110110011101101110000100101100000000000000000000000000000000010
1010100110011010111111100101001011100000000000000000000000000000000010
1010000111010101100110111101001011000000000000000000000000000000000010
1011111010001000010100111101101000000000000000000000000000000000000010
1010011101101111000111101010010011000000000000000000000000000000000010
1011010100011011011101100011110111000000000000000000000000000000000010
1010000001001001110111010100000000000000000000000000000000000000000010
1010011001111110011001100000110100000000000000000000000000000000000010
1010111000111100011011101011011101100000000000000000000000000000000010
1010110010111001111111100110001001000000000000000000000000000000000010
1011001000100110110111101011110100000000000000000000000000000000000010
1010100011011011101000001101000001000000000000000000000000000000000010
1010010111110010001001010010110010000000000000000000000000000000000010
1011000011111011101111001111100111000000000000000000000000000000000010
1011110011101001001111000100001010100000000000000000000000000000000010
1011111011010110011011010001001100000000000000000000000000000000000010
1010110101101000010011100010110000000000000000000000000000000000000010
1011001111110010111110100000111110000000000000000000000000000000000010
1010001100110110100011100101000111100000000000000000000000000000000010
1011001110100101011001111010000000000000000000000000000000000000000010
1011100100111110011100111100100000100000000000000000000000000000000010
1010010001011111100010001100110111000000000000000000000000000000000010
1010011000100011111010111000010100100000000000000000000000000000000010
1010100011111101110001111110101011100000000000000000000000000000000010
1010010100100001110101110010101111100000000000000000000000000000000010
1010110111001110011010011110111101100000000000000000000000000000000010
1010110100101001010001001101111010100000000000000000000000000000000010
1011011111111010110111100000001000000000000000000000000000000000000010
1011001001111010001111100011101010100000000000000000000000000000000010
1011111110110001001011000111110010000000000000000000000000000000000010
1010011101001011001101111110011010000000000000000000000000000000000010
1011101111011111010011101000001010000000000000000000000000000000000010
1010011001101100110001111010010011000000000000000000000000000000000010
1010100110100000001111011101110101100000000000000000000000000000000010
1010001111111110100001100111111110000000000000000000000000000000000010
1011100010001101111000011000110001000000000000000000000000000000000010
1011010010011001011101111010110011000000000000000000000000000000000010
1011111001010000000110110001010111000000000000000000000000000000000010
1010011111110010001001001001011101100000000000000000000000000000000010
1011011011001000011000110000100000000000000000000000000000000000000010
1011110101001101010001010011100111100000000000000000000000000000000010
1010111111100110001011101000100100000000000000000000000000000000000010
1011000101110010110001111101101101000000000000000000000000000000000010
1010011101110100010001110010100000000000000000000000000000000000000010
1011011010110101001011110010100010100000000000000000000000000000000010
1011000000110011000011011000111000100000000000000000000000000000000010
1011101101100011001111111001110011100000000000000000000000000000000010
1010100100001100111011001110110100100000000000000000000000000000000010
1010001001001000110000011110100111100000000000000000000000000000000010
1010111000010111000100001010001000000000000000000000000000000000000010
1011101111011100000000011011100011100000000000000000000000000000000010
1010001110011001111110000101101100000000000000000000000000000000000010
1010100101000000101011111110011000000000000000000000000000000000000010
1010100101010000101100100110000111000000000000000000000000000000000010
1010001010011011111011101100100001100000000000000000000000000000000010
1010000110000001110000110010100111000000000000000000000000000000000010
1011110101011011010001011110011011100000000000000000000000000000000010
1011110111110011101001011000110000100000000000000000000000000000000010
1011100110101110111011110001111101000000000000000000000000000000000010
1011011100010111111010010101101100100000000000000000000000000000000010
1011000000011100110011100001111110000000000000000000000000000000000010
1010010111110001101000001010010001000000000000000000000000000000000010
1011001000001100000001011011010011100000000000000000000000000000000010
1011010111011101010011000111001001100000000000000000000000000000000010
1010000011000000010000010011100111100000000000000000000000000000000010
1011011101111111100001000000010000100000000000000000000000000000000010
1011000100110010101010000101011101100000000000000000000000000000000010
1010101110111010011101100110011101100000000000000000000000000000000010
1010100000100101000001011011100000100000000000000000000000000000000010
1011100100111111001001101110010100000000000000000000000000000000000010
1010110000010101001111011101111100000000000000000000000000000000000010
1010111101110101110010100010001000100000000000000000000000000000000010
1010001000001001101101110000011110000000000000000000000000000000000010
1011100001010101011101010111000101000000000000000000000000000000000010
1011000000010011111111010001111111100000000000000000000000000000000010
1011010110011100100000100001010100100000000000000000000000000000000010
1010001000000100011101101001011100000000000000000000000000000000000010
1011100011110011011110010000011101000000000000000000000000000000000010
1011101111010011000101010110111111100000000000000000000000000000000010
1011000011010111110010011010011011100000000000000000000000000000000010
1010010110111111010110110101110011000000000000000000000000000000000010
1010101001111111101000000010101000100000000000000000000000000000000010
1011011000001010000111110001111010100000000000000000000000000000000010
1010101110110111000000001110011101100000000000000000000000000000000010
1010010011111011001011110011110010100000000000000000000000000000000010
1010111001101011001100111010000011000000000000000000000000000000000010
1010011100111110101001110111010100000000000000000000000000000000000010
1011000001000010111011101000111101100000000000000000000000000000000010
1011001010110011011110110101111001000000000000000000000000000000000010
1010001011001000001010011100011101000000000000000000000000000000000010
1011101101000000011000000111110111000000000000000000000000000000000010
1011011100011000111110010001100101000000000000000000000000000000000010
1011111010010100001110001110011000000000000000000000000000000000000010
1011000001111011110100010010101100100000000000000000000000000000000010
1010111111100100000011010110100101100000000000000000000000000000000010
1010111101011101100010010011010101000000000000000000000000000000000010
1010001111101011000110111101010011000000000000000000000000000000000010
1011001010011111001111010101100101100000000000000000000000000000000010
1011011100100111100010100000010000100000000000000000000000000000000010
1011000100110011000110001101010100100000000000000000000000000000000010
1011010111111101101000010110111101100000000000000000000000000000000010
1011110101101111011101010011000011000000000000000000000000000000000010
1011000100100000010101100111110100100000000000000000000000000000000010
1010110011101011011001101101001100100000000000000000000000000000000010
1010001000101101111111001100101101100000000000000000000000000000000010
1010000011011001111011010011100101000000000000000000000000000000000010
1011100101000000000110000011111000000000000000000000000000000000000010
1010111011000111111100001101010111100000000000000000000000000000000010
1010000000111001110100111111011100000000000000000000000000000000000010
1010100011000010111000101011011000000000000000000000000000000000000010
1010010110001001000111011000010011100000000000000000000000000000000010
1010111101111111010010001011110001000000000000000000000000000000000010
1011111011101001000100110001111100000000000000000000000000000000000010
1011011000100111111010110111000001100000000000000000000000000000000010
1010100101100110010110101000010100000000000000000000000000000000000010
1010000010110110001111000110010011000000000000000000000000000000000010
1010000000011000001001000111011101000000000000000000000000000000000010
1011100110011110010000000101010001000000000000000000000000000000000010
1011101101000000011100100100000110100000000000000000000000000000000010
1010100110000100011001101000101011100000000000000000000000000000000010
1010111000101000011011011100110111000000000000000000000000000000000010
1010101010101111111011010100000100100000000000000000000000000000000010
1011110000100111011110110001100110000000000000000000000000000000000010
1010000111111101010011001001000101100000000000000000000000000000000010
1011100010011011011101000001101101000000000000000000000000000000000010
1010101000110000011011001011101000000000000000000000000000000000000010
1010111000011101010101111001110010100000000000000000000000000000000010
1011010110101000010110111000000111100000000000000000000000000000000010
1010001110110100101000101101111111100000000000000000000000000000000010
1011000001101010101000011100100101100000000000000000000000000000000010
1010110110100111001100110101001110100000000000000000000000000000000010
1011110000101111101100010001111011000000000000000000000000000000000010
1011100001000000110001010101110111000000000000000000000000000000000010
1011001010011110101101000100111010000000000000000000000000000000000010
1011101000010000000100111011000100100000000000000000000000000000000010
1011010110000111101010101010111011100000000000000000000000000000000010
1011101101100000000000110100101000000000000000000000000000000000000010
1011100010001010111101011101011010000000000000000000000000000000000010
1011010101010000011010111000101010100000000000000000000000000000000010
1011000000111110101010000001111010100000000000000000000000000000000010
1011101001011110001000001011101101000000000000000000000000000000000010
1010100101001111011100101001001001100000000000000000000000000000000010
1011110001011110101001001000000110100000000000000000000000000000000010
1011110100111100000111010000111100000000000000000000000000000000000010
1010110001000111111100110101101011100000000000000000000000000000000010
1011111001001100000000001010000111100000000000000000000000000000000010
1010111001000111101001011100110110000000000000000000000000000000000010
1010010111100100101101010110101011100000000000000000000000000000000010
1011101101000001100011100110010001000000000000000000000000000000000010
1011010100110101101011011110011000000000000000000000000000000000000010
1010111100001110000110111111001100100000000000000000000000000000000010
1010010101111100111011011001001101000000000000000000000000000000000010
1010101100100010001000000001001010000000000000000000000000000000000010
1010111101001100011011000001011010000000000000000000000000000000000010
1010111011110111001011001010101111000000000000000000000000000000000010
1011111001011010011110100010001110100000000000000000000000000000000010
1011111100000010101101101111011011100000000000000000000000000000000010
1011001111001011010001001101100101100000000000000000000000000000000010
1011011001000010001011011011010111100000000000000000000000000000000010
1010011001001010101100010100111110100000000000000000000000000000000010
1010010001100010110101011110101010000000000000000000000000000000000010
1010011001101001010000000101111100000000000000000000000000000000000010
1010101011000101010000110100100100100000000000000000000000000000000010
1011010111111000001010011000000110100000000000000000000000000000000010
1011101100110001001011101100111110100000000000000000000000000000000010
1010000010101010000001110010001101000000000000000000000000000000000010
1010011111010110010011111101111101000000000000000000000000000000000010
1010000101111011111000011001101000100000000000000000000000000000000010
1010001001011101110111110001010101100000000000000000000000000000000010
1010100110000000110110010100000110000000000000000000000000000000000010
1010111110000001101000101001000111100000000000000000000000000000000010
1010111110010100110100010111000010100000000000000000000000000000000010
1011000010010111000101001111101110100000000000000000000000000000000010
1011101011100011011110101101110110000000000000000000000000000000000010
1010000100100000000011110000001100100000000000000000000000000000000010
1010001011010011101101001001001000000000000000000000000000000000000010
1010010111001011101111110101010001100000000000000000000000000000000010
1010011000001001011011001111111100000000000000000000000000000000000010
1011110010101000001000100010100111000000000000000000000000000000000010
1010010010111100011010100001000010000000000000000000000000000000000010
1011011000011101111001000001010100000000000000000000000000000000000010
1010010110111011000111110010001101000000000000000000000000000000000010
1011110111100111101110010110100101100000000000000000000000000000000010
1010100111010011011101111000111011000000000000000000000000000000000010
1010100001101010100111100011011100100000000000000000000000000000000010
1010101100010100101001011110000100000000000000000000000000000000000010
1011001000100011101010111100100011100000000000000000000000000000000010
1011010100010101110001000010101001100000000000000000000000000000000010
1010000001001001010111010000101001100000000000000000000000000000000010
1010110001101010010110111010010101100000000000000000000000000000000010
1010010101100101010100110000001001100000000000000000000000000000000010
1010001111111011000011101011100010100000000000000000000000000000000010
1010010110000011010011100011111000000000000000000000000000000000000010
1011111100110110010110001011110100000000000000000000000000000000000010
1010011001011000110111000011001011100000000000000000000000000000000010
1010010011010011110101101011010110000000000000000000000000000000000010
1011000100010001010001110110100000100000000000000000000000000000000010
1010000101000111011100110000110100000000000000000000000000000000000010
1010010001101110110010001010001100100000000000000000000000000000000010
1010011111000111111111001001101010000000000000000000000000000000000010
1010000001101111101110101110110011100000000000000000000000000000000010
1011111101011101100010110010011011000000000000000000000000000000000010
1010010100110111100000011001111111000000000000000000000000000000000010
1010101100001110110100100111010110000000000000000000000000000000000010
1010100010100001001111011011100111100000000000000000000000000000000010
1010111010111011100001100100100000000000000000000000000000000000000010
1011010000000101100111011000100101000000000000000000000000000000000010
1010100110110110111110100111000110000000000000000000000000000000000010
1010011100111010000011100111101101100000000000000000000000000000000010
1011010000100110000111011100100000000000000000000000000000000000000010
1011101001001001001001010011110100100000000000000000000000000000000010
1011000000001101110011010100110000100000000000000000000000000000000010
1010001010111101001111110110011010100000000000000000000000000000000010
1010101100010111001010101100110010000000000000000000000000000000000010
1010010110111100100100000000011000100000000000000000000000000000000010
1011010111010011100101110101101110100000000000000000000000000000000010
1011110011100100111010111100001001000000000000000000000000000000000010
1010010001000001011100000011011100000000000000000000000000000000000010
1010011011100100011001101001001111000000000000000000000000000000000010
1010010010001001111011001111000101000000000000000000000000000000000010
1010100001001101001101111011011111000000000000000000000000000000000010
1010010111011001100001000000101100000000000000000000000000000000000010
1011011011110001101110101100010110000000000000000000000000000000000010
1010001001110010100111000011011000100000000000000000000000000000000010
1010000001100110001011100000110110000000000000000000000000000000000010
1011001101110111110110000101001001000000000000000000000000000000000010
1011111010011101000000101111100111100000000000000000000000000000000010
1011010010010001000100110101101100000000000000000000000000000000000010
1010001000110001110101110101101111100000000000000000000000000000000010
1010100111110110101011100101001011100000000000000000000000000000000010
1011000010111001000111110111100110100000000000000000000000000000000010
1010010101110100100111101011111100100000000000000000000000000000000010
1011011100100000000010100011100000000000000000000000000000000000000010
1011010110111011110100100101110000100000000000000000000000000000000010
1010001011100100001100101101001100100000000000000000000000000000000010
1011100010011001001100010011010100100000000000000000000000000000000010
1011001000110011110001011111110111000000000000000000000000000000000010
1011111101000101111010000010000111000000000000000000000000000000000010
1010000111110110100111101001110101000000000000000000000000000000000010
1011110001111011100000000101010001000000000000000000000000000000000010
1010110110110010000000001000111101100000000000000000000000000000000010
1011100011101011010001011100101111000000000000000000000000000000000010
1011101011001100010100111000001111100000000000000000000000000000000010
1010001011011011111001011001110100100000000000000000000000000000000010
1010101100000101100101100000000100000000000000000000000000000000000010
1011100011110011001011001111001000100000000000000000000000000000000010
1011010011101100110001101010111000100000000000000000000000000000000010
1010101000101000111011001000011111000000000000000000000000000000000010
1011111011100000111001101011111011100000000000000000000000000000000010
1010111001100111111001111100010011000000000000000000000000000000000010
1010010001110101000100111111000111000000000000000000000000000000000010
1010011010101001011001010111000011000000000000000000000000000000000010
1010111100001011110101011000111110000000000000000000000000000000000010
1011110110110101111111100101000001000000000000000000000000000000000010
1011110101101110010001101110101101000000000000000000000000000000000010
1011100111011001111100001111100000100000000000000000000000000000000010
1010011111000110011101100111111101000000000000000000000000000000000010
1010100110011111110100110011100010100000000000000000000000000000000010
1011110001101100100011111011001100100000000000000000000000000000000010
1011100001000001001111000110100100000000000000000000000000000000000010
1011101101111010000111001011010010000000000000000000000000000000000010
1010100101111101001111110011101000000000000000000000000000000000000010
1011100001100101011111101010010001000000000000000000000000000000000010
1010101010111111011110010111010011100000000000000000000000000000000010
1011100100001110110001000011011110000000000000000000000000000000000010
1011111111011111000010110010010010000000000000000000000000000000000010
1011001001101000011100001000111111000000000000000000000000000000000010
1011111100110001101001010111110010000000000000000000000000000000000010
1011011010011001101111110001001101000000000000000000000000000000000010
1010111011101110010001100101000000000000000000000000000000000000000010
1010000010001101010110000001010110100000000000000000000000000000000010
1010110001011000101111100101100010100000000000000000000000000000000010
1010111001101000100111010001111001000000000000000000000000000000000010
1010110111000111011111110110111000100000000000000000000000000000000010
1010111000111000000110011001011010100000000000000000000000000000000010
1010010110011010011011110010010010000000000000000000000000000000000010
1011100000011000001111110110000101000000000000000000000000000000000010
1011010111110011010010101011001010100000000000000000000000000000000010
1011111001111101101010100111110010000000000000000000000000000000000010
1010010001110011011001011000011001100000000000000000000000000000000010
1010000010100111000010110001001101000000000000000000000000000000000010
1010000111010110111001110100000111100000000000000000000000000000000010
1010101100101001001110111001111000000000000000000000000000000000000010
1011001100100001001000000111000110000000000000000000000000000000000010
1011010100101100011001101011101000100000000000000000000000000000000010
1010010110011101111111111100011000100000000000000000000000000000000010
1011101100101101101101100111111011000000000000000000000000000000000010
1011101101010100001111000110010110000000000000000000000000000000000010
1010001101100010001111100101011111000000000000000000000000000000000010
1010110100110100101001110101101010000000000000000000000000000000000010
1010011101000110000010100101001000100000000000000000000000000000000010
1010111110100100110011010111011111100000000000000000000000000000000010
1011110101000011000001000000000110100000000000000000000000000000000010
1010110001111001001110110001000101100000000000000000000000000000000010
1010100000000000100011110100111010000000000000000000000000000000000010
1010011110010101010000010100010110100000000000000000000000000000000010
1010110110111111000000011000111101000000000000000000000000000000000010
1011010101111011011000010110001000000000000000000000000000000000000010
1010000001111101101111001001111011100000000000000000000000000000000010
1011110101010111100100001110111000100000000000000000000000000000000010
1010010011001111010110100011001110000000000000000000000000000000000010
1010110001011101111001110100011010100000000000000000000000000000000010
1011111110101100011111111111011111100000000000000000000000000000000010
1010101111010101111101110100110101000000000000000000000000000000000010
1010010101111000101111101001011100100000000000000000000000000000000010
1011011010101110001110110000100000100000000000000000000000000000000010
1010101111000001000001011101100010100000000000000000000000000000000010
1011110100011100010010100110001110100000000000000000000000000000000010
1010010011001100100000101100110000100000000000000000000000000000000010
1011111101101001000110000100001101000000000000000000000000000000000010
1010010010000101001111100110101010000000000000000000000000000000000010
1011011110101110011110010100101110100000000000000000000000000000000010
1010101000000110101100011110011111100000000000000000000000000000000010
1011011111100101101011000101110101100000000000000000000000000000000010
1010001010010010001011101001111111000000000000000000000000000000000010
1010010011101101101100001110011010100000000000000000000000000000000010
1010111010110110111000111100010100000000000000000000000000000000000010
1011110010000000000100101001011101100000000000000000000000000000000010
1011111110101000000011110100101010100000000000000000000000000000000010
1010001100100111111001110101111111100000000000000000000000000000000010
1010111010011101001010101110111101000000000000000000000000000000000010
1011011010101111111110100000111110000000000000000000000000000000000010
1010101000110001000110100010000101100000000000000000000000000000000010
1011001100000001011100001010000001100000000000000000000000000000000010
1011100010001011000011011110011011100000000000000000000000000000000010
1011100110100100110110100000010100100000000000000000000000000000000010
1010111010101111000110111101010110000000000000000000000000000000000010
1010101101001100110000111100010100000000000000000000000000000000000010
1010110011000101011010000010011110100000000000000000000000000000000010
1011001010000011111110001101000000100000000000000000000000000000000010
1011101000010010001100010000111101000000000000000000000000000000000010
1010011011010101111011001010010001000000000000000000000000000000000010
1010101010101101111000010001101001000000000000000000000000000000000010
1011010000001101001110001010000110100000000000000000000000000000000010
1010011011000010011010111101011011100000000000000000000000000000000010
1011010010010101011001100111101110100000000000000000000000000000000010
1010001011111001001000000010110100100000000000000000000000000000000010
1011001110110011111010001011000100000000000000000000000000000000000010
1011111110111000010010000111001000000000000000000000000000000000000010
1011110110110110001001001010001010100000000000000000000000000000000010
1011000101000000011011010011001011100000000000000000000000000000000010
1011011110010100111010010110011100000000000000000000000000000000000010
1010000001010111000010000101001110100000000000000000000000000000000010
1011111011001100110000010000110000100000000000000000000000000000000010
1010111001100001000110000101111101100000000000000000000000000000000010
1010000010110000101010111111101010100000000000000000000000000000000010
1011000010010110100110101111011000100000000000000000000000000000000010
1011100001010101101000000100010101000000000000000000000000000000000010
1011100011001001100001001011101101000000000000000000000000000000000010
1011100101101101010100000011001100100000000000000000000000000000000010
1011000010100110000011100011101100100000000000000000000000000000000010
1011111010010010001001100110110000000000000000000000000000000000000010
1010100010011001000010101101110000100000000000000000000000000000000010
1010011111110001011100000000101001100000000000000000000000000000000010
1011100001111010011010010110001100000000000000000000000000000000000010
1011111111000011001011010010100010000000000000000000000000000000000010
1010001111000100101011011100101100000000000000000000000000000000000010
1010000010001100111110010010000100000000000000000000000000000000000010
1010000100010111010100111011010010100000000000000000000000000000000010
1011110110011001110101000101100100000000000000000000000000000000000010
1011111001101011111110001111111000000000000000000000000000000000000010
1011011101110100111001001100101111000000000000000000000000000000000010
1011011001101011110011001010111100100000000000000000000000000000000010
1011110001011000011010010100100111000000000000000000000000000000000010
1010010011100100000100010010010000000000000000000000000000000000000010
1011111010011110111001100110001111000000000000000000000000000000000010
1011011000010110111100101101110111100000000000000000000000000000000010
1011001111000010111000001100011000000000000000000000000000000000000010
1011000111000100010010111101011001100000000000000000000000000000000010
1010010111111100010101111010100001100000000000000000000000000000000010
1010011011000111011101110111111111100000000000000000000000000000000010
1010011110011011010011001100010100100000000000000000000000000000000010
1011111101000111110001000001011011000000000000000000000000000000000010
1011000111101010101001010011011010000000000000000000000000000000000010
1011000010110110001001101110100000000000000000000000000000000000000010
1011110011011100111100011010010010100000000000000000000000000000000010
1011111010010100011000111111010010000000000000000000000000000000000010
1011111011110011111000001100001010000000000000000000000000000000000010
1011001010010010001110100000101101000000000000000000000000000000000010
1011111110011000110000001101011001000000000000000000000000000000000010
1011001111111011100100011101110011000000000000000000000000000000000010
1011010100010100000110100000000111000000000000000000000000000000000010
1010000000001001101100110001000111100000000000000000000000000000000010
1011011110011101001000111110001111000000000000000000000000000000000010
1010000110010101001010000011110110000000000000000000000000000000000010
1010111011100001010000100101110000100000000000000000000000000000000010
1011110010101001000100110110100000000000000000000000000000000000000010
1010001010111011010111010100100101100000000000000000000000000000000010
1011011000110000111111010010101110000000000000000000000000000000000010
1011101011110111010111010001010001000000000000000000000000000000000010
1011001001111111011100001011001101000000000000000000000000000000000010
1011001011011011010110001011111010000000000000000000000000000000000010
1010011100000100111101101010001111000000000000000000000000000000000010
1010010011111110111000111011011010000000000000000000000000000000000010
1010010110010100001001011000101011100000000000000000000000000000000010
1011100100001001001111010101001011000000000000000000000000000000000010
1010000000101101100111010011100010100000000000000000000000000000000010
1010110100001110101011100010101001000000000000000000000000000000000010
1010000010001010000111001110010111100000000000000000000000000000000010
1010000000010000000001110100110111000000000000000000000000000000000010
1011010101101001001101010111111011100000000000000000000000000000000010
1011111110010011011100100101010110000000000000000000000000000000000010
1010100110100001100100001100100001000000000000000000000000000000000010
1011010111110110000100110001001100100000000000000000000000000000000010
1011001000010110001101110100101011000000000000000000000000000000000010
1010101011101100010110000001001111000000000000000000000000000000000010
1011100101001001101010111001101101000000000000000000000000000000000010
1011001011111001101010001000101110000000000000000000000000000000000010
1010100100100111100011100110000101100000000000000000000000000000000010
1011110100111100111000101010100100000000000000000000000000000000000010
1011111100010000100011100011101110100000000000000000000000000000000010
1010111011010010010100011101001101000000000000000000000000000000000010
1010110001001111111010001111010100000000000000000000000000000000000010
1011110110101111101000000011010110000000000000000000000000000000000010
1011011000111010000111101111101001100000000000000000000000000000000010
1010101110011000000111100101000000000000000000000000000000000000000010
1011000010101010100110000101011110000000000000000000000000000000000010
1010101101111010011001100011100101000000000000000000000000000000000010
1011101100000001000001100000100011100000000000000000000000000000000010
1010100011111101100000011111010101100000000000000000000000000000000010
1010110000000111101011111000101000000000000000000000000000000000000010
1011000010111001101011001110011000000000000000000000000000000000000010
1011101110100000010101110110010000100000000000000000000000000000000010
1011101001011001100110110101001000100000000000000000000000000000000010
1010101001000000111010111010100111100000000000000000000000000000000010
1010010111111101111110000101000110000000000000000000000000000000000010
1011000100100110001101110111111111000000000000000000000000000000000010
1011111001010011010100001000000101000000000000000000000000000000000010
1011000101001100001010100010101000100000000000000000000000000000000010
1010011101000010110101000001110110000000000000000000000000000000000010
1011000110011111010011111100001011000000000000000000000000000000000010
1010111010011001111100110111000110100000000000000000000000000000000010
1011101011100111110011000100101110000000000000000000000000000000000010
1010010111001110101110010001100110000000000000000000000000000000000010
1010110010010111011000010111010001000000000000000000000000000000000010
1010011010110011010100010000110011000000000000000000000000000000000010
1010110010010001110111100001001111000000000000000000000000000000000010
1010010111101001000010101110011011000000000000000000000000000000000010
1010001001100010000111001011100000100000000000000000000000000000000010
1011110011100111101100111101000100100000000000000000000000000000000010
1011010011010101011010100110010000100000000000000000000000000000000010
1010100001110110100011000000010011100000000000000000000000000000000010
1011000011001010110011010110111010000000000000000000000000000000000010
1010011110011111110001000011000110000000000000000000000000000000000010
1011100101111101111100100001001100100000000000000000000000000000000010
1011011101100011100011100111000110000000000000000000000000000000000010
1010010001001111000001101101000101100000000000000000000000000000000010
1010110110111111110110101110011000100000000000000000000000000000000010
1010001100110110010010110111101011000000000000000000000000000000000010
1010010100011001100011000011100000100000000000000000000000000000000010
1010110010001101000111001011101011100000000000000000000000000000000010
1010111101111011010101000001101010100000000000000000000000000000000010
1011111001010101011110111111001001000000000000000000000000000000000010
1010000010101000110100001001001011000000000000000000000000000000000010
1011110000001010010101111111011111100000000000000000000000000000000010
1010111110101111000101101111011111000000000000000000000000000000000010
1010111100010001000111110111110010100000000000000000000000000000000010
1010111011110111001110100010111000100000000000000000000000000000000010
1010011110000001010011001000110110000000000000000000000000000000000010
1010011111000011111101101110010011100000000000000000000000000000000010
1010011000110111111110000000001110100000000000000000000000000000000010
1011110011100000100110100101111110100000000000000000000000000000000010
1011101011011001000000100101001001100000000000000000000000000000000010
1011010101111001010100000101000110100000000000000000000000000000000010
1011101111101100100111110100110001000000000000000000000000000000000010
1010110001001001111101100001110000100000000000000000000000000000000010
1011101010001100001001000100110100000000000000000000000000000000000010
1011011010010111110111101011001010000000000000000000000000000000000010
1010100001100111000101111010010101100000000000000000000000000000000010
1010101100101101110000100010001101000000000000000000000000000000000010
1010101010111001101111110111110000000000000000000000000000000000000010
1011111110101111111011000100000010100000000000000000000000000000000010
1010110001010001110011100000101010100000000000000000000000000000000010
1010011001001100101010100001001011100000000000000000000000000000000010
1010010101000110010000110010001010000000000000000000000000000000000010
1011010101000111010010110100101100000000000000000000000000000000000010
1010011011101011001101011011100111000000000000000000000000000000000010
1010111001100110011111000010101110000000000000000000000000000000000010
1010001010001111010111010101100101000000000000000000000000000000000010
1011011000100101110110001110000111000000000000000000000000000000000010
1010000101110011011001110111010111000000000000000000000000000000000010
1011001111000010000100011001110000100000000000000000000000000000000010
1011001011010101100110100111001101100000000000000000000000000000000010
1010001011011010001010100101100001100000000000000000000000000000000010
1011000011100010111101100000110100100000000000000000000000000000000010
1011111101110010100010100010100010100000000000000000000000000000000010
1011011100001101100100110110001000100000000000000000000000000000000010
1011100011001111001110110000110101100000000000000000000000000000000010
1011011111010100111011101101011100000000000000000000000000000000000010
1011011000011011100111001111000001100000000000000000000000000000000010
1010100100010101100010010100001001000000000000000000000000000000000010
1010111001110100001110101110001001100000000000000000000000000000000010
1011101101000100011101011000110110000000000000000000000000000000000010
1011111101010011001110000010001011100000000000000000000000000000000010
1010010111010000111010000001001000100000000000000000000000000000000010
1011000010100001111000110001100111000000000000000000000000000000000010
1011000110110000011010111110000100000000000000000000000000000000000010
1011011111101101011000001001111001000000000000000000000000000000000010
1011110001111110000110010111101111100000000000000000000000000000000010
1011001000101010011001000000110010000000000000000000000000000000000010
1010111101000010110011110110100111100000000000000000000000000000000010
1010011010111101100010001100101111100000000000000000000000000000000010
1011101111101111000100101011011111100000000000000000000000000000000010
1011111110001111110011111001110100100000000000000000000000000000000010
1011010011001010110100011100111010100000000000000000000000000000000010
1011000001101011010000010011111011000000000000000000000000000000000010
1011000101110101100000111010000010000000000000000000000000000000000010
1011111101110110111100101001101101100000000000000000000000000000000010
1010001100100001101100011111100010000000000000000000000000000000000010
1011000011010110101101110110101001100000000000000000000000000000000010
1011000100100110101101010011010111100000000000000000000000000000000010
1011110011101000111011110001111100100000000000000000000000000000000010
1010010010110001011011010000110001000000000000000000000000000000000010
1011110111010011101111010000011100000000000000000000000000000000000010
1010000001110100000001110000011110000000000000000000000000000000000010
1011010010011100101001111000110000000000000000000000000000000000000010
1010111101001001111110111001010010100000000000000000000000000000000010
1010010010110101110100001001110100000000000000000000000000000000000010
1011110111001010010111001011010010000000000000000000000000000000000010
1011110011000001110100011011000101100000000000000000000000000000000010
1011110001100110011111010111101110000000000000000000000000000000000010
1011011101101011111101100100100010100000000000000000000000000000000010
1011011101010111100111010100011010100000000000000000000000000000000010
1010001001111100011101011001000001000000000000000000000000000000000010
1010010010110001000110111110111110100000000000000000000000000000000010
1011010110110001011000111010110111000000000000000000000000000000000010
1010101000101011011110110000010111100000000000000000000000000000000010
1010110111001101101100010000111110100000000000000000000000000000000010
1010110011110100110000111000111101000000000000000000000000000000000010
1011100011001101011010110110100001000000000000000000000000000000000010
1011000011110011000010110101111100000000000000000000000000000000000010
1011011001001111110111100010100111000000000000000000000000000000000010
1010000010001110100010111011000010100000000000000000000000000000000010
1011111101100110010100011000100101000000000000000000000000000000000010
1010111010101000001110001111101000100000000000000000000000000000000010
1010110100000000101011110011000110000000000000000000000000000000000010
1011101001100000010111011001100100100000000000000000000000000000000010
1010001011110101100010001100111100000000000000000000000000000000000010
1011110110010110000110001100111110000000000000000000000000000000000010
1010100110111100010001110001100000000000000000000000000000000000000010
1010100110011010110100100001011010100000000000000000000000000000000010
1010011111111011111010000010011111100000000000000000000000000000000010
1010100010011011011111000101100100100000000000000000000000000000000010
1010010001100110101110000111111101000000000000000000000000000000000010
1010110011010010100000111100011000100000000000000000000000000000000010
1011000001001110101010000010110011000000000000000000000000000000000010
1010001011110100010011111100111111000000000000000000000000000000000010
1011111101001100001010100010110011100000000000000000000000000000000010
1011101010000100000010001111001111100000000000000000000000000000000010
1010011000011111101001000100100110100000000000000000000000000000000010
1011011001101110011001111001101100100000000000000000000000000000000010
1011001010111001110000100110110110000000000000000000000000000000000010
1011001011010011110010011011110011000000000000000000000000000000000010
1010011000110110101010010101110111000000000000000000000000000000000010
1011101100101101110011111110111001000000000000000000000000000000000010
1010000100010101011011011010101010000000000000000000000000000000000010
1011111101101100101111000001010001000000000000000000000000000000000010
1010111111000011001001100100010011100000000000000000000000000000000010
1010100001001001111101010110110101000000000000000000000000000000000010
1010010101000111001010010110011110000000000000000000000000000000000010
1010101001111110011001110001000111100000000000000000000000000000000010
1010010011011001010111100011001010100000000000000000000000000000000010
1011111011110100000101001000010110000000000000000000000000000000000010
1010101100110111110010000011110000000000000000000000000000000000000010
1011101100101110100000000011011101100000000000000000000000000000000010
1011001101010100101010110000100101100000000000000000000000000000000010
1011110111110011100111000011000000100000000000000000000000000000000010
1011001110101001000111001000100101100000000000000000000000000000000010
1010010100110001001001101110011000000000000000000000000000000000000010
1011011111001110000011011100001011100000000000000000000000000000000010
1010101010010111111010111001001001000000000000000000000000000000000010
1011010000111111001100101100001111000000000000000000000000000000000010
1011110011001111000111000111111101100000000000000000000000000000000010
1011101011101001100110000000110011000000000000000000000000000000000010
1010010111011000100101111111111011000000000000000000000000000000000010
1011000111110111110110111101111100000000000000000000000000000000000010
1011011111000010000100010011101000100000000000000000000000000000000010
1011011000000011111000000000000011100000000000000000000000000000000010
1010011110110111111101101000111010000000000000000000000000000000000010
1010011011101001010011100100011001000000000000000000000000000000000010
1011101001011010100010001111100011100000000000000000000000000000000010
1010111101010100100010000011101000100000000000000000000000000000000010
1011011111001100111100000111001010100000000000000000000000000000000010
1010010010100111100010011100000100000000000000000000000000000000000010
1010001000000100110011101011011010000000000000000000000000000000000010
1011010011101001101011100111010110100000000000000000000000000000000010
1011011100101100111100110001010101100000000000000000000000000000000010
1010000001101001101110110111100011000000000000000000000000000000000010
1011011010001110001010000100011011100000000000000000000000000000000010
1010000111101000000010111101111011000000000000000000000000000000000010
1010010101011000110100111010000101000000000000000000000000000000000010
1011000101111101001100010000001101100000000000000000000000000000000010
1010000010001110000110110111001110100000000000000000000000000000000010
1011111001011001101000100100001010000000000000000000000000000000000010
1010000101111101101100010111011110000000000000000000000000000000000010
1010110011111010111010010011100000000000000000000000000000000000000010
1011001101001111101111101101010001000000000000000000000000000000000010
1010101011011011011111000010100101000000000000000000000000000000000010
1011101101010011101000110111101010000000000000000000000000000000000010
1011111011111111101101111100110001100000000000000000000000000000000010
1010101000010100100011100101101010000000000000000000000000000000000010
1010000111100000010100111011001011100000000000000000000000000000000010
1010000000010110010110111010011111100000000000000000000000000000000010
1010110100001010000110011101111001100000000000000000000000000000000010
1011000000001100000000100010111101000000000000000000000000000000000010
1011111011011100001110100011010010100000000000000000000000000000000010
1011001111011001001011111111101101000000000000000000000000000000000010
1010111100110010101000010100101100100000000000000000000000000000000010
1011000100100011001001110101100101000000000000000000000000000000000010
1011010010111011101110010101001100000000000000000000000000000000000010
1011000001101000110111111101101011000000000000000000000000000000000010
1011111101010000101011011001001101100000000000000000000000000000000010
1010010000011111001111011001111101100000000000000000000000000000000010
1011111010001000111111000101011001100000000000000000000000000000000010
1011001101111001101010000001101010100000000000000000000000000000000010
1010000101000011101000001100100101100000000000000000000000000000000010
1011011001101110001111100011011111100000000000000000000000000000000010
1011101011100101111001000001011101000000000000000000000000000000000010
1010000100000010000110100011101110100000000000000000000000000000000010
1010111110001100111100001100010010100000000000000000000000000000000010
1010011110001001001000001000011000000000000000000000000000000000000010
1011110110001011101101100100000011100000000000000000000000000000000010
1010000110111101010111101100101111000000000000000000000000000000000010
1010011010101010101010111010011100000000000000000000000000000000000010
1011010110010111111100101111001100100000000000000000000000000000000010
1011110010001010110110001101101011000000000000000000000000000000000010
1011100111001000111000110000110110100000000000000000000000000000000010
1010110011010010111110000001000000100000000000000000000000000000000010
1010100101010011110101011000101101000000000000000000000000000000000010
1011010101101010000101010001110101100000000000000000000000000000000010
1010100111100000100011111001011000100000000000000000000000000000000010
1010010011110010011111100011011110000000000000000000000000000000000010
1011100111000000010100001001010101000000000000000000000000000000000010
1010110000011011010010000110010110000000000000000000000000000000000010
1010100110110010100011100000101101100000000000000000000000000000000010
1010001100000110110011111100101101000000000000000000000000000000000010
1011101010001110110110100101010011100000000000000000000000000000000010
1011111111011000000111001100000010100000000000000000000000000000000010
1010111010110101010111100011001011100000000000000000000000000000000010
1010100011100000011010011100001001100000000000000000000000000000000010
1011110010111101010001101110111110000000000000000000000000000000000010
1010001011101110110100000001100010000000000000000000000000000000000010
1010011111000110000000010111011011000000000000000000000000000000000010
1010100101000001001110010100001011000000000000000000000000000000000010
1010101111111001000101010101100111000000000000000000000000000000000010
1011111110001101110111100101010011000000000000000000000000000000000010
1010101010100000000001011001100111000000000000000000000000000000000010
1011110111000110011000010000001111100000000000000000000000000000000010
1010100000001100000111111011100110000000000000000000000000000000000010
1011111011011101100110001110010110100000000000000000000000000000000010
1010111100011000000100110110011110100000000000000000000000000000000010
1011010010010011011100100000101101000000000000000000000000000000000010
1011001001010101111100100010000111000000000000000000000000000000000010
1010001111110001111101011101011101100000000000000000000000000000000010
1011001001101000010101100000001010100000000000000000000000000000000010
1010111001101001110001100101000110100000000000000000000000000000000010
1010000011011011100100100010100110100000000000000000000000000000000010
1011001000101010001100010101011110100000000000000000000000000000000010
1011111001000101001010101110111000100000000000000000000000000000000010
1010110101000101100000010010011101000000000000000000000000000000000010
1010011000011011010101010111110010100000000000000000000000000000000010
1011000000101000011000111100000000100000000000000000000000000000000010
1010110110111000011110110001100111100000000000000000000000000000000010
1010001110001111000100100110110100100000000000000000000000000000000010
1010010110000100010110101010100111000000000000000000000000000000000010
1011111010010001010010110101000010000000000000000000000000000000000010
1011010101100000001101010110011010100000000000000000000000000000000010
1011111011000000010101110010011110000000000000000000000000000000000010
1010011011011100100100010001100111000000000000000000000000000000000010
1010111101010011110010111001011101000000000000000000000000000000000010
1010010001001010000100000100100000000000000000000000000000000000000010
1010101001111001010111100011100011000000000000000000000000000000000010
1011010101101111100110110110100011100000000000000000000000000000000010
1010000101011000110001000001100111000000000000000000000000000000000010
1011011101101110001111000100100011100000000000000000000000000000000010
1010011010111001111000011001101110000000000000000000000000000000000010
1010101011100100101011110110011110000000000000000000000000000000000010
1011000110001101111000110110100100100000000000000000000000000000000010
1010001100010000101101111010101101000000000000000000000000000000000010
1011111111100011001101100010110101000000000000000000000000000000000010
1010001010110010101011111100001111100000000000000000000000000000000010
1011100111101100101010100000010001100000000000000000000000000000000010
1011110010001100110010011110111011100000000000000000000000000000000010
1010100110100000101110011000001100100000000000000000000000000000000010
1011011000001001101000110000111110100000000000000000000000000000000010
1011111111111111111000101010111110000000000000000000000000000000000010
1010000100101110010101010000110111000000000000000000000000000000000010
1010000011001001011011111111100100000000000000000000000000000000000010
1010001000000110001111001100101010000000000000000000000000000000000010
1010101100100010110110000011101110000000000000000000000000000000000010
1010011001011010000111011001011101100000000000000000000000000000000010
1010011000011110001000011011001011000000000000000000000000000000000010
1010011001010110001100010110100001000000000000000000000000000000000010
1010001110000011011010110111000000100000000000000000000000000000000010
1010010101110001011011110100010101000000000000000000000000000000000010
1010010010110101111011000101111110100000000000000000000000000000000010
1011100000110001100111000010010110100000000000000000000000000000000010
1011111100101111111000000101110111100000000000000000000000000000000010
1011100110011000101111011111101111100000000000000000000000000000000010
1011100001010110110011000000000101100000000000000000000000000000000010
1011101000001001001100001010111111100000000000000000000000000000000010
1010101100011100000111100000111000100000000000000000000000000000000010
1010000111100111010101001110110101000000000000000000000000000000000010
1010101010011001011011011000111100000000000000000000000000000000000010
1010101111010010000011100100111011000000000000000000000000000000000010
1010111110101111001110011011101000000000000000000000000000000000000010
1010001100110011101011011011000100100000000000000000000000000000000010
1010001111111011001001001001101010100000000000000000000000000000000010
1010101010001110001100110110010010000000000000000000000000000000000010
1010001101110001000000010010100010000000000000000000000000000000000010
1011001001101000010011000011010111100000000000000000000000000000000010
1010011000011101110101111001011000000000000000000000000000000000000010
1010100001110001010111010011001001000000000000000000000000000000000010
1011001000011010110000010110100010000000000000000000000000000000000010
1011000100100000100011000110011100100000000000000000000000000000000010
1011110011000111101011010011001111100000000000000000000000000000000010
1010000101101110001011110110110010000000000000000000000000000000000010
1010000011111000100100010110000111000000000000000000000000000000000010
1010100011101011011100001011100000000000000000000000000000000000000010
1011001001001010111101011110001000000000000000000000000000000000000010
1011101010110101001000111100101011100000000000000000000000000000000010
1011111110111010001000010000111000000000000000000000000000000000000010
1011101100111110110100010011101101100000000000000000000000000000000010
1011000111110011010001101111001110100000000000000000000000000000000010
1010100000001001001101011011101010000000000000000000000000000000000010
1010001101100001000101111000101010000000000000000000000000000000000010
1011101011001001101111110001011010100000000000000000000000000000000010
1011011110101101110001010011100011000000000000000000000000000000000010
1010100101010011000111111110010001000000000000000000000000000000000010
1010110101101001111001101000110101000000000000000000000000000000000010
1011111010101000110111100110010100000000000000000000000000000000000010
1011111011100110011001010100000000000000000000000000000000000000000010
1010000100101100011101110100101011100000000000000000000000000000000010
1010110001100101101101100011101000000000000000000000000000000000000010
1010000111001000011001111101101000100000000000000000000000000000000010
1010111111011111000000010011010110100000000000000000000000000000000010
1010110001111001001101001000110010000000000000000000000000000000000010
1010010101001011011000010100101001000000000000000000000000000000000010
1010010001110001000100001101101101100000000000000000000000000000000010
1010111001010000001001010011011111100000000000000000000000000000000010
1010110010110010101001100011100000100000000000000000000000000000000010
1010101111001100100101101101010001100000000000000000000000000000000010
1010100011101111100110001100010011100000000000000000000000000000000010
1011010110101101011001010110011100000000000000000000000000000000000010
1011000011011101101110001001000010000000000000000000000000000000000010
1010011000110011101110001000110011000000000000000000000000000000000010
1010111010000000100001000110000011100000000000000000000000000000000010
1010111011110100100000110000011010100000000000000000000000000000000010
1010000001100010100100110110101011100000000000000000000000000000000010
1011001111111010110100111000010010000000000000000000000000000000000010
1010010101011001101100110000011100100000000000000000000000000000000010
1011100011110000100001010101001101000000000000000000000000000000000010
1011000110111101001111100110000110000000000000000000000000000000000010
1010010101100110101001000100010001100000000000000000000000000000000010
1010010010010110100111000001001000000000000000000000000000000000000010
1011100110011110111000100000110101100000000000000000000000000000000010
1010101110100101101111010101010111100000000000000000000000000000000010
1011101110111101011101000001000000000000000000000000000000000000000010
1010100111111010111001101011000111100000000000000000000000000000000010
1010011000110010111011101100010000100000000000000000000000000000000010
1011011101110000000110101111000011000000000000000000000000000000000010
1010110111010010101010010000111110100000000000000000000000000000000010
1011011110000110100000010010100011000000000000000000000000000000000010
1011100101111010100110100000010000100000000000000000000000000000000010
1011101001000001111101000110101000100000000000000000000000000000000010
1010000001101001101100001101010011000000000000000000000000000000000010
1010001000100111110001111000110100100000000000000000000000000000000010
1011010010110111100101110100011011000000000000000000000000000000000010
1011001011110000000100111011100110100000000000000000000000000000000010
1010101100011010011010000011011111000000000000000000000000000000000010
1010011000010000001010100100110100000000000000000000000000000000000010
1010111011111111101011110001001111000000000000000000000000000000000010
1010101111101000010011111011100010100000000000000000000000000000000010
1011101110001110100111010010100010000000000000000000000000000000000010
1010000110010111000011001100010101000000000000000000000000000000000010
1011111100111001100001010110111000000000000000000000000000000000000010
1011110001000111101101011010010111000000000000000000000000000000000010
1011111101011110100011011010101100000000000000000000000000000000000010
1011011010011110000001100111000100100000000000000000000000000000000010
1010010011101011110111000011110001100000000000000000000000000000000010
1011100010111000110001001111011101100000000000000000000000000000000010
1010101011010101010001000000010101000000000000000000000000000000000010
1010100100101010110110111011110010000000000000000000000000000000000010
1011111001000110110010010001100111000000000000000000000000000000000010
1011010110000010111101010110001111100000000000000000000000000000000010
1010110010010100010000010101011011000000000000000000000000000000000010
1010001101101110011010100110001001100000000000000000000000000000000010
1010110011111111011000011011110001100000000000000000000000000000000010
1011010111101010100100011101000110000000000000000000000000000000000010
1011100110010011011110100011000110000000000000000000000000000000000010
1011011101010001001101111100111111100000000000000000000000000000000010
1010110100101010101100010010001101100000000000000000000000000000000010
1010100111010110111111110110100011100000000000000000000000000000000010
1011010101011110110110000011100011100000000000000000000000000000000010
