1011001100111110111100011010100011000000000000000000000000000000000010
1011100110011110000010101110000011000000000000000000000000000000000010
1010101010010100110000111000010101100000000000000000000000000000000010
1010110001111011000000011001100101000000000000000000000000000000000010
1011111010100011001011101111100111100000000000000000000000000000000010
1010010010001001111001011000010111000000000000000000000000000000000010
1010011001010110101100000011011100100000000000000000000000000000000010
1010101100100100111000100110110001000000000000000000000000000000000010
1010100011100110011111010100001011000000000000000000000000000000000010
1010000010011110010011110011010001100000000000000000000000000000000010
1010101011101110000010110101000111000000000000000000000000000000000010
1010011101111111001100011011101101000000000000000000000000000000000010
1011000111001010001010100001110110100000000000000000000000000000000010
1010101010110011011111111111000011100000000000000000000000000000000010
1010000001011111000010100100101010000000000000000000000000000000000010
1010100011111110101101101000101101100000000000000000000000000000000010
1010001010111010000111001110101000100000000000000000000000000000000010
1011010001110101000010100111100011000000000000000000000000000000000010
1010111100100100110100101010100111000000000000000000000000000000000010
1010001110011010011100111000111100000000000000000000000000000000000010
1010001000111000010011100011000011000000000000000000000000000000000010
1011000101111000011001011000110010000000000000000000000000000000000010
1010111001000100001011110101101100000000000000000000000000000000000010
1010000011110101101110000111000000100000000000000000000000000000000010
1011110010000001001101111000100001000000000000000000000000000000000010
1011100110110110110101100111011011100000000000000000000000000000000010
1010111001010010100000111111110000000000000000000000000000000000000010
1010001101011001001001011110010010000000000000000000000000000000000010
1010010000000100100000010111110001100000000000000000000000000000000010
1011100111111011011101010000000101100000000000000000000000000000000010
1011000100001110100001011101101111100000000000000000000000000000000010
1011101010110010100100011101101110000000000000000000000000000000000010
1011101000000011011110110100010001100000000000000000000000000000000010
1011010001110110100101101000011100000000000000000000000000000000000010
1011100001101111101101000101010011000000000000000000000000000000000010
1010011111100001111010101001010001100000000000000000000000000000000010
1010010011011000000100110011101100100000000000000000000000000000000010
1011110011101000000111001100010110100000000000000000000000000000000010
1010110101110000010010111001011011100000000000000000000000000000000010
1010001000100001111111001110110010000000000000000000000000000000000010
1011010001111000001011110001111110100000000000000000000000000000000010
1010111001001000101110001110111011000000000000000000000000000000000010
1010111000111111101001010100101011000000000000000000000000000000000010
1011000001111101011111011001001110100000000000000000000000000000000010
1010011101011010011111110001000101100000000000000000000000000000000010
1010110000111111001101101011101101100000000000000000000000000000000010
1010101100010111011101100000100111000000000000000000000000000000000010
1011000110100000000010001100100101000000000000000000000000000000000010
1010000011011110010111111111111110100000000000000000000000000000000010
1011111001100101100100011110111011100000000000000000000000000000000010
1011111010000010011101010101000011000000000000000000000000000000000010
1010001100101001000001110000011010100000000000000000000000000000000010
1010111011111010011110010101101110100000000000000000000000000000000010
1011000110001010100111100010010111100000000000000000000000000000000010
1010001001111111111101011010110010000000000000000000000000000000000010
1010011011100111111010100001100001000000000000000000000000000000000010
1010010011011110011110011111101000100000000000000000000000000000000010
1010010011011101001000101100111100100000000000000000000000000000000010
1011111010001101011000100110010110000000000000000000000000000000000010
1011001100101010011010010001111111000000000000000000000000000000000010
1011100011010000111010000111111100100000000000000000000000000000000010
1011001111100010000110111010001111000000000000000000000000000000000010
1011100011110011110110100101100111000000000000000000000000000000000010
1011100110111011101010111010010111100000000000000000000000000000000010
1010110011010111000011001000011110100000000000000000000000000000000010
1010010001011111010001011000011000100000000000000000000000000000000010
1010100010011101010100111011100101100000000000000000000000000000000010
1010101000011000111111010001111110100000000000000000000000000000000010
1011001011100100110011111111110111000000000000000000000000000000000010
1010000111100111010101010011011111000000000000000000000000000000000010
1011100101111100100110011101100111100000000000000000000000000000000010
1011101000010011001001110100010110000000000000000000000000000000000010
1011000011000001000000100000000100100000000000000000000000000000000010
1010000110101011001110001010010110100000000000000000000000000000000010
1011010011011100111110010000110000100000000000000000000000000000000010
1011100100000111100010010000100110100000000000000000000000000000000010
1010001010110100010011011101111111000000000000000000000000000000000010
1011101100000111111100110001110100100000000000000000000000000000000010
1011110100110100001101011101111000100000000000000000000000000000000010
1011010110011111001100010001100001100000000000000000000000000000000010
1010011001011100100100110111000101100000000000000000000000000000000010
1010110000001001101100010110101011000000000000000000000000000000000010
1010011000011010101010011110010001100000000000000000000000000000000010
1011011100010011010000101011001110100000000000000000000000000000000010
1010010110010010001111111111110110000000000000000000000000000000000010
1010001000011101011110000001001001100000000000000000000000000000000010
1010100100110100010100100101111001000000000000000000000000000000000010
1011010111011101110100110001011101000000000000000000000000000000000010
1010001011010111101110101011100110100000000000000000000000000000000010
1010011010011010100011000000100111100000000000000000000000000000000010
1010100101011010101111101011100001000000000000000000000000000000000010
1011001110100011001111010000101100100000000000000000000000000000000010
1011000000110001100110010101100000100000000000000000000000000000000010
1011000000001111011101111010110011100000000000000000000000000000000010
1011011010000100010001000101010010000000000000000000000000000000000010
1011110101001000000100110000011110100000000000000000000000000000000010
1011001000010110100110101111010000100000000000000000000000000000000010
1011001101111101110010010001010110000000000000000000000000000000000010
1010000100110000011111001100111111000000000000000000000000000000000010
1010111011100110010100000111000010100000000000000000000000000000000010
1011111001100110000111011101100110000000000000000000000000000000000010
1010011010001001110110110100110010100000000000000000000000000000000010
1010000110110111011100111110110111000000000000000000000000000000000010
1011000010000111100110001100110010100000000000000000000000000000000010
1011110000101011001011001110000001100000000000000000000000000000000010
1011101111011111010101100111111111100000000000000000000000000000000010
1010000100000100110010001111111110000000000000000000000000000000000010
1010010111001110110110000010101011100000000000000000000000000000000010
1010000100101011100001111101001110000000000000000000000000000000000010
1011100000111100111000101100011011000000000000000000000000000000000010
1011001100001010101010111111000111100000000000000000000000000000000010
1011001100110011011100010011010011000000000000000000000000000000000010
1010110000101001011111000101000101100000000000000000000000000000000010
1011001001101010111110000100110110000000000000000000000000000000000010
1011111010001010100111000011010111100000000000000000000000000000000010
1010011001100000010011010111001011100000000000000000000000000000000010
1011001010100110101101011111011100000000000000000000000000000000000010
1011010000110010000101000101011110100000000000000000000000000000000010
1011100101111001100011000010011101100000000000000000000000000000000010
1010101010000001010010011101011011000000000000000000000000000000000010
1010001001111110000100001110110110100000000000000000000000000000000010
1011011111010001010101010111111111000000000000000000000000000000000010
1011101001000110110011101111100111100000000000000000000000000000000010
1010000011110100111111001110101111100000000000000000000000000000000010
1011010010101100100110100101110001000000000000000000000000000000000010
1011100000110011100001011101111011000000000000000000000000000000000010
1010111101011001101011000001101010000000000000000000000000000000000010
1010101100100111111110111100111111100000000000000000000000000000000010
1010101001001010001100001000101011000000000000000000000000000000000010
1010110001101111000111101011000000000000000000000000000000000000000010
1010110000000011011110101011110110000000000000000000000000000000000010
1011001111111000110001110110110110100000000000000000000000000000000010
1010100011110011101011101110001010000000000000000000000000000000000010
1010111110111010010100100000111111100000000000000000000000000000000010
1011010000110100010001000111101110000000000000000000000000000000000010
1011000001101101100011101110010110100000000000000000000000000000000010
1011100000001111001100000100101001000000000000000000000000000000000010
1010100101001000000110001100010111100000000000000000000000000000000010
1010010110010000000010001010000110100000000000000000000000000000000010
1011110100000110101101100011100100100000000000000000000000000000000010
1010101001110111001100111110111100000000000000000000000000000000000010
1010111011001111110111110110011001100000000000000000000000000000000010
1010010010000101010001010111100110100000000000000000000000000000000010
1011000000010100000100000111010001100000000000000000000000000000000010
1011100100111010010000101100111101000000000000000000000000000000000010
1011101001101011100011110000101001000000000000000000000000000000000010
1011101000000100110100011010000010100000000000000000000000000000000010
1011111010010010100010110111001100100000000000000000000000000000000010
1010011111111110010001011001111110000000000000000000000000000000000010
1010000001011011011010110011010011100000000000000000000000000000000010
1010101001100111101010010001001111000000000000000000000000000000000010
1010000001000110000110000010100101100000000000000000000000000000000010
1010110101110101010010000010110000000000000000000000000000000000000010
1011111000011010110010010011001111000000000000000000000000000000000010
1011111000000101000001110111011010000000000000000000000000000000000010
1011100001000010101101011100100110100000000000000000000000000000000010
1010000010011100111000101000010001100000000000000000000000000000000010
1011100111111111000011111111010011100000000000000000000000000000000010
1011000101010100100100110100001110100000000000000000000000000000000010
1010000011011000001111111110001001000000000000000000000000000000000010
1010111110111100111000111010011010100000000000000000000000000000000010
1010101001100010011100101111011001100000000000000000000000000000000010
1010011000110111101001111001100110000000000000000000000000000000000010
1010000000101010000101111000001001000000000000000000000000000000000010
1010101000110011101100011011110110000000000000000000000000000000000010
1011010001101001101110110010101110000000000000000000000000000000000010
1011100000111001000101110010100111100000000000000000000000000000000010
1010000011001110000011100110000001000000000000000000000000000000000010
1010000010111011010000101100010110100000000000000000000000000000000010
1011010000100110111110100001111111000000000000000000000000000000000010
1010111011011000100110000110111101000000000000000000000000000000000010
1010100000001001001011000111110011100000000000000000000000000000000010
1011000001100100000010101001011000000000000000000000000000000000000010
1010110111110011100011001010101110100000000000000000000000000000000010
1010011001110010110001010101100010100000000000000000000000000000000010
1011100001111001001110110001010010000000000000000000000000000000000010
1010001011100010010001101111101101000000000000000000000000000000000010
1010000100100000100011100011010010000000000000000000000000000000000010
1010100111011001000110011110101110000000000000000000000000000000000010
1010100100100100100001010101100011000000000000000000000000000000000010
1011111001110110111010100011111101000000000000000000000000000000000010
1011000011100100100001001100001010100000000000000000000000000000000010
1010001001100001010101111011110101100000000000000000000000000000000010
1011010100101111011011110110010001000000000000000000000000000000000010
1010001010010011010110100110110100000000000000000000000000000000000010
1010010100001111110001010101101111000000000000000000000000000000000010
1011000110001100001000111001110010100000000000000000000000000000000010
1011001111110101111101010000101011000000000000000000000000000000000010
1010110101101101000001111110110101000000000000000000000000000000000010
1011110101010101111010100111001011100000000000000000000000000000000010
1010101000000111110100110011101101100000000000000000000000000000000010
1010100100101111101101110110110111100000000000000000000000000000000010
1010110110100001000001010100110101100000000000000000000000000000000010
1010001001101001101001010001000001000000000000000000000000000000000010
1010001010110101011011000110101101100000000000000000000000000000000010
1010001001111111011100010011101101100000000000000000000000000000000010
1010011110111101010011010101111011000000000000000000000000000000000010
1010001110110110011011111111100111000000000000000000000000000000000010
1010011011110010010111011100111110100000000000000000000000000000000010
1010000111110101110101001110000011100000000000000000000000000000000010
1010110010101010110010110110001011000000000000000000000000000000000010
1010101111110111010111110001111110100000000000000000000000000000000010
1010110010001100111001111010000011000000000000000000000000000000000010
1010001000011101110110100000100111100000000000000000000000000000000010
1010111100111000010100000000110101000000000000000000000000000000000010
1010100110100111010100110101111111000000000000000000000000000000000010
1010001011111100100011111011101101000000000000000000000000000000000010
1011011100111100011110110001000100000000000000000000000000000000000010
1011111100010110111101011110110000100000000000000000000000000000000010
1011001111001110000100100000111110000000000000000000000000000000000010
1010000101001111111110101011010110100000000000000000000000000000000010
1010111010010010010101010001101010100000000000000000000000000000000010
1010010010111001001101000100101010100000000000000000000000000000000010
1010000101011011111100000101000001000000000000000000000000000000000010
1011010011011010111101010110011100100000000000000000000000000000000010
1011001110000000000011001100011101000000000000000000000000000000000010
1011110101000101000001100011110001100000000000000000000000000000000010
1010011101100001100100110000011000000000000000000000000000000000000010
1010010101110001100100010010011100000000000000000000000000000000000010
1011101100001010010101001101100011000000000000000000000000000000000010
1010010111011001001001011100111000000000000000000000000000000000000010
1010010011101000001110101011101110100000000000000000000000000000000010
1010011100010111100001000101001000100000000000000000000000000000000010
1011000100110011100110111010000111100000000000000000000000000000000010
1010101100000001010110000010110100100000000000000000000000000000000010
1010101101000100110101000010011011100000000000000000000000000000000010
1011011110010001100111010110000110100000000000000000000000000000000010
1011100011000000000101100000100011000000000000000000000000000000000010
1010011101111101000001101111110011000000000000000000000000000000000010
1011111010001100101100100011111000000000000000000000000000000000000010
1011000110010001101011010000101101100000000000000000000000000000000010
1011001010011010011001000101011101000000000000000000000000000000000010
1010001011110011110100100011100011100000000000000000000000000000000010
1011001110011011010101101010111110100000000000000000000000000000000010
1010000001111011000101110000001101100000000000000000000000000000000010
1010000000001000110111111011100011000000000000000000000000000000000010
1010110000010010001010111100110011000000000000000000000000000000000010
1010011010001100100110101000011101100000000000000000000000000000000010
1011010100001010010001011010011000100000000000000000000000000000000010
1010001101001010110001001101011110000000000000000000000000000000000010
1011111000011011101011101101111100100000000000000000000000000000000010
1010000011010100011001000011011100000000000000000000000000000000000010
1011010110011000111110111010110110100000000000000000000000000000000010
1011010001011100010011011111011010100000000000000000000000000000000010
1010001011011110001001011101010100000000000000000000000000000000000010
1011100101100100110010111001011111100000000000000000000000000000000010
1010111101111100110100011100011101000000000000000000000000000000000010
1011100100101101101001110000100110000000000000000000000000000000000010
1010110101011011101101111110111000000000000000000000000000000000000010
1010110000010111000111010100001110000000000000000000000000000000000010
1010011011011001011010110011111000000000000000000000000000000000000010
1010010000011110111000110001011100100000000000000000000000000000000010
1011101000000110011111011011010000000000000000000000000000000000000010
1010110011111010010101110001101111100000000000000000000000000000000010
1010110011101010101110111100111111100000000000000000000000000000000010
1011100100111100000001010111001111000000000000000000000000000000000010
1011111001011011111010101111101101100000000000000000000000000000000010
1011000101001010100000101100100000000000000000000000000000000000000010
1010001110010111110101011111000011000000000000000000000000000000000010
1010000000110010010011110111011001000000000000000000000000000000000010
1011010000100100101101000101011010100000000000000000000000000000000010
1011000111001010101000111011010110100000000000000000000000000000000010
1010110101001010010110010101010101100000000000000000000000000000000010
1010001001101001111001111101001110000000000000000000000000000000000010
1011100001100101110010001011001100100000000000000000000000000000000010
1010100110011011100101101101001010100000000000000000000000000000000010
1010000010100110001111011111100110100000000000000000000000000000000010
1010100001011100101011111101101010100000000000000000000000000000000010
1011011111011001111110100001000100000000000000000000000000000000000010
1011111001010000101010101000010000000000000000000000000000000000000010
1010101111110100001001010101100000000000000000000000000000000000000010
1010010111011000000001110101111001100000000000000000000000000000000010
1010111001110111110011111010011001100000000000000000000000000000000010
1010000101100100111101111100001111000000000000000000000000000000000010
1011001011010110011001011111000101100000000000000000000000000000000010
1010011100011100100011111100010011100000000000000000000000000000000010
1010101111100011010110000110100110100000000000000000000000000000000010
1011101001111000110000100010010101000000000000000000000000000000000010
1010100010000011001101111111010011100000000000000000000000000000000010
1010010010110110100101110100011100100000000000000000000000000000000010
1010111110010100010010101001110100100000000000000000000000000000000010
1010000111101010010101110110111101100000000000000000000000000000000010
1010010110010010010101011001010001000000000000000000000000000000000010
1011000110001011110100111101110000100000000000000000000000000000000010
1011000001010001111011100011001000000000000000000000000000000000000010
1011110100100010001001101111110011100000000000000000000000000000000010
1011001011010001001100000100010010000000000000000000000000000000000010
1010010011010101101101111011011111000000000000000000000000000000000010
1010111000001100011111110010110100100000000000000000000000000000000010
1010010000001001110011010001110001000000000000000000000000000000000010
1010001000000010110011000101101001000000000000000000000000000000000010
1011010111011101010011000100101111000000000000000000000000000000000010
1011011110000100010111101110101111000000000000000000000000000000000010
1011010100111100000000101001100010000000000000000000000000000000000010
1011000001011001011110110111101110100000000000000000000000000000000010
1010111111010011101011101100111001100000000000000000000000000000000010
1010100010111110001000101000000010000000000000000000000000000000000010
1010011111101110000010011100001000000000000000000000000000000000000010
1011110000011010111101001100110000100000000000000000000000000000000010
1011010000010111111000100100101111000000000000000000000000000000000010
1010000110010001011101001001011100000000000000000000000000000000000010
1010000000110100111001011101111110000000000000000000000000000000000010
1010101000011001101110110011101010000000000000000000000000000000000010
1011010010101100011111101100111100000000000000000000000000000000000010
1011111111011011101011101101001110100000000000000000000000000000000010
1010000101010100101101011000010000000000000000000000000000000000000010
1010101100000110101111111010010101100000000000000000000000000000000010
1011001000101011001010010010110101000000000000000000000000000000000010
1010110100010001010111100101111100100000000000000000000000000000000010
1010100101000100011101111101111010100000000000000000000000000000000010
1011101111101101101010010001101000100000000000000000000000000000000010
1010000110000100000110010010101011100000000000000000000000000000000010
1011111010100001111011101101111000100000000000000000000000000000000010
1011010101110011100101111101100011100000000000000000000000000000000010
1010000111100011100110010110010111000000000000000000000000000000000010
1010001101111011110110100011011110000000000000000000000000000000000010
1010100101111110011110111000111110000000000000000000000000000000000010
1010111111111110100000111110001000100000000000000000000000000000000010
1011000010101000010011110110100001100000000000000000000000000000000010
1010010000101101010101100000000010100000000000000000000000000000000010
1010100110001000000000111101101011000000000000000000000000000000000010
1010001111001010110001110011101000100000000000000000000000000000000010
1011101010100100000110011111010111100000000000000000000000000000000010
1010101001011101000011100111111011100000000000000000000000000000000010
1011101001101010001100101100111010100000000000000000000000000000000010
1011001101100110000100101011001011000000000000000000000000000000000010
1011110001010110000110100110110000100000000000000000000000000000000010
1010110010110100101001100000000000000000000000000000000000000000000010
1010001110101000010011111101111000100000000000000000000000000000000010
1011010011010000010011011101100111000000000000000000000000000000000010
1011001001110001110110100011001111000000000000000000000000000000000010
1011000000111110010010100101110000100000000000000000000000000000000010
1011110000101100010101101101110001100000000000000000000000000000000010
1011001111010111001010100101101111100000000000000000000000000000000010
1010110010001001100010101000111000100000000000000000000000000000000010
1011101001010100110100110000110110100000000000000000000000000000000010
1011011111010011100001101100110010100000000000000000000000000000000010
1011000111010011001100010011100100100000000000000000000000000000000010
1011101010011010010011010011011100100000000000000000000000000000000010
1010000000001000011000011110111110000000000000000000000000000000000010
1010000110011010010111000101001110100000000000000000000000000000000010
1011101111111111010010000011001110100000000000000000000000000000000010
1010001100010100000010011011100101100000000000000000000000000000000010
1010000000111000101101010110010100100000000000000000000000000000000010
1011000001110001100000111100010011000000000000000000000000000000000010
1010111110100101111010101101100100100000000000000000000000000000000010
1011101111000010101001111001110111000000000000000000000000000000000010
1010010110100010100101001110011110000000000000000000000000000000000010
1010010011101000011111000111000110100000000000000000000000000000000010
1010100111110010101110111000001110100000000000000000000000000000000010
1010000101111100110000011101100010100000000000000000000000000000000010
1011001111000100111101000001001101000000000000000000000000000000000010
1010001001010111111110010101110110100000000000000000000000000000000010
1010100001101100101010111110111111100000000000000000000000000000000010
1011110001101111000011010111101001000000000000000000000000000000000010
1011010101010010011010011001001010000000000000000000000000000000000010
1011111001011101000001000100010010000000000000000000000000000000000010
1010000110001000100011011011011010100000000000000000000000000000000010
1010011100011110000110111111100010100000000000000000000000000000000010
1011001111110110000010010101000011000000000000000000000000000000000010
1011101111111100111010111000011111100000000000000000000000000000000010
1010101100010101111111111010011001100000000000000000000000000000000010
1011101010100111000101010111111001100000000000000000000000000000000010
1011110011100111110111111100011000100000000000000000000000000000000010
1010100100100011100010011111011011000000000000000000000000000000000010
1010110000100110000111101011100001000000000000000000000000000000000010
1011010100000001001101110001110100100000000000000000000000000000000010
1010001011101110110001000110101100000000000000000000000000000000000010
1011001010110111001101110010110111100000000000000000000000000000000010
1010001000011010000111000010000001100000000000000000000000000000000010
1010101110010001001111001010111111100000000000000000000000000000000010
1011010011110100000110100111000000100000000000000000000000000000000010
1011010001101001110110111010111000000000000000000000000000000000000010
1010010110101100100011001010110110000000000000000000000000000000000010
1010000110100010100110011100100100100000000000000000000000000000000010
1010110001001111110011010011110111000000000000000000000000000000000010
1010011000011000100111101111100110000000000000000000000000000000000010
1010101100101110101110001100110111100000000000000000000000000000000010
1011111111010010011100001100010110100000000000000000000000000000000010
1011001100100101110111011010111101100000000000000000000000000000000010
1010000000001000101100101100101010000000000000000000000000000000000010
1011010001000101011010111110110100100000000000000000000000000000000010
1010000011010000001101000000100111000000000000000000000000000000000010
1011011110110110101110110010110111100000000000000000000000000000000010
1011011011011111111001101011111000000000000000000000000000000000000010
1010100000110010100111101111010111100000000000000000000000000000000010
1010101011111000010010011000000001100000000000000000000000000000000010
1010000000101010011001001110101100000000000000000000000000000000000010
1010010101001101110000011001111110100000000000000000000000000000000010
1011101100001001011001001100001111100000000000000000000000000000000010
1011101011000100100011101010110010100000000000000000000000000000000010
1010010101110001001011010111111011100000000000000000000000000000000010
1010011010010000001000001010010010100000000000000000000000000000000010
1010011111010100000011010000010101100000000000000000000000000000000010
1010111100100000110011101111001011000000000000000000000000000000000010
1010010111101010111110110010000110100000000000000000000000000000000010
1010001001001000101011011000100010100000000000000000000000000000000010
1010101100100101010011111000100111000000000000000000000000000000000010
1011011010111000111101000010000111000000000000000000000000000000000010
1010001111010000011010100110101011100000000000000000000000000000000010
1010110100011110101000101000110001100000000000000000000000000000000010
1011100110111110101010010001100101100000000000000000000000000000000010
1011010110001000100100111110110111000000000000000000000000000000000010
1010110001001001011011010101010001100000000000000000000000000000000010
1010000001100011110110010011110000100000000000000000000000000000000010
1011100010000111000110111011010010100000000000000000000000000000000010
1010011000110101110000110101110001000000000000000000000000000000000010
1011100111010011111000100110001001000000000000000000000000000000000010
1010110000001100001101011010111101000000000000000000000000000000000010
1010001010110000010101111101001111100000000000000000000000000000000010
1010100000000100100110001111010001100000000000000000000000000000000010
1011000101011111011011101001101101000000000000000000000000000000000010
1011100111001000000111111001110101100000000000000000000000000000000010
1011100110001010100100110010000100000000000000000000000000000000000010
1010011010000111110100010011101100100000000000000000000000000000000010
1011011100001010010011100011001001000000000000000000000000000000000010
1010011111001100011010011101110001000000000000000000000000000000000010
1010110010111010001001000000011010000000000000000000000000000000000010
1010101110010010111001100101010011100000000000000000000000000000000010
1010101011010010111010010000010011100000000000000000000000000000000010
1011001001001010001111111101111111000000000000000000000000000000000010
1011000100110010010100000111011000000000000000000000000000000000000010
1010011100010100101001101001011010000000000000000000000000000000000010
1011100000001001001000110101100001100000000000000000000000000000000010
1011010010101000100100011000011001000000000000000000000000000000000010
1010011110110010101001101100110111100000000000000000000000000000000010
1011100110111111110100100101101101000000000000000000000000000000000010
1011011101110111101000011100101101100000000000000000000000000000000010
1010111101111111100110111011011011100000000000000000000000000000000010
1010001100101111001111100010111101100000000000000000000000000000000010
1010110010111100100010010101100010000000000000000000000000000000000010
1010000011010011001111110010101101000000000000000000000000000000000010
1011001010101010110010101100001000000000000000000000000000000000000010
1010101000000000111000111101110001100000000000000000000000000000000010
1010110110111001101101001101000110100000000000000000000000000000000010
1011110111000110010011011000101100100000000000000000000000000000000010
1010000001111111010000001010000110000000000000000000000000000000000010
1011000011110001011011101111100011100000000000000000000000000000000010
1010110100010011111001100110011110100000000000000000000000000000000010
1010011110100100100100000111010111100000000000000000000000000000000010
1011001010010110111110110110011101000000000000000000000000000000000010
1010001111101101011011001100100111100000000000000000000000000000000010
1010000101011010000000110100000000000000000000000000000000000000000010
1010000110110100111011111110100100000000000000000000000000000000000010
1010010000100001000100001000011000100000000000000000000000000000000010
1010110001101101011000110101111001100000000000000000000000000000000010
1010111100010110010001100111011011100000000000000000000000000000000010
1011111111111111101101100110110011000000000000000000000000000000000010
1011101010011110111001101110101011000000000000000000000000000000000010
1010110101101000000100000111000011100000000000000000000000000000000010
1011111001011000011000010010110001000000000000000000000000000000000010
1011011101011111100111110000010101100000000000000000000000000000000010
1011001010011010100110000101101101100000000000000000000000000000000010
1011000111010100011010000111111011100000000000000000000000000000000010
1010000000010001111101010110100111100000000000000000000000000000000010
1011010100100110000111011111000001100000000000000000000000000000000010
1010111011000000010001001111100001100000000000000000000000000000000010
1011100001110011011011001001111010100000000000000000000000000000000010
1010010110001010101011111001101101000000000000000000000000000000000010
1011011101000010100110110010001100000000000000000000000000000000000010
1011011011110100100010000001010111100000000000000000000000000000000010
1011100011010101101101010000111110000000000000000000000000000000000010
1010000101110011100111000010010101100000000000000000000000000000000010
1011010101110000100010010011100111100000000000000000000000000000000010
1011011111101100100011100101111011100000000000000000000000000000000010
1010101111010000101100110000011110000000000000000000000000000000000010
1010001110000001011011011110001100100000000000000000000000000000000010
1011001100010000000000110100001001100000000000000000000000000000000010
1011000000101000100001010011110110100000000000000000000000000000000010
1010110011000001010001010101011110100000000000000000000000000000000010
1010001001101100101011111010011100000000000000000000000000000000000010
1010000011101000110000000011011100100000000000000000000000000000000010
1011010100011000100010110100000001000000000000000000000000000000000010
1011110101000110000010100011010101000000000000000000000000000000000010
1010101101010110011100101000010010000000000000000000000000000000000010
1010011011000011001110111001000010000000000000000000000000000000000010
1011000100100101000101000111000000100000000000000000000000000000000010
1011101110011010100100111000010111000000000000000000000000000000000010
1011100001011100011000011101100101100000000000000000000000000000000010
1010011010111110100101111001001000100000000000000000000000000000000010
1011101011111100100110100100011010100000000000000000000000000000000010
1010101001110000011110011001011011100000000000000000000000000000000010
1011001010111001000000010110111011000000000000000000000000000000000010
1010010001001000001011111001011101100000000000000000000000000000000010
1011001001000011100111110111111000000000000000000000000000000000000010
1011100010101000000010100110001111000000000000000000000000000000000010
1011000010011001001001101011111111000000000000000000000000000000000010
1011010101110011000001111010101000100000000000000000000000000000000010
1010111010110101100111000000010010100000000000000000000000000000000010
1011011011111001111101011100111011100000000000000000000000000000000010
1010101000000001100001100010011010000000000000000000000000000000000010
1011011011001111110001100001110000000000000000000000000000000000000010
1010011010000010000010100100110011000000000000000000000000000000000010
1011110100100110010011011110000011000000000000000000000000000000000010
1011001011100000000101101101100000000000000000000000000000000000000010
1010110001000101001101100111111101000000000000000000000000000000000010
1010010001010001111011110111000001000000000000000000000000000000000010
1011000101100001110001001101101101100000000000000000000000000000000010
1011100010010000001001111100110011100000000000000000000000000000000010
1010001011100101010001010110111000000000000000000000000000000000000010
1010011001111111000010001111100111100000000000000000000000000000000010
1011111001110111100111001100111100100000000000000000000000000000000010
1010000000100011010110111100111110100000000000000000000000000000000010
1010000100010110111001010001000001000000000000000000000000000000000010
1010011101111100110101100000111111000000000000000000000000000000000010
1010100000001011100011111000110011000000000000000000000000000000000010
1010100110110011001100101011000010000000000000000000000000000000000010
1011011001100101000110111101001101000000000000000000000000000000000010
1010000010001011111111110100010100100000000000000000000000000000000010
1010111000010000000011100111101000100000000000000000000000000000000010
1010111011001010101111010101110010000000000000000000000000000000000010
1010010001000111110000010010110011000000000000000000000000000000000010
1011100011110111100011101101110101100000000000000000000000000000000010
1010010001100110111110100001110011100000000000000000000000000000000010
1011010010010111111001101111000010000000000000000000000000000000000010
1010010001101011101000001001100001100000000000000000000000000000000010
1011101110011011101111110001001110000000000000000000000000000000000010
1010100001010110011111000011111000100000000000000000000000000000000010
1011000110110000111110010111001110000000000000000000000000000000000010
1010010000010000001001101011010010000000000000000000000000000000000010
1010111001111101111001000000010000100000000000000000000000000000000010
1011011000100111011101101101001101000000000000000000000000000000000010
1011010101100100011001000001111110000000000000000000000000000000000010
1010010000001111011111011101000111100000000000000000000000000000000010
1010010010111011100001010100001111000000000000000000000000000000000010
1011100111010111000100011111110001100000000000000000000000000000000010
1010101000010101101001110101111010100000000000000000000000000000000010
1011111111010111000101001000011011100000000000000000000000000000000010
1011111001110011011100000010001001100000000000000000000000000000000010
1010000101110010010100000111101101000000000000000000000000000000000010
1011110100001001010011101011101011000000000000000000000000000000000010
1011000011001110111101100101101011000000000000000000000000000000000010
1011101000101001110101111001101001100000000000000000000000000000000010
1011001110000010101101101011100001100000000000000000000000000000000010
1010101000011000101001010110110111000000000000000000000000000000000010
1011110101100111000111000100100000000000000000000000000000000000000010
1011100110100111000010110100000110100000000000000000000000000000000010
1010001101010101111111100111100110100000000000000000000000000000000010
1010111100001000000000100111011001100000000000000000000000000000000010
1011000011110001100101011100111100000000000000000000000000000000000010
1010110101111100011000001100110101000000000000000000000000000000000010
1011010010000100100101011010001100100000000000000000000000000000000010
1010001100000110001001010000100101100000000000000000000000000000000010
1011011100011010001111111101011100100000000000000000000000000000000010
1010100010001111000101110110101010100000000000000000000000000000000010
1010011100101101001110110110001001000000000000000000000000000000000010
1011000110101000100000101111001010100000000000000000000000000000000010
1010011011011010001111011101101001100000000000000000000000000000000010
1011111011000000000010101111111100000000000000000000000000000000000010
1010110001011010110000111000010101000000000000000000000000000000000010
1011110111101000011001000000010000100000000000000000000000000000000010
1011001000011110011111100011001001000000000000000000000000000000000010
1011010000110111010001101001111011100000000000000000000000000000000010
1010010010101100100011100010111001000000000000000000000000000000000010
1010100011100100000011101001101100100000000000000000000000000000000010
1011111000001000000000111101100111100000000000000000000000000000000010
1011010011000100010110000011101100100000000000000000000000000000000010
1010111011000111001000001100000111000000000000000000000000000000000010
1011111110001110010111100001010001000000000000000000000000000000000010
1010110100001011110011111110010010000000000000000000000000000000000010
1011110011100110001101011110001011100000000000000000000000000000000010
1010000110111000001110110111000100000000000000000000000000000000000010
1010010001100100010011001101101000100000000000000000000000000000000010
1010011011100011010110110110110010000000000000000000000000000000000010
1010011110001010001110101010010001100000000000000000000000000000000010
1010100110101101001000111101110010000000000000000000000000000000000010
1010111000001110100111110100111110000000000000000000000000000000000010
1011110101100001000001001000010100000000000000000000000000000000000010
1011101011101010000011010010100101100000000000000000000000000000000010
1010100011111000111100001111010111100000000000000000000000000000000010
1010110101010100010111100100001111100000000000000000000000000000000010
1011010110100111101010011001110010100000000000000000000000000000000010
1010010101111111001000100111110100000000000000000000000000000000000010
1011110010111111100001001001110010100000000000000000000000000000000010
1010100101001001100101010001001000000000000000000000000000000000000010
1011000110111110111000010100011100100000000000000000000000000000000010
1011111101101000110111000001101101000000000000000000000000000000000010
1010100000000101110111011100111110100000000000000000000000000000000010
1011000010101011100100110101011000100000000000000000000000000000000010
1010111010101001010001110001100101000000000000000000000000000000000010
1011111100011011101001111001101001000000000000000000000000000000000010
1010010110101011110001000000010100000000000000000000000000000000000010
1010100111000001100110111011100101100000000000000000000000000000000010
1010100010111000101001000101101010000000000000000000000000000000000010
1010011111110101110100001000101011000000000000000000000000000000000010
1010000010001100100010011101101000100000000000000000000000000000000010
1010010001111001010101110101000111000000000000000000000000000000000010
1011010011110000100001000011010001100000000000000000000000000000000010
1011100001011000101110010011101101000000000000000000000000000000000010
1010111111000011001110101011001111100000000000000000000000000000000010
1010011101101110000010110111001110000000000000000000000000000000000010
1011110011000011111011111001101010100000000000000000000000000000000010
1010011000101110001011111010000100100000000000000000000000000000000010
1011010000010111010001001101001100000000000000000000000000000000000010
1010000101001011111110001101001010100000000000000000000000000000000010
1010111110010110000111110110100111000000000000000000000000000000000010
1011010100111100010100110010110001000000000000000000000000000000000010
1010011000100110001010001101001011100000000000000000000000000000000010
1010011101100100010111101000001111100000000000000000000000000000000010
1011110001000111000001000101100010000000000000000000000000000000000010
1010000001111001111101010011111101100000000000000000000000000000000010
1010110110111101110110001100011101100000000000000000000000000000000010
1011111100100001010100100111011101100000000000000000000000000000000010
1010011101110111000001011111101110000000000000000000000000000000000010
1010011000111000010010110110001111000000000000000000000000000000000010
1011011101000111010011000100100011100000000000000000000000000000000010
1011100000000110010101010111000011100000000000000000000000000000000010
1011011111100000001110010000110101000000000000000000000000000000000010
1010000011001101011010111010000101000000000000000000000000000000000010
1010101101000111001010101010101111000000000000000000000000000000000010
1011000000011100010111000111011000100000000000000000000000000000000010
1010011000101010100100010000100011000000000000000000000000000000000010
1011011001100110001100111001101101000000000000000000000000000000000010
1011011101000000101100100110111000100000000000000000000000000000000010
1011110001101101001111111001001001000000000000000000000000000000000010
1011011000001000110001111001100110100000000000000000000000000000000010
1010110000010101101011011000100100000000000000000000000000000000000010
1010011001010000001110110100110111100000000000000000000000000000000010
1011010100001011011000000111110000000000000000000000000000000000000010
1011010101111000111110011010110001000000000000000000000000000000000010
1011111101001011001000011001000110000000000000000000000000000000000010
1011010010011101001111111101000100100000000000000000000000000000000010
1011000100000100010101110001101011100000000000000000000000000000000010
1011000111111101101101110101101111100000000000000000000000000000000010
1010100011111101000101100010011110000000000000000000000000000000000010
1011001100011101110101000110011010000000000000000000000000000000000010
1011000001100011010111010000001100100000000000000000000000000000000010
1011010000110101101111111001001001100000000000000000000000000000000010
1010110101111110101000011100100011000000000000000000000000000000000010
1011101100001100001111010000010100100000000000000000000000000000000010
1010000011100010100101101000010101100000000000000000000000000000000010
1011111111011101001111000111110110100000000000000000000000000000000010
1010100101101000011111100011010000000000000000000000000000000000000010
1010010101011000010011001101011011000000000000000000000000000000000010
1010010000100010010000110001001100100000000000000000000000000000000010
1010000001000111111011101011011100100000000000000000000000000000000010
1011100000110001101100100101011011000000000000000000000000000000000010
1010110101010110101011111111101111000000000000000000000000000000000010
1010000111110000001010001111111001100000000000000000000000000000000010
1011100101001011010100100010111111100000000000000000000000000000000010
1010110111100100111111001011101100100000000000000000000000000000000010
1010110000000110001111110000101111000000000000000000000000000000000010
1011010111001110100000001110011111100000000000000000000000000000000010
1011000111101000001100110011111110000000000000000000000000000000000010
1010010100010011000111000110001001000000000000000000000000000000000010
1010110110010011001011110001011111000000000000000000000000000000000010
1010100000100010010011010010111111000000000000000000000000000000000010
1011101100010110011110111000110110100000000000000000000000000000000010
1011100000000100100010101011000101100000000000000000000000000000000010
1010001111001110001110011100011111000000000000000000000000000000000010
1010000110110010100001101011011000100000000000000000000000000000000010
1010001001001110000101111011111011000000000000000000000000000000000010
1010111001010100100001010110101001100000000000000000000000000000000010
1010000100110101101010010000011100000000000000000000000000000000000010
1010100010000010100111010111111100100000000000000000000000000000000010
1011010011010001010010101110110011000000000000000000000000000000000010
1011011100001011000000000111001011000000000000000000000000000000000010
1011110110101100000000011011111110000000000000000000000000000000000010
1010111100000100110010110001010111100000000000000000000000000000000010
1011111100111010000110001110011100100000000000000000000000000000000010
1010000000111110110001010110010010000000000000000000000000000000000010
1010000000010111000110001010101101000000000000000000000000000000000010
1011010110010110000101001110110111000000000000000000000000000000000010
1011000010001110011011101010010011000000000000000000000000000000000010
1010001111001010110001010011100000000000000000000000000000000000000010
1011111110010111010000101111110110000000000000000000000000000000000010
1010011100000010110000111001000100000000000000000000000000000000000010
1010101010010010100011111101101101000000000000000000000000000000000010
1011101001110111110011110000001101100000000000000000000000000000000010
1011010000110001010000001101001110100000000000000000000000000000000010
1011000001000000100001111110101110000000000000000000000000000000000010
1010100001010110000011000100110110000000000000000000000000000000000010
1011001100001100000010010010100011000000000000000000000000000000000010
1011011000010111010111001111110111100000000000000000000000000000000010
1011110100111101000000000001101000100000000000000000000000000000000010
1010000000001000101001111111111101000000000000000000000000000000000010
1010110101111111110011010110001111100000000000000000000000000000000010
1010111011010100100000100111010001100000000000000000000000000000000010
1011101000100010011000101110010000000000000000000000000000000000000010
1010000110011010100000100000101100000000000000000000000000000000000010
1010011110010000001100111111101101100000000000000000000000000000000010
1010001001110100110100110101100010000000000000000000000000000000000010
1011101011110000100111100110111001100000000000000000000000000000000010
1010010100111101000001000100100001100000000000000000000000000000000010
1010010011000011100010010010100011000000000000000000000000000000000010
1011010111101100111000100110110001100000000000000000000000000000000010
1011001000000000011110010011001100000000000000000000000000000000000010
1010010110011000011001010001100110000000000000000000000000000000000010
1011111111110111010110010101111100100000000000000000000000000000000010
1010000010110100100011101000110000000000000000000000000000000000000010
1010010010000001100010001000110100100000000000000000000000000000000010
1010001100101101100010111000110000000000000000000000000000000000000010
1010110011110111100011101110101101100000000000000000000000000000000010
1011001010001101001010001000100001100000000000000000000000000000000010
1010000010100000101001111011111111000000000000000000000000000000000010
1011010001010001010110000110101110100000000000000000000000000000000010
1010001011100001000110011100100110000000000000000000000000000000000010
1011101011110100100011001101100110100000000000000000000000000000000010
1011010000101010011111011100111010000000000000000000000000000000000010
1010111000110001010010100100101101000000000000000000000000000000000010
1010111010011011111111111100001000100000000000000000000000000000000010
1011000011100110110111000011111001100000000000000000000000000000000010
1011110011100000000001101000011000100000000000000000000000000000000010
1010001100000101100100111011110010100000000000000000000000000000000010
1011001000111110011000011001101111000000000000000000000000000000000010
1011011010101101010000001100011111100000000000000000000000000000000010
1010100000101000001011111011111110100000000000000000000000000000000010
1011111011010101000010000111000001000000000000000000000000000000000010
1010011000101001001111111100111001100000000000000000000000000000000010
1011110010000010000100100000110101100000000000000000000000000000000010
1010101010110101111001110111100001100000000000000000000000000000000010
1010000011100000100100101000010000000000000000000000000000000000000010
1011001000110111110001001000100111000000000000000000000000000000000010
1010111010000110111000100111001110100000000000000000000000000000000010
1011000001110101010101000100011010100000000000000000000000000000000010
1010001001111011101110111101010000100000000000000000000000000000000010
1010000011101000000000011000000111000000000000000000000000000000000010
1011111111110111110110100100010110100000000000000000000000000000000010
1011000100100001001100110101110001000000000000000000000000000000000010
1010110110011111100010101110011101100000000000000000000000000000000010
1010011010000011101110011010010111100000000000000000000000000000000010
1011010100000000010100000011100011100000000000000000000000000000000010
1011100001111101001101001110000101000000000000000000000000000000000010
1011110111100011011100111011101100100000000000000000000000000000000010
1010100010101100000101101010000111000000000000000000000000000000000010
1011100010010011011010000110010110100000000000000000000000000000000010
1011110100111000000100101111110110000000000000000000000000000000000010
1010010010000001011001111100110111100000000000000000000000000000000010
1011110101101001111111110010011100100000000000000000000000000000000010
1010011010011010010011110100001111100000000000000000000000000000000010
1010000110110000011011011110010111000000000000000000000000000000000010
1011110100010000100000001110100100100000000000000000000000000000000010
1010101011001101000001101011100010100000000000000000000000000000000010
1010000100110101111010001010001101100000000000000000000000000000000010
1010100100001010010100000011111110000000000000000000000000000000000010
1010001010101011010010100100110100100000000000000000000000000000000010
1011010110001111111011011001110111000000000000000000000000000000000010
1010000010011010011101111010011111100000000000000000000000000000000010
1011110010010110110111011110101111000000000000000000000000000000000010
1011101001111110100100100100011111100000000000000000000000000000000010
1010011111001111110111110000011110000000000000000000000000000000000010
1010000111100000000000001110011000100000000000000000000000000000000010
1011010110111000000001001110010110100000000000000000000000000000000010
1010100100010010010011101100101010000000000000000000000000000000000010
1010010110010010110101100001111111000000000000000000000000000000000010
1010110000101011010001111111111000100000000000000000000000000000000010
1010111001000010111111011010100110000000000000000000000000000000000010
1010010010110101111110001110100001100000000000000000000000000000000010
1010101100000001110001111100001001100000000000000000000000000000000010
1011110111101000011110001110011011000000000000000000000000000000000010
1011100010011100011100110111111100100000000000000000000000000000000010
1010101100101100100000111111111010000000000000000000000000000000000010
1010000010001011001011010011010001000000000000000000000000000000000010
1011100000100100111111100101000111100000000000000000000000000000000010
1011001001011011000110101110011100000000000000000000000000000000000010
1010110010000001011100110111010001100000000000000000000000000000000010
1011010100011000001010110111011111100000000000000000000000000000000010
1010100100000100000000011101010001000000000000000000000000000000000010
1010100111110011000111110100011110100000000000000000000000000000000010
1010101101001100100101101010011111100000000000000000000000000000000010
1010101000110101011011010011111011000000000000000000000000000000000010
1011011011100111001000110010000110000000000000000000000000000000000010
1011101011101100000011000110000000000000000000000000000000000000000010
1010001100000100000110100110000111100000000000000000000000000000000010
1011001001010011110000101111110110100000000000000000000000000000000010
1010001010110001101100001001001011100000000000000000000000000000000010
1011011000100000101011001110110101000000000000000000000000000000000010
1010101111100010101010000011011001100000000000000000000000000000000010
1010000010110000101100101111111001100000000000000000000000000000000010
1011101111001000110101101001001101000000000000000000000000000000000010
1011001011101101000111101010000011000000000000000000000000000000000010
1010000111000010000000110010110000000000000000000000000000000000000010
1010101011110111000110000110110110100000000000000000000000000000000010
1010101100000000110011001100010000000000000000000000000000000000000010
1010011100100111001111001101011110100000000000000000000000000000000010
1010010010001010111000100110101101100000000000000000000000000000000010
1010101101100000111000000101110011100000000000000000000000000000000010
1010101111111011101101100001001101000000000000000000000000000000000010
1011000110100011011111000010001011100000000000000000000000000000000010
1011100111100101001110100101110001000000000000000000000000000000000010
1011000100000000000000100100111100000000000000000000000000000000000010
1010111011001101001111010010110110100000000000000000000000000000000010
1010000010110111000111001000011010000000000000000000000000000000000010
1011001000111001101000100110111010000000000000000000000000000000000010
1010001010110010111001111100011111100000000000000000000000000000000010
1010000100110110110100101111010101000000000000000000000000000000000010
1011000110110011001101111011011100000000000000000000000000000000000010
1011111111001111010101110001100011000000000000000000000000000000000010
1011111010010010110100001111100000100000000000000000000000000000000010
1010101000000000101110110111000101100000000000000000000000000000000010
1011111110110010110011001110111011100000000000000000000000000000000010
1011111001001000101010100100011001000000000000000000000000000000000010
1011010010010011010111001001111111000000000000000000000000000000000010
1010000100000101101111010111101011100000000000000000000000000000000010
1010100011110100011010011101010111100000000000000000000000000000000010
1011000101111011101011010000100000000000000000000000000000000000000010
1010100111100001000110001001100011100000000000000000000000000000000010
1010110000111001101000101110001000100000000000000000000000000000000010
1011101001100110011110010011001011100000000000000000000000000000000010
1011001001001010000111100001100001000000000000000000000000000000000010
1010010110101010011110101011111011100000000000000000000000000000000010
1010110100110111111010000001010110100000000000000000000000000000000010
1011101100110100100111101111011111100000000000000000000000000000000010
1011000110111101101110101100010011000000000000000000000000000000000010
1011111111001100000100100101010111000000000000000000000000000000000010
1010011010101111100000111010001010100000000000000000000000000000000010
1010111000000110011000000111111000000000000000000000000000000000000010
1011100010100100100110010100101001000000000000000000000000000000000010
1010000111100110010010100010100111000000000000000000000000000000000010
1011000001010011110010010001001101100000000000000000000000000000000010
1011111000010011110111010101100110000000000000000000000000000000000010
1010000011111100000101100010110110000000000000000000000000000000000010
1011111000010100000001101011000011100000000000000000000000000000000010
1010101111111010011110111100001111100000000000000000000000000000000010
1011000110010000011111010110010101000000000000000000000000000000000010
1010111010011011010100001101001001100000000000000000000000000000000010
1010100101100001110010111111100111000000000000000000000000000000000010
1011010011000110011001110001101011100000000000000000000000000000000010
1011110010011000011111011011101001000000000000000000000000000000000010
1010101000110001000101000011110110000000000000000000000000000000000010
1011110010011101001011101110001011100000000000000000000000000000000010
1011001010111111010101001101111111100000000000000000000000000000000010
1010000110000100111011000001111111100000000000000000000000000000000010
1010101010010101010101010010111111000000000000000000000000000000000010
1011100110101101010001111111110100100000000000000000000000000000000010
1011111101011110100101001011100110100000000000000000000000000000000010
1010110001001010010100011011100000000000000000000000000000000000000010
1011011000111011001111100110110111100000000000000000000000000000000010
1011110100101001011110011111100110100000000000000000000000000000000010
1011110011111101110001010010100111100000000000000000000000000000000010
1011111001000111001011101110101110100000000000000000000000000000000010
1011101011000101011001101111010110100000000000000000000000000000000010
1010011000101000110001111110010001100000000000000000000000000000000010
1011010111001110010000111101101100000000000000000000000000000000000010
1011000100000000011010110001001101000000000000000000000000000000000010
1011010010111111111111011010011001000000000000000000000000000000000010
1010100100111001111001101101011001000000000000000000000000000000000010
1011010100011001010110000100110011000000000000000000000000000000000010
1011111000011010001111011011111100000000000000000000000000000000000010
1010100010111100111000100111011001000000000000000000000000000000000010
1011101000011100001000111110100101000000000000000000000000000000000010
1011010000000110100110101111011001000000000000000000000000000000000010
1010111001111100000100010100001111100000000000000000000000000000000010
1011000000000100000111011001111001000000000000000000000000000000000010
1010100000101111111101001001111010000000000000000000000000000000000010
1011011011111000100001000110000101000000000000000000000000000000000010
1011110100001011101010010001101000100000000000000000000000000000000010
1011100011101100011101111111001110100000000000000000000000000000000010
1011011100000101000100110010010111000000000000000000000000000000000010
1010110001000010011100010110111001100000000000000000000000000000000010
1010010000011101001011110100111011100000000000000000000000000000000010
1010111011111000100111100101011111100000000000000000000000000000000010
1010011100010011110011111101110010000000000000000000000000000000000010
1010001111110110111000100000101011100000000000000000000000000000000010
1011011100110010010010110001101101100000000000000000000000000000000010
1011001001000111010111010001100100100000000000000000000000000000000010
1011111110010010001011010000110100100000000000000000000000000000000010
1010001110001100010111001001010101100000000000000000000000000000000010
1011011110111001101111110001101011000000000000000000000000000000000010
1010011110101100010111111101110011100000000000000000000000000000000010
1010111011010101001101100101010111000000000000000000000000000000000010
1010010110111000010010110111111101100000000000000000000000000000000010
1011001110101100000001111111100101000000000000000000000000000000000010
1010011010100111111110111010111111100000000000000000000000000000000010
1011111000000010011111000011011001000000000000000000000000000000000010
1010001100101100000100001000110001000000000000000000000000000000000010
1010001010000011100100101000001011100000000000000000000000000000000010
1010001010010101001010001101000011100000000000000000000000000000000010
1010010101000011101001100001001101100000000000000000000000000000000010
1010100011011010000111101101111110100000000000000000000000000000000010
1011101000110001100111111111011111100000000000000000000000000000000010
1011110010010101011100011011101010100000000000000000000000000000000010
1011111101100100011000110000011110000000000000000000000000000000000010
1011101101101100010101111110000001100000000000000000000000000000000010
1011001000111001000010000111010010000000000000000000000000000000000010
1011011010000100000111001000001011100000000000000000000000000000000010
1010011100001010110101011110101001100000000000000000000000000000000010
1010000111011100111011011101001111100000000000000000000000000000000010
1010001011011101010111010010110110000000000000000000000000000000000010
1011100001001000110111001010001011100000000000000000000000000000000010
1010001011000101110100101101101111100000000000000000000000000000000010
1010110010001101000111011110011101100000000000000000000000000000000010
1011011001101010001010110010011111100000000000000000000000000000000010
1010110001010101111101001111000001000000000000000000000000000000000010
1011110011011000111001011110101011100000000000000000000000000000000010
1010100010000001101001001101110010000000000000000000000000000000000010
1010110100010000100111011001011110000000000000000000000000000000000010
1011010101001010010011000111000010100000000000000000000000000000000010
1011111100110101110000011111101111100000000000000000000000000000000010
1010010010001100001000000010011000000000000000000000000000000000000010
1010011010101110011100010000110010100000000000000000000000000000000010
1011101101111010101101010001110011100000000000000000000000000000000010
1011100001001011000011001101011011000000000000000000000000000000000010
1011011000000111101111011100101111000000000000000000000000000000000010
1011010000110000101011000111000101000000000000000000000000000000000010
1011010111111110001000010011001111100000000000000000000000000000000010
1010111001101101111001011111001101000000000000000000000000000000000010
1010011100011010101101110001100000000000000000000000000000000000000010
1010111101101001001111101101110011000000000000000000000000000000000010
1011100011000000100001111100110011100000000000000000000000000000000010
1011110110110010010100111111111100100000000000000000000000000000000010
1011110000101101101110000011011010000000000000000000000000000000000010
1010101010010111110001101111101101100000000000000000000000000000000010
1011001011001000110101101010100001000000000000000000000000000000000010
1010101110100010000010100111010110100000000000000000000000000000000010
1011100101101011010100101011101011000000000000000000000000000000000010
1010011100001111001110101110100011000000000000000000000000000000000010
1010100101001110000011111101111010100000000000000000000000000000000010
1011110011000011010111111111000000100000000000000000000000000000000010
1011111100110011001101111000010010000000000000000000000000000000000010
1010011000110000100000011101011101000000000000000000000000000000000010
1011001011001010001111010001111100000000000000000000000000000000000010
1011111101000111001110101111100000100000000000000000000000000000000010
1011110101111001001000110101111000100000000000000000000000000000000010
1010101111111100001101001010101011000000000000000000000000000000000010
1010101101010011011100011001011110000000000000000000000000000000000010
1010011111011100001111100110000110000000000000000000000000000000000010
1010111001100001000010011100001001000000000000000000000000000000000010
1010011001010111111101101111001111000000000000000000000000000000000010
1011100000001010000010000101100011100000000000000000000000000000000010
1010000111110000001010100110000000100000000000000000000000000000000010
1011011010110000000011000111100011100000000000000000000000000000000010
1010101011010100000100100000101110100000000000000000000000000000000010
1010100000110000010011001101101111100000000000000000000000000000000010
1010001111110111010011000100101100100000000000000000000000000000000010
1010111011000011010101110111100001100000000000000000000000000000000010
1010110001000110000101001101000110100000000000000000000000000000000010
1011100100000000111110011100101010100000000000000000000000000000000010
1010111001110111011001111010111010100000000000000000000000000000000010
1011011010111100100011110110000000000000000000000000000000000000000010
1010110110110101110100011010101011100000000000000000000000000000000010
1011100001011101100011011011100001100000000000000000000000000000000010
1010000111110101101110111010011011100000000000000000000000000000000010
1010111100100011010001010010010101000000000000000000000000000000000010
1011111100010000101111000100101110100000000000000000000000000000000010
1010000000101100010011100011010010100000000000000000000000000000000010
1011010001010111000111001111110110100000000000000000000000000000000010
1010110001110000110111010110011111000000000000000000000000000000000010
1010000111011110110101100001010011100000000000000000000000000000000010
1010110001011001110011010011001111000000000000000000000000000000000010
1011000000010101010001101001011011100000000000000000000000000000000010
1010010100101101100001110011011100000000000000000000000000000000000010
1011101000011010110011010010110111100000000000000000000000000000000010
1010010000101000111010000011110001100000000000000000000000000000000010
1011001100010101100011010001110111000000000000000000000000000000000010
1010011100100110011001011011110000100000000000000000000000000000000010
1011101011111000010100001001010011100000000000000000000000000000000010
1011010001010000111101000001100010000000000000000000000000000000000010
1011001001001001010110110111001001100000000000000000000000000000000010
1010101010010100001000010001000100100000000000000000000000000000000010
1011000001001100111100110010001010100000000000000000000000000000000010
1011100010010001111100100000010000100000000000000000000000000000000010
1010000000000001101001011111001101000000000000000000000000000000000010
1010010111001010011000010011011011100000000000000000000000000000000010
1011100110101011010001110110010000100000000000000000000000000000000010
1010011100010011100101001100100001100000000000000000000000000000000010
1010000100000001110000110101001111100000000000000000000000000000000010
1011001011100001000011001010111100100000000000000000000000000000000010
1011010011111101010110110000110001100000000000000000000000000000000010
1011101101110010100110011100011000100000000000000000000000000000000010
1011100111001000001110011110110101100000000000000000000000000000000010
1010100110010000100011100101010001100000000000000000000000000000000010
1010001011111000010000110110111011100000000000000000000000000000000010
1010110110010011000100110101100001000000000000000000000000000000000010
1011111110101000010011111111011011100000000000000000000000000000000010
1011011010111001101110110010111110100000000000000000000000000000000010
1011100101111001100100001101111100100000000000000000000000000000000010
1010110001100000100100111010001010000000000000000000000000000000000010
1011111001001101011100001101001000000000000000000000000000000000000010
1010100010001011001111110000010011100000000000000000000000000000000010
1011000100110110010011001110111110000000000000000000000000000000000010
1010101110011110110011111111100011100000000000000000000000000000000010
1011111110000000010111101011010010100000000000000000000000000000000010
1010100010101000000111100111110111100000000000000000000000000000000010
1011011000110011000101110111001101000000000000000000000000000000000010
1010010010100110000110111011111010000000000000000000000000000000000010
1010100110111011111001000110111011100000000000000000000000000000000010
1011000100000001011100101111010110000000000000000000000000000000000010
1010100001100110110101110011010101100000000000000000000000000000000010
1011100001011110101011101010000111100000000000000000000000000000000010
1010001110111000000001110010111111100000000000000000000000000000000010
1010000010110011101110000101010101000000000000000000000000000000000010
1011111010110111001000011010101011100000000000000000000000000000000010
1010001101100011010111101010100001000000000000000000000000000000000010
1011110011010101010010010000101100100000000000000000000000000000000010
1010000011000000111100111011100110000000000000000000000000000000000010
1010001100101101001001101100001110000000000000000000000000000000000010
1010101000110100101111001110100011100000000000000000000000000000000010
1011000110111110010000110011100110000000000000000000000000000000000010
1010100001111110101011111100101011000000000000000000000000000000000010
1011111011011010010000010111101111000000000000000000000000000000000010
1010110111100111010111100110001011100000000000000000000000000000000010
1011111000111100001111111100001111000000000000000000000000000000000010
1010001000011110010001101110000000100000000000000000000000000000000010
1010000111000001100000010100111110100000000000000000000000000000000010
1010110001101110110001110100000100000000000000000000000000000000000010
1011111110010010011011110011110110100000000000000000000000000000000010
1010011000001101100000001000110010100000000000000000000000000000000010
1011000110110010000100001011001111000000000000000000000000000000000010
1010101001111100111000000100001010100000000000000000000000000000000010
1011110010110000101101111011100110000000000000000000000000000000000010
1010001010000011111010010000101111100000000000000000000000000000000010
1010110110001100100001110101110100000000000000000000000000000000000010
1011011001111101110011001100101101100000000000000000000000000000000010
1010011100001010101011100010100010100000000000000000000000000000000010
1010111110101100101110111111110110100000000000000000000000000000000010
1011100001011110111011001111001100100000000000000000000000000000000010
1010100000011010001011001100001111100000000000000000000000000000000010
1010110010110011000101010111010000000000000000000000000000000000000010
1010001001000011101011010011110101100000000000000000000000000000000010
1011000110010110110010111101011100000000000000000000000000000000000010
1010000000100000000110110111001001100000000000000000000000000000000010
1010011000100001100111110100000100000000000000000000000000000000000010
1010101110011100011110101010001001100000000000000000000000000000000010
1010001011011011001100010110001101100000000000000000000000000000000010
1010110001100010001100011001111111000000000000000000000000000000000010
1010100001001010011100111010010010000000000000000000000000000000000010
1010001101111010111111011011001001000000000000000000000000000000000010
1010000110110010001110101000010110000000000000000000000000000000000010
1011010001101010110101000101101111100000000000000000000000000000000010
1010011110001001000101100100101110100000000000000000000000000000000010
1011001100111110111100011010101011000000000000000000000000000000000010
1011000000111101011111111001111010100000000000000000000000000000000010
1010100101111000101111110100010110100000000000000000000000000000000010
