1011001100010011110111101010010000001100111011011101010010010111101010
1011011001000011110101010000001111100000000011100010100011001110100010
1010010000001010010000000110000000000010001100000001011110000001001010
1011110001110101110011100101111111001010001011111101110110001100101010
1011100010010011111100110110100001001011100000010110110010010001011010
1010101111111001010101011110100111000101101010110111010110110000101010
1011101001101101100101100111000100000111101011110110011001101001001010
1011101000011110100111001101000001111010111100111011110110101111110010
1010010100010100111100101100101110111110001100000010111011001111101010
1010111101100110000101110101111001010001010110110011000011100100000010
1011000010101000110001010111001110010110001110101100011001011110101010
1010000011111011110010111110110011100011010110101111111000011111100010
1010110101010100101001000100101001100111011010111100110001110011010010
1010111101001001100000001000101100000000100010000010010001001101011010
1010110001100000111001110011010110001011101011011100100110010110011010
1011101111110100011011001111101101010000100010011100011000010011100010
1010001100010110001000100001001000001110011011011110111111110001001010
1010110110001110100111101100100110010110010000100001110110111101001010
1010110111000111110100110010100010001111111001001101101010110100000010
1010001011011010111011101100110100111001010010010010101011000000010010
1010000110110101001100000101000101000100111010110000110011110010010010
1010010111000010010101001111010111101100010110100000101000011110111010
1011110000011100100111110110110110000111000000001001001011011010001010
1010011011111111110111111111101011110111011011001001100011000111011010
1010011001010000100011111000110101101001011011010110010011111111101010
1011101001011111101000000011010110001000100010001010110110101001110010
1010010010000100000100000001111110000000010111001101101010001100010010
1011001110100001001010110101000000110111001001100111001101000001101010
1011111011001101000101111100010101000011001010010101111001101101001010
1011001111011101100001000101110110111000111011100111100101111011101010
1010111101110110010010110111001011011000011101101011011001100000010010
1011110010100011101010001011100000111100011110100110110011001001110010
1011110010000100111110100000111100011101011000110000111011001110011010
1011110111001011100100111100011011010001100100000111101011011010001010
1010100010101011010001000001110001111011010110000011011011001001111010
1011111001111001011100101010100001110000000010001000001011010000000010
1011001111101010101100000010011011001111111000011101110111000000101010
1011001000100000100001110111000100101010100110100111001011101110011010
1010000011010100001000101010110100110011010100000100011101110011010010
1010100111111110101010001110110110110110100111010011000111110001010010
1011000101000110000000100010001011001010101010110001001111100000110010
1010001111100000101010111100010010101011101101110101000111100011110010
1010001110101000010010101011101111011100000111010100100111010100110010
1011101001001110100000110001010111110101101110101101001000111011000010
1010000010100100000000111001001010101011111011000101010110100011100010
1010010011110101110011100101111010000000111100011000101111101101110010
1011100100111010000110010010111010000101111101011100010011011101100010
1010101011100000110110010110110111010101000110000001101001111001000010
1010110111100001100000001011001111000010100000110010000000000010111010
1010011111111110101001110011011011101101001100010001110001100011000010
1010110100110011011110010110000111000001011110010010001010001110101010
1010001111100110100011010010110011010101001110011000001010110001001010
1011010010110010101000000111110011011011110001011101000101100000101010
1011110100100110110001110100001111100001111001011101110011111111100010
1010001101110000010000011101100111001011010110011100011001011100101010
1011000001000100000111000001101000100101001101011010100110101010111010
1010101010111111100100100001011001000011111010001111011011010100100010
1010111001011100110011001011011000001011101100100011010010000010000010
1010100011110111010010110001101010110010111011111111111011110111001010
1011110100110000000110000010000100100101101011010010111000001100010010
1010011100011110001100011011111110101010110111011110011000100001110010
1010110000000000010011010000111001101001010101010000110101000001100010
1010001111101100001100001010000000000100010011000001010111011011101010
1010001100101010000101010001110110111010010001000101111000111010001010
1010000000010001111000000100111111010110101101101110111000111100101010
1010000011000100111111001001110010101000100011011000001111001000000010
1010010000010000001110101001010100100010101000011000011010000000110010
1010000111111111110000001100111111101001101100111010001000010010110010
1011110000000100101001100011001110010101010011100101111010101001111010
1010011010101010001101111010101001100010000101011001011111101101000010
1010100001110001001011011010010001110111001111011101011110010001001010
1010011100101010000101001110011010000011111000001010001001110000000010
1011000101010111001111100111011101101111100000110111111011110000111010
1010011101101110001000101110001101010101000100010001110000001111101010
1010111000000001010101110100100001111111100100101011000100011101111010
1010001101000011101111101111110111101101111000101011010001011011011010
1011101111010011111001111100110000110100101001101110010001110100110010
1010011010101011101110110001110011111001101101001001000111011111101010
1011011010111110010111101000100110000011000111111001011011101110000010
1011111110010110001110000111101001100000101011101001011101000011001010
1010111110101001011110011100010000111000001001101110110000010011101010
1011101000110000101011111011101011101010001000011001100101010111110010
1010101010110101011010010000101010010010001101101101010101001010010010
1011101110101000101110010111001101101011100010011000101000100001011010
1011100100101010010010101101100000001100010010101000101110010111111010
1011010000100000101110110011101011100110100110111000101001011010001010
1011110101100001110110110010101000110010011010001011001001100100111010
1011000000011001000101001101001110000101111110000100011011101001010010
1011011111111011000010010000100001001110011011000010010001001011010010
1011111010011101001001110000010011011011110100110011000010101010100010
1011101001000011011000000000001001000010000010100100111101100001011010
1011101011111101111101110101100010001010010010001010010000011000111010
1010101010110111001010001011101100100111010000000101011100111110001010
1010010011010111011100011011011101010011111000111110001001100010110010
1010101010101011110111001010000100000111000000001100000101100001011010
1011001000001101111001000111100000011100000000111001100010010010000010
1010101100010100001000011011111100110001100001000101001000010100100010
1010111011110111010000010011001110011100110000000110010111101011110010
1011111111011110101000101010101011111110101001101011111001111011101010
1010001010010010101100010110110010110110100001101100010000011101101010
1011110010110010111010010100110001011001001111100000101101111011010010
1010000111101100101011100000100000111111101011000010001100110101101010
1010100110001000011011000110111111011100000011001000010011010111010010
1011101001110101001010001011010000101001000111100101110101010100010010
1010010100111000101110001101110100110011110001000011110110001011010010
1010110100010110011011100100111111001010100100111101100110111110110010
1011101011000010101001011000101111110101111000111111011011000110100010
1010111000111111100111001001100010101010100111000011100000011101011010
1011000011010001011110100110110111010101100010111111111001110000011010
1011101100110110111111100010001111001011101101110110011011110110110010
1011000010001000001011011100111110100101111010110111111110100000110010
1010111110101111000010001101101111001001000101000001100100100100100010
1010001001100011101100000010001010101001010110111111111111010001101010
1011110011000101100110101111110101101000000000011000111111001011010010
1010001110000111010100000110010011100111000010100011100101111110001010
1010010000000011010010000101010111011010110010101001000001001110100010
1010001001011001111001010000111111000101011110101011101101111111111010
1010010011010010101001001010111011000010010100100110010011001101011010
1010111111010101010110011111001001011100010111011011100010011111110010
1010010011110010101000111111110011111100000000100111100000010000011010
1010001011000101110100101001011010110110011010000111011011011100101010
1011110101101001000001111010110010000001100110001110001100100001000010
1010101011100000010000101100011001011011010010111001110111101110111010
1010001101100000010010001011011011101101010010110101001001000110110010
1010101010000011000000110100001100000010100010100011011000110110110010
1010100000100110010011011011001111110101000100111010110111000001011010
1011000001110001111001010000001001010101000111101100010111100100110010
1010111100110011110110110000100110100111001000010101010110000000110010
