1010101110111000100000101001100000000000000000000000000000000000000010
1011001000110111000010100111000101000000000000000000000000000000000010
1010100011010111000100110000111100100000000000000000000000000000000010
1010001111001010100111000000100010100000000000000000000000000000000010
1011110001011000100001010110111110100000000000000000000000000000000010
1010001110011011111101100111101100100000000000000000000000000000000010
1010000110000100011010011010000110100000000000000000000000000000000010
1010110101110011010001010000001010000000000000000000000000000000000010
1010011101011100111001000000100110100000000000000000000000000000000010
1010110001100000001001000011100100000000000000000000000000000000000010
1010000011101110010111110101110111100000000000000000000000000000000010
1010001000101111010010011010001110100000000000000000000000000000000010
1011111001011111111010011100000100000000000000000000000000000000000010
1011001010100111011101101010110101000000000000000000000000000000000010
1011010101111101000010111010011001100000000000000000000000000000000010
1011111011111001011101000100011000100000000000000000000000000000000010
1010110010010000000110001010100001000000000000000000000000000000000010
1010110011100001010110100011110100000000000000000000000000000000000010
1010010001010000011100110100001110000000000000000000000000000000000010
1010010011001000101000001010010010000000000000000000000000000000000010
1010010101010101110001111100100111000000000000000000000000000000000010
1010011111111011100011110100110000000000000000000000000000000000000010
1010001101110011010010010000000010000000000000000000000000000000000010
1011110011001000100000100101001000000000000000000000000000000000000010
1010010100001101011000011000011000000000000000000000000000000000000010
1010110101011101011011000101111000100000000000000000000000000000000010
1011111101111111111000011001100001000000000000000000000000000000000010
1011010100001100011000011100100110100000000000000000000000000000000010
1011010111010101101010101001111111100000000000000000000000000000000010
1010110000101010110010000001000000100000000000000000000000000000000010
1010010101100011010010110011100011100000000000000000000000000000000010
1011011100001101001010111111100111000000000000000000000000000000000010
1010010111100100001000010001011010000000000000000000000000000000000010
1011011111101101000011000111011000000000000000000000000000000000000010
1011011101100000100000001100000110000000000000000000000000000000000010
1011001111010011010110100001011000000000000000000000000000000000000010
1010111010000101100101000000011111000000000000000000000000000000000010
1011011011111110011111010111101111100000000000000000000000000000000010
1011011001111011101010100001010011000000000000000000000000000000000010
1010100011111100001010100111110000100000000000000000000000000000000010
1010110101010111000000010011000110100000000000000000000000000000000010
1010001110101110000100010101110001000000000000000000000000000000000010
1010111000111100000001000010000010000000000000000000000000000000000010
1010111000100110101111111010110100000000000000000000000000000000000010
1011110011011001100111100110110010100000000000000000000000000000000010
1010010101100001001001000110001110100000000000000000000000000000000010
1011111010001110111000110111110001100000000000000000000000000000000010
1010110100011011001010110100110110000000000000000000000000000000000010
1011011111000000101000010110100000100000000000000000000000000000000010
1011010110111100110110001111010001100000000000000000000000000000000010
1011101111001001000110101111011001000000000000000000000000000000000010
1010011011100001110101000111110010000000000000000000000000000000000010
1011010001010110010011100011001101000000000000000000000000000000000010
1010111100110111001100111111101011100000000000000000000000000000000010
1011111101001111100101001101110111100000000000000000000000000000000010
1010010011111011101011011111010000000000000000000000000000000000000010
1011101111111000110101111101101000000000000000000000000000000000000010
1010000100001010001100010101110111100000000000000000000000000000000010
1011011101000011000100111000011010000000000000000000000000000000000010
1010001010111111101010111110000011100000000000000000000000000000000010
1010110111110011100111110011110100100000000000000000000000000000000010
1011000100010111111101110110000001000000000000000000000000000000000010
1011000011010011100111110010010111100000000000000000000000000000000010
1011000001011111101110111100000100100000000000000000000000000000000010
1010100110001110000110100011011100000000000000000000000000000000000010
1010001110100100000011111000111111100000000000000000000000000000000010
1011111111100011101000000101000110000000000000000000000000000000000010
1011111010100100000100010100010111100000000000000000000000000000000010
1010111111000101100111100110110101100000000000000000000000000000000010
1011011001111011110010100100110101000000000000000000000000000000000010
1011100000100111010011011111000010000000000000000000000000000000000010
1011110000011011000101010110100111100000000000000000000000000000000010
1011100011001001011111001000111110000000000000000000000000000000000010
1011011111110100000000011000000111100000000000000000000000000000000010
1011001111010001111101010101011011000000000000000000000000000000000010
1011101101100000000001011101011011000000000000000000000000000000000010
1011000101110011111110100010111111000000000000000000000000000000000010
1010011010011001001000001010110101000000000000000000000000000000000010
1010010101000001011111011111101100000000000000000000000000000000000010
1011010011011111100101000001000100000000000000000000000000000000000010
1011101000001010000000001001111010000000000000000000000000000000000010
1010110111100000101001010111001011100000000000000000000000000000000010
1010000100010111010110001010011001100000000000000000000000000000000010
1011011101110100010000001010001000000000000000000000000000000000000010
1011111001010011001010000001101010000000000000000000000000000000000010
1010110010100010011001100111101010100000000000000000000000000000000010
1010111001100101000011001010101000100000000000000000000000000000000010
1010010001001101111011100101100110000000000000000000000000000000000010
1010000000100100110111000111010110100000000000000000000000000000000010
1010111111011000010001010100010100100000000000000000000000000000000010
1010101000101100101010000010011011100000000000000000000000000000000010
1011110011110010010010011001001011000000000000000000000000000000000010
1010100010001000001110000100001101100000000000000000000000000000000010
1010001111010001001100110101100000000000000000000000000000000000000010
1010010111011101100101100100011110000000000000000000000000000000000010
1011110001001100010101110011101000000000000000000000000000000000000010
1011001010101001000101000100000000000000000000000000000000000000000010
1010100000011101011100011100010001100000000000000000000000000000000010
1011100110111000110110000110111001000000000000000000000000000000000010
1010110010010010010000001010010011000000000000000000000000000000000010
1010111110011011010111001001011111100000000000000000000000000000000010
1010011101011010011100110001110100000000000000000000000000000000000010
1011100011011001110101000100111111000000000000000000000000000000000010
1010111000000111100001000010010111000000000000000000000000000000000010
1010111001000111110110110000100100000000000000000000000000000000000010
1011010100000100111100000011010100100000000000000000000000000000000010
1011000100001000110111111101100011000000000000000000000000000000000010
1010110001101110011000001000010100000000000000000000000000000000000010
1011111111011010011100101101101001100000000000000000000000000000000010
1011110111000101000111111000010101000000000000000000000000000000000010
1010001001011101111100010000101101100000000000000000000000000000000010
1011010001010111100011000100010000000000000000000000000000000000000010
1010010101010110110010101000000111100000000000000000000000000000000010
1010111100111001111110101010110100100000000000000000000000000000000010
1011000111000100000010111100001010100000000000000000000000000000000010
1011000111001101001011110001011110000000000000000000000000000000000010
1010110010110011101110111100011100100000000000000000000000000000000010
1011101010011001001111010011111101000000000000000000000000000000000010
1010011010010010001010100000000110100000000000000000000000000000000010
1010000111100111100011101001001110000000000000000000000000000000000010
1010010011110000011101101001111111100000000000000000000000000000000010
1010110001000000101101111001111010000000000000000000000000000000000010
1011010010100001011010010010011000100000000000000000000000000000000010
1010001011000101111111001000001010100000000000000000000000000000000010
1011011101110011101111010000110110000000000000000000000000000000000010
1010111111101100011000011011010110100000000000000000000000000000000010
1011100100100100111101101001101101000000000000000000000000000000000010
1011000111010011101110111000100110100000000000000000000000000000000010
1010110111110001011001111101001101000000000000000000000000000000000010
1011111010001010010110000100001000000000000000000000000000000000000010
1010010010011111111001011110111110100000000000000000000000000000000010
1011001100000011100111101100011110000000000000000000000000000000000010
1010101001111000110000011010001100100000000000000000000000000000000010
1011011101011111101001010101101101000000000000000000000000000000000010
1010010100100010101000000100001101000000000000000000000000000000000010
1010000101011001000111110011110110100000000000000000000000000000000010
1010111010011011011001000101111101100000000000000000000000000000000010
1010110110100101011110011000011000100000000000000000000000000000000010
1011101011001111011011000011001010000000000000000000000000000000000010
1011110001010011111011010000100010000000000000000000000000000000000010
1011001111111001101010010100000111000000000000000000000000000000000010
1010011100011000001000110001101100000000000000000000000000000000000010
1010011000100110010111000001110101100000000000000000000000000000000010
1010111011101000100000010001110000100000000000000000000000000000000010
1010100111101111101100000000001001000000000000000000000000000000000010
1011110111001001010111000100110010000000000000000000000000000000000010
1010001010111010000001000100000011100000000000000000000000000000000010
1010000001111010000011110100100011100000000000000000000000000000000010
1011101010100011110101011110100011000000000000000000000000000000000010
1011111010000001010000111001100100000000000000000000000000000000000010
1011000101111011010110110000010100000000000000000000000000000000000010
1010010100110001011100011110100001100000000000000000000000000000000010
1010101101010110100010011111110101000000000000000000000000000000000010
1011110101000100110110100100110010000000000000000000000000000000000010
1011011010101011101100101001101010100000000000000000000000000000000010
1011101101010000100111111101111011000000000000000000000000000000000010
1010011010101001001100100001101101100000000000000000000000000000000010
1011101101010000011111100100101101000000000000000000000000000000000010
1011001100001011110001010110000000100000000000000000000000000000000010
1010110000000100001111110110001001100000000000000000000000000000000010
1011110001011111110010110101011101000000000000000000000000000000000010
1011110101000100001000101110011001000000000000000000000000000000000010
1011010000010111110111111101101001000000000000000000000000000000000010
1011001100000001010110001110100001000000000000000000000000000000000010
1010100100010000000101010101000000100000000000000000000000000000000010
1011101111110000110000010110000111100000000000000000000000000000000010
1011101110101010000111010000001000000000000000000000000000000000000010
1011001011000110111100110110010101000000000000000000000000000000000010
1011011001010010101001010111001111000000000000000000000000000000000010
1011110001010001011001000010011010100000000000000000000000000000000010
1010110111101111101101110011000011000000000000000000000000000000000010
1011001000100011101001101111000111000000000000000000000000000000000010
1011111111111000011001000011011101100000000000000000000000000000000010
1010011111101100101101001000101000100000000000000000000000000000000010
1011110110110000011010101110111001100000000000000000000000000000000010
1010011001010100101110001101110011000000000000000000000000000000000010
1011010101001100100101111001100001000000000000000000000000000000000010
1010110111100100010010001100000011100000000000000000000000000000000010
1011101100100100110100100100100110000000000000000000000000000000000010
1010101100010001000001000100010100000000000000000000000000000000000010
1010100111011100011111101011001101100000000000000000000000000000000010
1010101000101101001110001010100101100000000000000000000000000000000010
1010110101101100010010111100011010000000000000000000000000000000000010
1010101100010111101111110001110101100000000000000000000000000000000010
1010010010101100000100001110001111000000000000000000000000000000000010
1011110101011001010010010110000101100000000000000000000000000000000010
1010100010101011011100110101100011100000000000000000000000000000000010
1010111100010101011000101100110100100000000000000000000000000000000010
1011101001001011111000011101111111000000000000000000000000000000000010
1011001101001101100011001110110110000000000000000000000000000000000010
1011011101001100110010010101000101000000000000000000000000000000000010
1011101100110101011000111101101110000000000000000000000000000000000010
1011010001110110000100001010010011000000000000000000000000000000000010
1011001011111101000010110110001100000000000000000000000000000000000010
1010101100001011101000011000111011100000000000000000000000000000000010
1011111101001011110110110100001001000000000000000000000000000000000010
1010001110000001110101001101100000100000000000000000000000000000000010
1011001101100110100100001010111000100000000000000000000000000000000010
1011101111011101101011010000010100000000000000000000000000000000000010
1011011110110100011101010010100000000000000000000000000000000000000010
1010011001000111001101000100000011100000000000000000000000000000000010
1011101011111001101001000100000111000000000000000000000000000000000010
1010101000111111000010110000111001100000000000000000000000000000000010
1010110010000000010010011010010000000000000000000000000000000000000010
1011100000100101101001011110100101000000000000000000000000000000000010
1011010000110101010000011001111100000000000000000000000000000000000010
1011111110011000110011101000011110000000000000000000000000000000000010
1010110111011001100101000111111010000000000000000000000000000000000010
1011001110000010001110011000100101100000000000000000000000000000000010
1011101001111111001011010111000010100000000000000000000000000000000010
1010110001110000110000001010011011100000000000000000000000000000000010
1010011111010111111100110101010000000000000000000000000000000000000010
1011100001101010101000010001011111000000000000000000000000000000000010
1010110100010111111011101100011010100000000000000000000000000000000010
1011111101001011101000011100010110000000000000000000000000000000000010
1010011110110111101001001011101010000000000000000000000000000000000010
1011010000100110001000100011110100100000000000000000000000000000000010
1011101001101100010010000010110010100000000000000000000000000000000010
1011111111001000111001001011011111100000000000000000000000000000000010
1010011000000100011111111101100000000000000000000000000000000000000010
1011110100110010100000100111111101000000000000000000000000000000000010
1010000101000000011000111011101010100000000000000000000000000000000010
1010010100101101101001101011111101000000000000000000000000000000000010
1011011100001110010010110000111111000000000000000000000000000000000010
1011011011011001100100110010100111100000000000000000000000000000000010
1010111100011100101000001010000000100000000000000000000000000000000010
1010011111000010100100011110001001000000000000000000000000000000000010
1010001111011100101010110101111000000000000000000000000000000000000010
1010101111010000101010101011001000100000000000000000000000000000000010
1010100101000000101100000100111111000000000000000000000000000000000010
1010010100010101000110011101011100000000000000000000000000000000000010
1011001000011010011000010010000001000000000000000000000000000000000010
1011000101010111110010001001000101000000000000000000000000000000000010
1011110001010100011111000101100000000000000000000000000000000000000010
1011011111100001001100001100110001100000000000000000000000000000000010
1010101000010001110100110100000000000000000000000000000000000000000010
1011001010110010100111100001111111000000000000000000000000000000000010
1011010101111000001100110100111100000000000000000000000000000000000010
1010000111001100011100011001000111000000000000000000000000000000000010
1011001111111100110100010001010011000000000000000000000000000000000010
1011111010011011100101100001101100100000000000000000000000000000000010
1011011001000011010110001011100111000000000000000000000000000000000010
1011001001101001010001000110001000000000000000000000000000000000000010
1010011010110001000001010111011101000000000000000000000000000000000010
1010001100110000111101100011011110100000000000000000000000000000000010
1010100101100011100110000101011011100000000000000000000000000000000010
1010100100110110001000010100001101000000000000000000000000000000000010
1010110110011000010101011110111011000000000000000000000000000000000010
1011010000011011100100100101011000000000000000000000000000000000000010
1011111011000010110101001111100001100000000000000000000000000000000010
1011100101101110000111101111001000100000000000000000000000000000000010
1010101101001101010110010110010100100000000000000000000000000000000010
1011011000111110000101011111010100000000000000000000000000000000000010
1010001101010110100101100000111110000000000000000000000000000000000010
1011011100000100001011011110001111100000000000000000000000000000000010
1011011100001010101010111010101010000000000000000000000000000000000010
1010101000110001000000000001010110100000000000000000000000000000000010
1011001110110111111100011100111001100000000000000000000000000000000010
1011100110110011110000110010100111000000000000000000000000000000000010
1010011100111100010100110101110011100000000000000000000000000000000010
1011010101100001001100010001001010000000000000000000000000000000000010
1010001011000100001001110110100111000000000000000000000000000000000010
1011001000011001000000101000101011000000000000000000000000000000000010
1011001111101111000000111110001001000000000000000000000000000000000010
1010010001111110111001100111110100100000000000000000000000000000000010
1011011100001010111100011111101111000000000000000000000000000000000010
1010101101110011111111000011011100100000000000000000000000000000000010
1010011001111011100111000000000110100000000000000000000000000000000010
1011100001001000110101001001111011100000000000000000000000000000000010
1011001111011000001000011001010100000000000000000000000000000000000010
1010011000101101100010000100011001100000000000000000000000000000000010
1010110010100101101001010111111000100000000000000000000000000000000010
1011000011101110001010110100100100100000000000000000000000000000000010
1010111011111000110101000011001010100000000000000000000000000000000010
1011100101111010101001001001111000100000000000000000000000000000000010
1011000101100010111011001000100011100000000000000000000000000000000010
1010110011101101101110000010101100100000000000000000000000000000000010
1010001111001011110100010011100000000000000000000000000000000000000010
1011001101101011111100001010110010100000000000000000000000000000000010
1011100010101110001010010100011110100000000000000000000000000000000010
1010001110111100111001110000100110100000000000000000000000000000000010
1011100011001000001100011000110110100000000000000000000000000000000010
1011000101111110111110000100001101000000000000000000000000000000000010
1010011000000010011011001110101011100000000000000000000000000000000010
1011000011010010111111001010111100100000000000000000000000000000000010
1011011000001100110101101010111100100000000000000000000000000000000010
1011011111011111001101100100110010000000000000000000000000000000000010
1011001110011110010000110011010011100000000000000000000000000000000010
1010111011100000011011010011010110000000000000000000000000000000000010
1011010010001111101011001110110001100000000000000000000000000000000010
1011011100010010100110110001110110100000000000000000000000000000000010
1011000110000110010010101100001011100000000000000000000000000000000010
1010110010010110101000011100010111000000000000000000000000000000000010
1010111100011100001010100001100111100000000000000000000000000000000010
1010101100011101100000011111101111000000000000000000000000000000000010
1010100110000111110110110000110011000000000000000000000000000000000010
1010100110010100101110110110110101100000000000000000000000000000000010
1011111000101010110010001100001100100000000000000000000000000000000010
1011111100011100010011101011001101100000000000000000000000000000000010
1011000111000010010010101010110011100000000000000000000000000000000010
1011101100110100100101000011001010000000000000000000000000000000000010
1010111011011101010110001001101011000000000000000000000000000000000010
1011001110010011000001111101101111100000000000000000000000000000000010
1010110100010111010111110010111101100000000000000000000000000000000010
1010001000011100001100100010101101100000000000000000000000000000000010
1011101110110011110000110011110000100000000000000000000000000000000010
1010100111100100010011000010111100000000000000000000000000000000000010
1010100111000100100101100111011001100000000000000000000000000000000010
1011111100110110010001010001010010000000000000000000000000000000000010
1010100111110100000010001110110100100000000000000000000000000000000010
1010110000100010101111100001011000100000000000000000000000000000000010
1010010110111111010001101111100101100000000000000000000000000000000010
1010111100011001001100111000111111000000000000000000000000000000000010
1011101111010100011000001110000111100000000000000000000000000000000010
1010000010101010101000001011101110000000000000000000000000000000000010
1010111011010001100110101011000100000000000000000000000000000000000010
1011000100011001111001100101011100100000000000000000000000000000000010
1011111000011100100010001111001110000000000000000000000000000000000010
1010001101100010111001111000010011000000000000000000000000000000000010
1011000001101101110010101100010110000000000000000000000000000000000010
1010111001001111110001100011010110000000000000000000000000000000000010
1010111110001011101100101111111101100000000000000000000000000000000010
1010100111110000100101101101110110000000000000000000000000000000000010
1011111011010000001110000111110101100000000000000000000000000000000010
1011000000110010000000110000010001000000000000000000000000000000000010
1010000110001001000011111001011010100000000000000000000000000000000010
1010100110001100001100101100010111000000000000000000000000000000000010
1011010000000101111011101010001100000000000000000000000000000000000010
1011110101010001111001110011000101100000000000000000000000000000000010
1010111111010001011111101000101001100000000000000000000000000000000010
1010000110000110111100010010110101100000000000000000000000000000000010
1011101011010010001011011011101000000000000000000000000000000000000010
1010111110000000110011010001100101000000000000000000000000000000000010
1011000010101100110001001000010000000000000000000000000000000000000010
1010011000000000101101110111101010000000000000000000000000000000000010
1011000001011100011011101101011111000000000000000000000000000000000010
1011000101110110011010111000101011100000000000000000000000000000000010
1010010110001011011000000100110010100000000000000000000000000000000010
1011101110011000110000010011110110100000000000000000000000000000000010
1011011000010100011110011100110000000000000000000000000000000000000010
1011111110000001101011010101000111000000000000000000000000000000000010
1011101100111111001100101000011001000000000000000000000000000000000010
1010010110100100111100010010100010000000000000000000000000000000000010
1011001101101010111000100100000010000000000000000000000000000000000010
1011001110110100101011100000111110100000000000000000000000000000000010
1010101011011001100111100001011011000000000000000000000000000000000010
1010001000001000110100001100111100000000000000000000000000000000000010
1011000000110000101100010110100110000000000000000000000000000000000010
1011101100010001011001110100100010000000000000000000000000000000000010
1011111011001100110100101100100001000000000000000000000000000000000010
1010100101010010111000011011111001100000000000000000000000000000000010
1010100111101010100101111100000100000000000000000000000000000000000010
1010011010010100101010101000110001100000000000000000000000000000000010
1010100100011000110011010001111111100000000000000000000000000000000010
1011001110110001100000101100100011000000000000000000000000000000000010
1011111101111000100001000000010110100000000000000000000000000000000010
1010101110010000101000000001000011000000000000000000000000000000000010
1010111101111100011100111100001101000000000000000000000000000000000010
1010010100000010101000111010010110100000000000000000000000000000000010
1010101000000011101100110001011110000000000000000000000000000000000010
1010010111101100010101111100010011000000000000000000000000000000000010
1010010110011001110000000010000100100000000000000000000000000000000010
1011010010001111100010101001001111100000000000000000000000000000000010
1010011001110001100000000000010111100000000000000000000000000000000010
1011111100011100111100101101101011000000000000000000000000000000000010
1011101011111110000101000100100011100000000000000000000000000000000010
1011111000011010011011011010010110100000000000000000000000000000000010
1010111011001100110000100011000000000000000000000000000000000000000010
1011100011110101111010101001000010000000000000000000000000000000000010
1011100001001110000001110100000111000000000000000000000000000000000010
1010100001001111001001011010000011100000000000000000000000000000000010
1010110011010010001001000010100101100000000000000000000000000000000010
1011101001101000011010010001111011100000000000000000000000000000000010
1010011010000110110001101110111011100000000000000000000000000000000010
1010011000001010010111001001011101000000000000000000000000000000000010
1010111101000001110101010110110010000000000000000000000000000000000010
1011011010000011101100001010000101100000000000000000000000000000000010
1010001011100011000111001011110010100000000000000000000000000000000010
1011010000000101110100111111000101000000000000000000000000000000000010
1010110001000100100000000010011011100000000000000000000000000000000010
1011111100101111101100001110001010100000000000000000000000000000000010
1010110010100101000110000010111101100000000000000000000000000000000010
1011111111101010111000000001101011000000000000000000000000000000000010
1010010101011101010100100011010000000000000000000000000000000000000010
1010110110000111011001011011000111100000000000000000000000000000000010
1010011111101110010100100111101011100000000000000000000000000000000010
1011110111111001110100100110010000100000000000000000000000000000000010
1010100000101110010001001101100000000000000000000000000000000000000010
1011110110110001000100001111000111100000000000000000000000000000000010
1011010000100001100000110000001010100000000000000000000000000000000010
1010111011100011100001101010101111100000000000000000000000000000000010
1010100010010010110100000011011110100000000000000000000000000000000010
1011010010001001001100001010010111100000000000000000000000000000000010
1011101010010111010001101101111111000000000000000000000000000000000010
1011111111111001010111111110110010100000000000000000000000000000000010
1011001001100101101101010010011000000000000000000000000000000000000010
1010000111001010010000010111010001100000000000000000000000000000000010
1011110100010110100110000010001010100000000000000000000000000000000010
1010110010110100110101101111000111100000000000000000000000000000000010
1011000111000011110000000110000100000000000000000000000000000000000010
1011100111000100000110101000110001000000000000000000000000000000000010
1011010111010111110001001101001000100000000000000000000000000000000010
1010011111010110101101010100001010000000000000000000000000000000000010
1011100011111011100110100111111000000000000000000000000000000000000010
1011101111011000001000100100010011100000000000000000000000000000000010
1011011110111010110110101111101001100000000000000000000000000000000010
1010010011010100101000110010010011100000000000000000000000000000000010
1010000001000111010011110101101011000000000000000000000000000000000010
1011110001101010101010111110000110100000000000000000000000000000000010
1010100110001111110000010001010001000000000000000000000000000000000010
1011010010111110001111010100000101100000000000000000000000000000000010
1010100101101110011010110101111010000000000000000000000000000000000010
1011111011110000101110000101111001100000000000000000000000000000000010
1011110001010000100101111110101011000000000000000000000000000000000010
1010000111010011010110111111110000000000000000000000000000000000000010
1011110010111000101000001110111101100000000000000000000000000000000010
1011110101001000101010100111000101100000000000000000000000000000000010
1010001101111001100111110010010001100000000000000000000000000000000010
1010110001110100111010101100000011000000000000000000000000000000000010
1011100101001111111000110101011001100000000000000000000000000000000010
1010111100010001000101010111101101100000000000000000000000000000000010
1010111100011000111001100101110101000000000000000000000000000000000010
1011011100010110101101001011010100000000000000000000000000000000000010
1011111010011000000010010100101101000000000000000000000000000000000010
1011111001011110001110001110000100100000000000000000000000000000000010
1011001110001101100010001011000110100000000000000000000000000000000010
1011010101101101100011010000000100000000000000000000000000000000000010
1011110001110010111110110001001101100000000000000000000000000000000010
1011101010000011001001111000010010100000000000000000000000000000000010
1010100110010000110011000000111111100000000000000000000000000000000010
1010110011001100000111001110000100100000000000000000000000000000000010
1010010110010110000010001111101101100000000000000000000000000000000010
1011101111001101101000100100100100000000000000000000000000000000000010
1011100001100111100110001111111010000000000000000000000000000000000010
1011100111001010110001000110011100100000000000000000000000000000000010
1010001001101111110011000111001111100000000000000000000000000000000010
1010011000000001111011100000001000000000000000000000000000000000000010
1011110011001101110000001110000111000000000000000000000000000000000010
1010011001100100000010001000100010000000000000000000000000000000000010
1010111101100010010010010010101101100000000000000000000000000000000010
1011010111101110000010001101111001100000000000000000000000000000000010
1010001011101111110011000111011111100000000000000000000000000000000010
1010111101100000011010010010101100100000000000000000000000000000000010
1011000111100110000010101101111001100000000000000000000000000000000010
1011100011111011110110111011001010000000000000000000000000000000000010
1010101010010101100110101110000010000000000000000000000000000000000010
1010100110101110001101110000000000000000000000000000000000000000000010
1011001001111111001111110000100110000000000000000000000000000000000010
1010110001111110101010001011010110000000000000000000000000000000000010
1011111101010100010010000010001100100000000000000000000000000000000010
1010011101110100011011000100001100000000000000000000000000000000000010
1011011011101000111100000111110000000000000000000000000000000000000010
1010001100111011110101011011000010100000000000000000000000000000000010
1010111010001101011100000001110011000000000000000000000000000000000010
1010000100101101011001101111000110100000000000000000000000000000000010
1010110010111010010100111100111110000000000000000000000000000000000010
1011011010111000010001111011100000000000000000000000000000000000000010
1011010101111110010101000001101001100000000000000000000000000000000010
1011110111100010100101101101110111100000000000000000000000000000000010
1011100110001010011001110110010110000000000000000000000000000000000010
1010111000111001000001110011100000000000000000000000000000000000000010
1011011010001111101100101111010001000000000000000000000000000000000010
1010101000001110011101011110010000100000000000000000000000000000000010
1010000011110100100001001000110111000000000000000000000000000000000010
1010011100000001110010111111101100100000000000000000000000000000000010
1011010100101100000001110000000011000000000000000000000000000000000010
1010010111111010001111010110010110100000000000000000000000000000000010
1011000010011000000001011110001000000000000000000000000000000000000010
1011111110100101010010100011001111000000000000000000000000000000000010
1011010001001100101101111100011011100000000000000000000000000000000010
1011101011001100011110010011000101100000000000000000000000000000000010
1010011000100111110110000001110001000000000000000000000000000000000010
1010001101001110010110000000000100100000000000000000000000000000000010
1010000101111001111101100011011101100000000000000000000000000000000010
1010010010110011100110111111011100100000000000000000000000000000000010
1010110110011110001000110110110001100000000000000000000000000000000010
1010010001001000101100101011011001100000000000000000000000000000000010
1010111100000000101010000110011101100000000000000000000000000000000010
1010010000100001111110110101101000100000000000000000000000000000000010
1011111011011000100001011100100001000000000000000000000000000000000010
1010000101111110001100010111000100100000000000000000000000000000000010
1011011001001100110101011101101101100000000000000000000000000000000010
1010011110101110001000011111010010100000000000000000000000000000000010
1011111001001100100111011111000010000000000000000000000000000000000010
1010010110111010100001101101000001100000000000000000000000000000000010
1010001001110101101001010100100011000000000000000000000000000000000010
1010110110100101000111010111110111100000000000000000000000000000000010
1011011111000100100011000001100110100000000000000000000000000000000010
1011110011101000111011010010000010000000000000000000000000000000000010
1011111111011111000001111011100001100000000000000000000000000000000010
1011010101100000010000100010111111100000000000000000000000000000000010
1010110010011111110111101101011011100000000000000000000000000000000010
1010100010100110101011000111000001100000000000000000000000000000000010
1010010110111011110010011100001001100000000000000000000000000000000010
1011010100110110111100001011010111100000000000000000000000000000000010
1011111110010111011001011011000110000000000000000000000000000000000010
1011100011111001001101110011110000100000000000000000000000000000000010
1010010001000111000000110110101001000000000000000000000000000000000010
1010001111100110110011000010110000100000000000000000000000000000000010
1011110110101101011010101001100010100000000000000000000000000000000010
1010101111011000100100111011011000000000000000000000000000000000000010
1011110000110101110101000000011100100000000000000000000000000000000010
1011100000110110110110001101110001100000000000000000000000000000000010
1011111010001110001010100111101100100000000000000000000000000000000010
1010110011101100100101101110000110100000000000000000000000000000000010
1010011110100101110101110110001110100000000000000000000000000000000010
1011111000010101011010111100110010100000000000000000000000000000000010
1011101111101110011111111000100110000000000000000000000000000000000010
1010100100001111010001100111010100100000000000000000000000000000000010
1011110010010100011000110011010010100000000000000000000000000000000010
1010000010101100111111100111100101000000000000000000000000000000000010
1010000110100000001010011111010011000000000000000000000000000000000010
1010101001001000010100100000110000000000000000000000000000000000000010
1010011110100011101001110000100110000000000000000000000000000000000010
1011010010110101011000110100101011100000000000000000000000000000000010
1011100011000100000111011001111000100000000000000000000000000000000010
1010011001011100101011110100000010000000000000000000000000000000000010
1010010001000010010011011101010100100000000000000000000000000000000010
1010111010110110110110001100100110000000000000000000000000000000000010
1011010011000000101011110110001000100000000000000000000000000000000010
1010000101010100100010100101010010000000000000000000000000000000000010
1010101111101010111101101110111010100000000000000000000000000000000010
1011010100111101000111010100000111000000000000000000000000000000000010
1011010110001000000111100011011100100000000000000000000000000000000010
1011111001010100100001001101100000000000000000000000000000000000000010
1010010101101110100100100111001111100000000000000000000000000000000010
1011110001111101111110001011100110000000000000000000000000000000000010
1011110010111110110111000000111100000000000000000000000000000000000010
1011101000001111111011100111011111100000000000000000000000000000000010
1010010001011001111101101010010001100000000000000000000000000000000010
1010111000101000101100110101110011100000000000000000000000000000000010
1011011010110100100011111110011101000000000000000000000000000000000010
1011101101001011010001110001000010100000000000000000000000000000000010
1011011111111110100001001010111100100000000000000000000000000000000010
1010011011011110100001101000000100100000000000000000000000000000000010
1010010111101000010110110001110101000000000000000000000000000000000010
1010101000110000011101111111111111100000000000000000000000000000000010
1011000100010001010110000000000101000000000000000000000000000000000010
1010100111101111101111101111110011000000000000000000000000000000000010
1011001110111000001010101110110000100000000000000000000000000000000010
1010000101010101000101110011010011100000000000000000000000000000000010
1010110001000010010101100110100110100000000000000000000000000000000010
1011000001010100010000100001101110000000000000000000000000000000000010
1010001110111101111010001001101101100000000000000000000000000000000010
1010001101000010001100011111000110000000000000000000000000000000000010
1010100100000100100000000000101010000000000000000000000000000000000010
1010110111100011111011001100100100100000000000000000000000000000000010
1010101101011100010100001101010110100000000000000000000000000000000010
1010100111101000110011111011010100100000000000000000000000000000000010
1010000111011001000011110001101111100000000000000000000000000000000010
1011000101101011001010000101111000000000000000000000000000000000000010
1010100000110110110000100101001110000000000000000000000000000000000010
1011000011010111000010110011101010100000000000000000000000000000000010
1010000011111111111011110110011011100000000000000000000000000000000010
1011110001110111111001101010001100000000000000000000000000000000000010
1011111001101101011110110010000111100000000000000000000000000000000010
1011110100011111100111011101011100100000000000000000000000000000000010
1011100111110101011000011001111111100000000000000000000000000000000010
1011111101001001010011000110001011100000000000000000000000000000000010
1010101111111011101100011101000111100000000000000000000000000000000010
1010111010001111010111000111001001100000000000000000000000000000000010
1011001110010111100000100001110000100000000000000000000000000000000010
1011101000000101000100101000111111000000000000000000000000000000000010
1010110100100000110000110010000100000000000000000000000000000000000010
1011011100100111001100110011001010100000000000000000000000000000000010
1011111111011010110001111101101001000000000000000000000000000000000010
1011110101001011011011000100001111000000000000000000000000000000000010
1011110011100111101100000000000110100000000000000000000000000000000010
1011110000111101010110001010011110000000000000000000000000000000000010
1011100000110011101111100100010010100000000000000000000000000000000010
1010011100001000000000100110100111100000000000000000000000000000000010
1011001100101101000011111010111100000000000000000000000000000000000010
1011101001100111001110110010000000100000000000000000000000000000000010
1010010011110011110010111001100001000000000000000000000000000000000010
1010111001100011100001001100011101100000000000000000000000000000000010
1010010101100100111100111001010101100000000000000000000000000000000010
1010110010111000000010100110101111000000000000000000000000000000000010
1010001111110101100011011111010010000000000000000000000000000000000010
1010110100101101000000001110011100100000000000000000000000000000000010
1010100100000011001010100111000000000000000000000000000000000000000010
1011110100010101100010101001111000000000000000000000000000000000000010
1011011001110010000101101001110100000000000000000000000000000000000010
1011001010010011010000001000111100100000000000000000000000000000000010
1010010001110101111000011111100000000000000000000000000000000000000010
1011110000010000111100100000110111000000000000000000000000000000000010
1010100111110101001001000010100100000000000000000000000000000000000010
1011111111011001001011000000011111000000000000000000000000000000000010
1010100010001000110110111100011010100000000000000000000000000000000010
1011011111011100110010000010101000000000000000000000000000000000000010
1010011000010000000100101111100010000000000000000000000000000000000010
1011101011110110101010110101100100100000000000000000000000000000000010
1010000111111011111000101010001110100000000000000000000000000000000010
1010100000110000101110101000110110000000000000000000000000000000000010
1010110000010000011000101111101010100000000000000000000000000000000010
1010111110010111101101000001001101000000000000000000000000000000000010
1010111000001000010011101100001000000000000000000000000000000000000010
1010110010111100001101011000000111000000000000000000000000000000000010
1010001001000100101111010110010110000000000000000000000000000000000010
1011111011001111101111100010011001100000000000000000000000000000000010
1010000011000110111011000000000110100000000000000000000000000000000010
1010110100001110111110000111110011100000000000000000000000000000000010
1010111001111010000100000010000100100000000000000000000000000000000010
1011011011101110110011000011001100000000000000000000000000000000000010
1010000000101001111000100110000101000000000000000000000000000000000010
1011110000110011001010101100001101100000000000000000000000000000000010
1011100101101011101001011001011111000000000000000000000000000000000010
1010000100010000110100011101101100000000000000000000000000000000000010
1010100000011111111110001100110110000000000000000000000000000000000010
1011001001101000101001100010010011000000000000000000000000000000000010
1010100001101101110001101011001001000000000000000000000000000000000010
1011111011111111110011000001010010100000000000000000000000000000000010
1011101011111110000100011001111100100000000000000000000000000000000010
1010011001011001110010011101100111100000000000000000000000000000000010
1011100111100010111000011101011110000000000000000000000000000000000010
1011010110011101011000110110101100000000000000000000000000000000000010
1011110000000000011111110100000010000000000000000000000000000000000010
1010011101001001001010101001111010000000000000000000000000000000000010
1010001110010111110001100100000100000000000000000000000000000000000010
1010001000100001000001011001001000000000000000000000000000000000000010
1010101010110010001101100011011101000000000000000000000000000000000010
1011011001001101110100011010101011000000000000000000000000000000000010
1010001000001011111100101001111110100000000000000000000000000000000010
1010101000000010000110010010101110000000000000000000000000000000000010
1011000110010111001111111000011110100000000000000000000000000000000010
1010101101100011000110011010111011000000000000000000000000000000000010
1010000010000101110011001101111011100000000000000000000000000000000010
1010100011111100101010001010110000100000000000000000000000000000000010
1010010011100010100101100010110110000000000000000000000000000000000010
1010101110001101101100000010101100000000000000000000000000000000000010
1011011011010000000001000111101000100000000000000000000000000000000010
1011110100000110110101101011111010100000000000000000000000000000000010
1011111001010011100110010000000100000000000000000000000000000000000010
1011000000001011101011000111111010000000000000000000000000000000000010
1011000001010110111010111100001001100000000000000000000000000000000010
1010101111001100001110100010100000000000000000000000000000000000000010
1011011010000111010001101110101111100000000000000000000000000000000010
1011001110100010001110001011001011000000000000000000000000000000000010
1010010111011000010100010101000101100000000000000000000000000000000010
1010110101001000000000110001000010000000000000000000000000000000000010
1011000101001101001001101011111001100000000000000000000000000000000010
1011001001000000101001110001011001000000000000000000000000000000000010
1010011110000111110100001000000110100000000000000000000000000000000010
1010001101010011011100000111101010100000000000000000000000000000000010
1010000010101111000011111010000111100000000000000000000000000000000010
1011100111011100010101100011100001000000000000000000000000000000000010
1010100001011010111101101010110110000000000000000000000000000000000010
1011111010000000001000010101000101100000000000000000000000000000000010
1010000100010101000001100000111111000000000000000000000000000000000010
1011110111101000011100011110101111100000000000000000000000000000000010
1011011111101101000110000100010100100000000000000000000000000000000010
1011001100000011011111100010110110000000000000000000000000000000000010
1011101111000010000011101010111100000000000000000000000000000000000010
1011001110101000111011111101100010000000000000000000000000000000000010
1011101110101011100100000001011100100000000000000000000000000000000010
1010101011101111111101001101000101100000000000000000000000000000000010
1011010110011001001000100010001010100000000000000000000000000000000010
1010110001100010011000110011101110100000000000000000000000000000000010
1011010100011110101111000100011111000000000000000000000000000000000010
1010100100001000111111010111010000100000000000000000000000000000000010
1010101101010001000101001000101011000000000000000000000000000000000010
1010010111111100001011000101101101000000000000000000000000000000000010
1011001110111111111100001001010100000000000000000000000000000000000010
1011011110000010101101101101010000100000000000000000000000000000000010
1011010000010000100010111100001110000000000000000000000000000000000010
1011110100000111111001111000011000000000000000000000000000000000000010
1011110010100110001011011111111100000000000000000000000000000000000010
1010001101111101100101101010100011000000000000000000000000000000000010
1010100001010100010000100011010010000000000000000000000000000000000010
1010111101011101101001100111001011100000000000000000000000000000000010
1010101001101000101010011100000110000000000000000000000000000000000010
1010011001000011001001111000110000100000000000000000000000000000000010
1010010111111000110100010111000001000000000000000000000000000000000010
1010011011100101010010100000110100100000000000000000000000000000000010
1010111001000001111011000011101010100000000000000000000000000000000010
1011001100010100011000100111100111100000000000000000000000000000000010
1010000101011111101101100001110110100000000000000000000000000000000010
1011100011111010011110101100011001100000000000000000000000000000000010
1010101111100101011001000001100000100000000000000000000000000000000010
1010100000001001100100000011100010000000000000000000000000000000000010
1011001100011110111000001011111011000000000000000000000000000000000010
1011010101110011011001011110000110100000000000000000000000000000000010
1010101100110100111100000101000010100000000000000000000000000000000010
1010011111110001010110010111111011000000000000000000000000000000000010
1011011100011110100101010000111110100000000000000000000000000000000010
1010010000101101111001011101111100100000000000000000000000000000000010
1011011001110010011011101010110010100000000000000000000000000000000010
1011110000100011111101111101000110000000000000000000000000000000000010
1011111100000010011011011000000001000000000000000000000000000000000010
1011001100110011100011101000011001000000000000000000000000000000000010
1010000011010010011101000001011001000000000000000000000000000000000010
1010101000001000100000010110101111100000000000000000000000000000000010
1011110000011101001010011111010110100000000000000000000000000000000010
1010000011011000111001111111101110100000000000000000000000000000000010
1011110010111011000000000010011010000000000000000000000000000000000010
1011100010011001000000010011001111000000000000000000000000000000000010
1011010000001011001101011011101011000000000000000000000000000000000010
1010001101011011111001001011100101000000000000000000000000000000000010
1011001111001101111111000111011001000000000000000000000000000000000010
1011101000011001111010010010011001000000000000000000000000000000000010
1011011100101111001001110001001000000000000000000000000000000000000010
1010000000011101011101011111101000100000000000000000000000000000000010
1010001010000001010110101101110011000000000000000000000000000000000010
1011000111000101100010010001110010000000000000000000000000000000000010
1010100110011000111000000101110011000000000000000000000000000000000010
1010001011001100101010011010010000100000000000000000000000000000000010
1011001110010001101101001111111000000000000000000000000000000000000010
1011111010011110011010100110011011100000000000000000000000000000000010
1011110111000010011101101011010000100000000000000000000000000000000010
1010011110101101011110011000100110100000000000000000000000000000000010
1010100111000001111110000111110100000000000000000000000000000000000010
1010010001100000110010011101111100100000000000000000000000000000000010
1011110110110001101010101011110111000000000000000000000000000000000010
1010011000011100000011111110110011000000000000000000000000000000000010
1011001010110000001111011101111010100000000000000000000000000000000010
1011000110000000110110101000111000100000000000000000000000000000000010
1011011010010000110100000100000111100000000000000000000000000000000010
1011001000011010011101111110110111000000000000000000000000000000000010
1011001010010110100011010110001000000000000000000000000000000000000010
1010011111101011111001101100011011100000000000000000000000000000000010
1011110010101101001010100000001011100000000000000000000000000000000010
1011011000010010101111110010100111000000000000000000000000000000000010
1011010101110101010111111011101011100000000000000000000000000000000010
1011000010001011110010001100001110000000000000000000000000000000000010
1011001001001001011100001110101001000000000000000000000000000000000010
1010000111000111110110111001001010000000000000000000000000000000000010
1010110010110110111110100011111111100000000000000000000000000000000010
1010101010010000110100011011110010100000000000000000000000000000000010
1010010011110100101001100001001101100000000000000000000000000000000010
1010110110011010111101100000010110000000000000000000000000000000000010
1010111001001101010100100001110000100000000000000000000000000000000010
1011001000111110110010110001111010000000000000000000000000000000000010
1011110101100001100000101101011000100000000000000000000000000000000010
1011100111001011001111000010000000100000000000000000000000000000000010
1010001010010101011010111000100001100000000000000000000000000000000010
1010101010001010111100101101011101000000000000000000000000000000000010
1011110101101100000011000100100100000000000000000000000000000000000010
1010010101010101100101010101001000100000000000000000000000000000000010
1010010001100001000111000111110101000000000000000000000000000000000010
1010010001111001101110110011001011100000000000000000000000000000000010
1010110100010001100011101111110101000000000000000000000000000000000010
1011111110010111001110011111000110100000000000000000000000000000000010
1011011001000111011101011111111111000000000000000000000000000000000010
1010100011111001000010101000101001000000000000000000000000000000000010
1010100111000001010110001000101001000000000000000000000000000000000010
1010000110101010101010110101010100000000000000000000000000000000000010
1011101100110000001100010101000110100000000000000000000000000000000010
1010110010001110000010011001010100100000000000000000000000000000000010
1010110110100101110100010110100100100000000000000000000000000000000010
1011011111101010001110100101011101100000000000000000000000000000000010
1011010110000100111001000010100000100000000000000000000000000000000010
1011011111100001110100010101110111000000000000000000000000000000000010
1011111101000001011001000010001011100000000000000000000000000000000010
1011001101100010011111010100110000100000000000000000000000000000000010
1011101100101011001100100001010111100000000000000000000000000000000010
1011100010000000000011101000011000000000000000000000000000000000000010
1011010001001100100001111101101110100000000000000000000000000000000010
1011011111101111110110001101010010000000000000000000000000000000000010
1010101010101101101101001010100101100000000000000000000000000000000010
1011000001110001100010111001100011100000000000000000000000000000000010
1011011110000100011000011101001001000000000000000000000000000000000010
1011110001001000111111010001011100000000000000000000000000000000000010
1010111100001111011011000100110100000000000000000000000000000000000010
1010011111011110101110111100001010000000000000000000000000000000000010
1010101111001111100011011000100101100000000000000000000000000000000010
1011101011110110110110110100111001100000000000000000000000000000000010
1011001010100101000111001010001111100000000000000000000000000000000010
1011110001111000011100111100001101100000000000000000000000000000000010
1010001001010100111011000011111001100000000000000000000000000000000010
1011000001101101111010010111100000100000000000000000000000000000000010
1011110011000010100001011101101100000000000000000000000000000000000010
1010011001101111011010100001101100100000000000000000000000000000000010
1011101011000110111000000000100111000000000000000000000000000000000010
1011001010001010110011111010011000100000000000000000000000000000000010
1011000001110111101101010010010111000000000000000000000000000000000010
1011100011110000110010001001111111000000000000000000000000000000000010
1011001011111110000011110111000110000000000000000000000000000000000010
1010011001000101001100010101111011000000000000000000000000000000000010
1011011000011100000101011001001001000000000000000000000000000000000010
1011101101101110010111110000000010100000000000000000000000000000000010
1010101011011000001000010010011001000000000000000000000000000000000010
1011110110101101010111110100000001000000000000000000000000000000000010
1011000000100111101000010011000110100000000000000000000000000000000010
1011110110100100111010011111010000000000000000000000000000000000000010
1011110111010001101010110000101101000000000000000000000000000000000010
1010110110011001011000001000111001000000000000000000000000000000000010
1011100000010010110011110110101111100000000000000000000000000000000010
1011110100011110011110110100011100100000000000000000000000000000000010
1010010001111110100111001001011001000000000000000000000000000000000010
1010110010010100010011010100010001000000000000000000000000000000000010
1011000010001101100111101111000010100000000000000000000000000000000010
1011101111100111101011010011100001100000000000000000000000000000000010
1010110111101000111110111000001110000000000000000000000000000000000010
1011111100110101100001101100101001000000000000000000000000000000000010
1011110010000010100101000001010001000000000000000000000000000000000010
1010110111110100111101001000100101000000000000000000000000000000000010
1011010111101111100100000110010001000000000000000000000000000000000010
1010101110001010011001100110010010000000000000000000000000000000000010
1010100010100101110111110000100010100000000000000000000000000000000010
1011000110100100011100111110101111100000000000000000000000000000000010
1010000100111000101010000001110010000000000000000000000000000000000010
1011110110010100010010010000111010000000000000000000000000000000000010
1010000011110101010001100000011010000000000000000000000000000000000010
1010111101000100111000011101011000000000000000000000000000000000000010
1010111010100101000001100011100111000000000000000000000000000000000010
1010001101000011100011100100010110100000000000000000000000000000000010
1011101010000011110000000110000000100000000000000000000000000000000010
1010110010111101101111001001000001000000000000000000000000000000000010
1010110110101001010000101100000010100000000000000000000000000000000010
1010100110010101101000000100111101000000000000000000000000000000000010
1011010001001001001100011101100111000000000000000000000000000000000010
1010101101010100100100100110001100000000000000000000000000000000000010
1011001100111101000110110000010100100000000000000000000000000000000010
1010101100110111000000101000111110000000000000000000000000000000000010
1011100010001110110010001000100011000000000000000000000000000000000010
1010001101110010001000100111001011000000000000000000000000000000000010
1010101011111111101011000110100101000000000000000000000000000000000010
1011101101000110010000100100001001000000000000000000000000000000000010
1010011110001110110110000110010001100000000000000000000000000000000010
1010001101110100010001100111000100000000000000000000000000000000000010
1011101100001101100010101010011000000000000000000000000000000000000010
1010000000001001110100000010001000000000000000000000000000000000000010
1011010101011111101101111101111010100000000000000000000000000000000010
1011111111100100001111100101001101100000000000000000000000000000000010
1010011111000110011000101101100010000000000000000000000000000000000010
1011101101101001111000000111001000000000000000000000000000000000000010
1010011010100011010100111000001101000000000000000000000000000000000010
1011110011100110110111011101000111000000000000000000000000000000000010
1010001110001001101111110011100001000000000000000000000000000000000010
1010010010111000000000110001010100000000000000000000000000000000000010
1010111101001001101001110011100011100000000000000000000000000000000010
1010010110010011100001111011100111100000000000000000000000000000000010
1011010011011101001110001000001111000000000000000000000000000000000010
1011100101010001101000001101000100100000000000000000000000000000000010
1010111010101110011001110111011101000000000000000000000000000000000010
1011110011011000000011000011000011000000000000000000000000000000000010
1011100100000001011110010001000101000000000000000000000000000000000010
1010101000110000000011101110010010100000000000000000000000000000000010
1011111000101101000011011111101001100000000000000000000000000000000010
1010000001000101001100001010101111000000000000000000000000000000000010
1010011101111101001000100000000010100000000000000000000000000000000010
1010100101010101010011010011100110000000000000000000000000000000000010
1010111010101110011001011111000011000000000000000000000000000000000010
1011111001010101110010011110011110000000000000000000000000000000000010
1010000110101111010101010110111101100000000000000000000000000000000010
1010010100110001111111010110001001000000000000000000000000000000000010
1011010000110101101001001011010000100000000000000000000000000000000010
1010100100010001111000000101000000100000000000000000000000000000000010
1011000111101001111000001010010100100000000000000000000000000000000010
1010011101011010000110010000010011000000000000000000000000000000000010
1011111110111011111010001010111001000000000000000000000000000000000010
1011001001010000110111100000111111100000000000000000000000000000000010
1011011100110011100001010001110000100000000000000000000000000000000010
1011000111100011000110010110101001100000000000000000000000000000000010
1011110011110101100001111001100111000000000000000000000000000000000010
1010100100000000100111000100101101100000000000000000000000000000000010
1010011100001011001110011111000000100000000000000000000000000000000010
1011100000010111011010101000010001100000000000000000000000000000000010
1011010001011010111000011100000101100000000000000000000000000000000010
1010010000010110111101011110001111100000000000000000000000000000000010
1010100010001010000110011001000110100000000000000000000000000000000010
1011011001110000011011110010110001100000000000000000000000000000000010
1011111110111011010101010000000000000000000000000000000000000000000010
1011110100001100101100101101101101000000000000000000000000000000000010
1011011011011111110011011001001000000000000000000000000000000000000010
1010000101000010110001001111010001100000000000000000000000000000000010
1011000010110000101111001100100000100000000000000000000000000000000010
1010001001000100100101101000111111100000000000000000000000000000000010
1011100110100010110011000110101001100000000000000000000000000000000010
1010101111001010010001101110111011000000000000000000000000000000000010
1011010100101101010010100001000100000000000000000000000000000000000010
1010101110000001111111101100011101100000000000000000000000000000000010
1011001110111010110001110111101010100000000000000000000000000000000010
1010111001011110111101111100010100000000000000000000000000000000000010
1010001010001011010000100101000110000000000000000000000000000000000010
1011000011011001011100110101000100000000000000000000000000000000000010
1011100100110000111100001100011100000000000000000000000000000000000010
1010110111101000101111011011111000000000000000000000000000000000000010
1010001010110110010011101111110101000000000000000000000000000000000010
1010010111111001111111101111111111100000000000000000000000000000000010
1011010011011010011001011011100010100000000000000000000000000000000010
1010100010100011001000100100100001000000000000000000000000000000000010
1011101110010001000101101010001100100000000000000000000000000000000010
1011101100111011111001001011011010000000000000000000000000000000000010
1011000110110101101100000100010101100000000000000000000000000000000010
1011000101111100000100010010001100000000000000000000000000000000000010
1010011000011001111000000001111110000000000000000000000000000000000010
1011100001110001011000110100101010100000000000000000000000000000000010
1010011011001100010100100000000101000000000000000000000000000000000010
1010110101110011010001100101110111100000000000000000000000000000000010
1010111111001001110011110111010001000000000000000000000000000000000010
1011100101111110001111100101100101000000000000000000000000000000000010
1011000010000111011010000100101010000000000000000000000000000000000010
1010110110100010100011001010111111000000000000000000000000000000000010
1011001001010010101111100001111111000000000000000000000000000000000010
1011100101010001011011101010111000000000000000000000000000000000000010
1010111101011000010100011101100101000000000000000000000000000000000010
1010101100001010110001000010010000100000000000000000000000000000000010
1010011000001111100101111101000001100000000000000000000000000000000010
1011001101110100011000110110111001100000000000000000000000000000000010
1010000110000111100010111100001001100000000000000000000000000000000010
1011011111110011101110011100010011100000000000000000000000000000000010
1011100011111100000111110001110011000000000000000000000000000000000010
1011111110101010001101111001110100100000000000000000000000000000000010
1011111110001111100011011000101110100000000000000000000000000000000010
1010011010010011010000001010110001000000000000000000000000000000000010
1011001011101011000010010111010100100000000000000000000000000000000010
1011011001010001000100110000111011100000000000000000000000000000000010
1011001000100101101010100110101010000000000000000000000000000000000010
1010111101110100011100100100011010100000000000000000000000000000000010
1011000001100111010111000100100110000000000000000000000000000000000010
1010011001011111101101010101111000000000000000000000000000000000000010
1010100110110011101110110001111001100000000000000000000000000000000010
1011010011010001110101011100000001000000000000000000000000000000000010
1011110101100011110111111101100011000000000000000000000000000000000010
1010110000111111000101000001011000000000000000000000000000000000000010
1011110010111101111001011000100010000000000000000000000000000000000010
1011001010010000001001011110011010100000000000000000000000000000000010
1011101001101100101100101100010101000000000000000000000000000000000010
1011000101110111011011111010110101100000000000000000000000000000000010
1011110100100111110111111000101110100000000000000000000000000000000010
1011011111100001001110101010000000100000000000000000000000000000000010
1010010000100000001111110000010011000000000000000000000000000000000010
1010001000100000101011000001110000000000000000000000000000000000000010
1010110010010101111101101011110010100000000000000000000000000000000010
1010010111001011111001110111010000100000000000000000000000000000000010
1010011000100101010101011000001011000000000000000000000000000000000010
1011100000010110101101001111010111100000000000000000000000000000000010
1010000001001010000010011110001111100000000000000000000000000000000010
1011111101001011000101001100111110100000000000000000000000000000000010
1011010000111110000000101000011011000000000000000000000000000000000010
1010010010001100000010001000100110000000000000000000000000000000000010
1010100011101111001101001011001110000000000000000000000000000000000010
1011001011011010101010101101011001100000000000000000000000000000000010
1011001010011111101010101101000001000000000000000000000000000000000010
1011010011000111001100100001100000000000000000000000000000000000000010
1011001101011110000101111001111111100000000000000000000000000000000010
1011000111010110001100010111010110000000000000000000000000000000000010
1010001001000110000111110000101111000000000000000000000000000000000010
1011100011100101111010000001110111100000000000000000000000000000000010
1010011000110101000001100011101101100000000000000000000000000000000010
1010001110000111000010100000000110100000000000000000000000000000000010
1011100010011111110101110000010100100000000000000000000000000000000010
1011100011100111001010111101100100100000000000000000000000000000000010
1010000101011111010111111001111110100000000000000000000000000000000010
1010111110100001100001011111010100100000000000000000000000000000000010
1011110011100100000011100100001010000000000000000000000000000000000010
1011100101100111110100101111011100000000000000000000000000000000000010
1010001010011010111001011110111100100000000000000000000000000000000010
1011011000011101110000111000000111100000000000000000000000000000000010
1011100010011100111010010011011100100000000000000000000000000000000010
1010001011111000000110111111101000100000000000000000000000000000000010
1010010111011101000010111100001110100000000000000000000000000000000010
1010010010111000011111001111000100100000000000000000000000000000000010
1010000110100111010000100100101101100000000000000000000000000000000010
1011010000111111010000011111001111100000000000000000000000000000000010
1010001100011011100100000110111101000000000000000000000000000000000010
1010011110010010011111110000000111000000000000000000000000000000000010
1010010001010011010111110011011011000000000000000000000000000000000010
1011010010101111001010001000111100000000000000000000000000000000000010
1011110011100100101111011001000101000000000000000000000000000000000010
1010010001101111010111000010011001000000000000000000000000000000000010
1010111011100011001100101111001000000000000000000000000000000000000010
1011101110011110011110111100011001100000000000000000000000000000000010
1010010111111000000111010110111100000000000000000000000000000000000010
1011000110001100011001100010110101100000000000000000000000000000000010
1010011000101001100101000111101111100000000000000000000000000000000010
1010110000011100000000011000011010000000000000000000000000000000000010
1010111011001000111010000111110100000000000000000000000000000000000010
1010000001101110000100101100000011000000000000000000000000000000000010
1010101110000101111011001111011011000000000000000000000000000000000010
1010111011001110100101110101100101000000000000000000000000000000000010
1010011000110111100110110010111101000000000000000000000000000000000010
1010000010101000100111100010011000100000000000000000000000000000000010
1010001100000101011011000111110011100000000000000000000000000000000010
1011011100111101011110010110001010100000000000000000000000000000000010
1010110101100000101111001110100000000000000000000000000000000000000010
1011110101011010110010110011010001100000000000000000000000000000000010
1010110100100000110011011011010010000000000000000000000000000000000010
1010000101010100111111011110000101000000000000000000000000000000000010
1011011000001111111000001001110101000000000000000000000000000000000010
1010010010000110010100100001111110100000000000000000000000000000000010
1011111010011101101000010010010011100000000000000000000000000000000010
1011001010111111111111110111100101100000000000000000000000000000000010
1011010000111110100011101101111010100000000000000000000000000000000010
1010010100010110011100111110010011100000000000000000000000000000000010
1011001011101100000001010001100101100000000000000000000000000000000010
1011001110010000010000010110111001000000000000000000000000000000000010
1011011111110011111100000101111001100000000000000000000000000000000010
1011000110010111101111100000001000100000000000000000000000000000000010
1010000000110110100111110011110001000000000000000000000000000000000010
1010110000001110000011110100000001000000000000000000000000000000000010
1011101001011000001000100000110100100000000000000000000000000000000010
1011000011001001011111000101010011000000000000000000000000000000000010
1010110110101001010000100001100111100000000000000000000000000000000010
1010010111000011011001000000111101000000000000000000000000000000000010
1010100011111100110010101011110100000000000000000000000000000000000010
1010010110111101111011110110101010100000000000000000000000000000000010
1010010111111011111001101100010111000000000000000000000000000000000010
1011000000101100011110100111111111100000000000000000000000000000000010
1011101011100111010000001101100100000000000000000000000000000000000010
1011100011001111001011001110111101000000000000000000000000000000000010
1011010101100001011100000100100000100000000000000000000000000000000010
1010010000011000000010101000011010000000000000000000000000000000000010
1011100111001110100100011010000110000000000000000000000000000000000010
1010111010111001000111100001101000100000000000000000000000000000000010
1010000111000001010000010001101010000000000000000000000000000000000010
1011110100001000110011101111100110000000000000000000000000000000000010
1011001001110101010010001100000100100000000000000000000000000000000010
1010100010111001110010100110100100000000000000000000000000000000000010
1011111110101100001110011100110010100000000000000000000000000000000010
1010101101110001001001001011001000000000000000000000000000000000000010
1011111100001000010101110000110111000000000000000000000000000000000010
1011110011110100001010110000111001100000000000000000000000000000000010
1011110110100110011101001001111000100000000000000000000000000000000010
1010011110010000000111001011111000000000000000000000000000000000000010
1011110011000101101111110010011111000000000000000000000000000000000010
1010011001101011110010101100101101100000000000000000000000000000000010
1011001100001110111000010100010100000000000000000000000000000000000010
1010111011101010100101111100110010100000000000000000000000000000000010
1011001001010000011011010010111010000000000000000000000000000000000010
1011011111001100111111011100100010100000000000000000000000000000000010
1011110100001010100110000111000010000000000000000000000000000000000010
1011110011100010101001001010101010000000000000000000000000000000000010
1011100001101101010111100110100111100000000000000000000000000000000010
