1011000100111110001001011010001100100000000000000000000000000000000010
1010101011011010001000111101010100000000000000000000000000000000000010
1011101100000001110001000011100011000000000000000000000000000000000010
1010011001010000000001101001111111000000000000000000000000000000000010
1010011010110101011000011100100110100000000000000000000000000000000010
1010101011100111001010001110000110000000000000000000000000000000000010
1011011101001101101010011110001010100000000000000000000000000000000010
1011100001110100010110011101110110000000000000000000000000000000000010
1010100110010101101001010010001001000000000000000000000000000000000010
1011001001101101100111101100101110000000000000000000000000000000000010
1011101010000001110010000001001010100000000000000000000000000000000010
1010000000011011000011011000010101100000000000000000000000000000000010
1010010111010100110001010001010000100000000000000000000000000000000010
1010100100101111000111111001111100100000000000000000000000000000000010
1011100111011101010001010000011101000000000000000000000000000000000010
1010100000000110011011011001101110100000000000000000000000000000000010
1011111001110111001011101001110101100000000000000000000000000000000010
1011010101101011001100100011101101000000000000000000000000000000000010
1010111110111010111100000000001011000000000000000000000000000000000010
1010010100111110000100111000101100000000000000000000000000000000000010
1011100001111011001001000000001011000000000000000000000000000000000010
1011011010111010110001111011001000100000000000000000000000000000000010
1011010011000101100000100111110000100000000000000000000000000000000010
1010000111010001000111100111111011100000000000000000000000000000000010
1011011111110000011010000000000000000000000000000000000000000000000010
1010000100000101101101110100000100100000000000000000000000000000000010
1010101110110101011011101010000101000000000000000000000000000000000010
1011001101010010001011100111111110000000000000000000000000000000000010
1010101110001101011001001100101000100000000000000000000000000000000010
1010101011001110010010011111110111100000000000000000000000000000000010
1011100100011011000001011111010000100000000000000000000000000000000010
1010011101101101011011111001111010100000000000000000000000000000000010
1011011101010011000010111011011111000000000000000000000000000000000010
1010111101100001011011111111101001100000000000000000000000000000000010
1010111111101110001100011011101011000000000000000000000000000000000010
1010001010110010100111101001110100000000000000000000000000000000000010
1011000111111111101111101101000010000000000000000000000000000000000010
1011100100110011101001101111011100100000000000000000000000000000000010
1011001010011111010100100010001001000000000000000000000000000000000010
1010000110000011000101011011100111100000000000000000000000000000000010
1011110110000011101000010010000000100000000000000000000000000000000010
1010010110011000010101111111000110100000000000000000000000000000000010
1010100110001010010100111010001100100000000000000000000000000000000010
1010100110100101110111010100010101100000000000000000000000000000000010
1011000101000001101101100100010000000000000000000000000000000000000010
1011101101000110010100101010110110000000000000000000000000000000000010
1011101111010001011010000110011000100000000000000000000000000000000010
1011101011001010010011101111111101100000000000000000000000000000000010
1011111100011000011000111010111000100000000000000000000000000000000010
1011010011100000001110110111101011100000000000000000000000000000000010
1010111110111010101100110000000100000000000000000000000000000000000010
1010010011001001110010101101010011000000000000000000000000000000000010
1010100100111101101001100000101000000000000000000000000000000000000010
1011001000000001001101101001011111000000000000000000000000000000000010
1010010111111101101110111101000100000000000000000000000000000000000010
1011000011011100110111001010100101100000000000000000000000000000000010
1011111111100111001100010010010110100000000000000000000000000000000010
1010100100100000100111001110100011100000000000000000000000000000000010
1011001000111101101010101110001111100000000000000000000000000000000010
1010000111000111110101010111111100100000000000000000000000000000000010
1010001100100011001111100010101100100000000000000000000000000000000010
1010000100001110000100110100000010000000000000000000000000000000000010
1010101000110011110001001000001101000000000000000000000000000000000010
1010001001111111010000111111000111000000000000000000000000000000000010
1011111111111110010110111010101101100000000000000000000000000000000010
1011110001000000011011111111000011100000000000000000000000000000000010
1011101110010011111010110011000110000000000000000000000000000000000010
1010100100010000100110001011100001000000000000000000000000000000000010
1010110110000111011001000101001110100000000000000000000000000000000010
1011101110000101001011011011110111100000000000000000000000000000000010
1010110001110111101000101100100000100000000000000000000000000000000010
1010110001000100000101011110110010100000000000000000000000000000000010
1010111100010111101001001010001011000000000000000000000000000000000010
1010100010001110000111011110011011000000000000000000000000000000000010
1011110110011110010110101011011011000000000000000000000000000000000010
1010101111110010000111110101110000100000000000000000000000000000000010
1011000000000100110100001010100000000000000000000000000000000000000010
1010000100110100000110010001101001100000000000000000000000000000000010
1010011010010100111001000011110111100000000000000000000000000000000010
1010011100100001100111010110011010100000000000000000000000000000000010
1011011111110010100101000110001001000000000000000000000000000000000010
1010111100100000000110000010111100000000000000000000000000000000000010
1011011100101010011110001100101100000000000000000000000000000000000010
1010111111000001101111011101110011000000000000000000000000000000000010
1011101111111000100111100000001011000000000000000000000000000000000010
1010000001100111001100111111010110000000000000000000000000000000000010
1010101011000101101100100000010000000000000000000000000000000000000010
1010000010100000010111010111001001000000000000000000000000000000000010
1011101001111011101100001100000110100000000000000000000000000000000010
1011100100100110001011111111111011000000000000000000000000000000000010
1010111101010100110110010000001110000000000000000000000000000000000010
1010101000100000100111111100000000100000000000000000000000000000000010
1010111011111011110010001110100100000000000000000000000000000000000010
1011000000011100001101100000000010100000000000000000000000000000000010
1011111101111110101011101011110101100000000000000000000000000000000010
1010001100110001100111101111101110100000000000000000000000000000000010
1011111011111001101110010000101101100000000000000000000000000000000010
1010011010000101000011011011111110100000000000000000000000000000000010
1011110100101001110100011010111011000000000000000000000000000000000010
1010111000010101000110101111111101000000000000000000000000000000000010
1010100001111100100010000110000011000000000000000000000000000000000010
1010100101100101010101101010110110100000000000000000000000000000000010
1011001111101011100100101011110010000000000000000000000000000000000010
1010010100000001100111011010101100000000000000000000000000000000000010
1011111011011100111101110110101010000000000000000000000000000000000010
1010110100010111100010110000101111100000000000000000000000000000000010
1011011100110001010110101000000001000000000000000000000000000000000010
1011001100011000110000100100000111000000000000000000000000000000000010
1011111011011000111110010111101111000000000000000000000000000000000010
1011000000000100100010101011001110000000000000000000000000000000000010
1011011011011000100101000111110010100000000000000000000000000000000010
1011010000011101110001111011110010000000000000000000000000000000000010
1011110111101011000011110101010101100000000000000000000000000000000010
1011101110100001001011101010101111100000000000000000000000000000000010
1010000010101010110001000000001001100000000000000000000000000000000010
1010101001011010100000101101001101000000000000000000000000000000000010
1010011001100100101010001001110101100000000000000000000000000000000010
1011011101100001110111111000011011000000000000000000000000000000000010
1011001110101111111000011010010101100000000000000000000000000000000010
1011101010000001101111111010001100100000000000000000000000000000000010
1011110011110101001011101011100001100000000000000000000000000000000010
1010100100010101100011111101100101000000000000000000000000000000000010
1011110011101010010010001101010100000000000000000000000000000000000010
1011101011101001101001011110011101100000000000000000000000000000000010
1011000011011001010001111001010000000000000000000000000000000000000010
1011110001011101111111110110000111100000000000000000000000000000000010
1011011101110010111010010000010000000000000000000000000000000000000010
1011100000000000010000101010011111100000000000000000000000000000000010
1010011001010001110011110111110101000000000000000000000000000000000010
1011010010001011100111100101110010100000000000000000000000000000000010
1010111111110011000101101010011011100000000000000000000000000000000010
1011111001111100101101000001111110000000000000000000000000000000000010
1011010000000101111110101101000100100000000000000000000000000000000010
1010100101100110110111110101110011100000000000000000000000000000000010
1011100010100001110100110010110011000000000000000000000000000000000010
1010001010000000100000010110100111100000000000000000000000000000000010
1011101110010100001001010100110100000000000000000000000000000000000010
1011100001101011000011001101000110000000000000000000000000000000000010
1011011001101100111101010001011001100000000000000000000000000000000010
1010000100010010100001110001011011000000000000000000000000000000000010
1010101110101101010110000100011101000000000000000000000000000000000010
1011100100111011010111001000001101100000000000000000000000000000000010
1011111110110110011011010000101111000000000000000000000000000000000010
1010110111010100000101100110110101000000000000000000000000000000000010
1010011001000100000101000010010110100000000000000000000000000000000010
1010000010111100011000011010101110100000000000000000000000000000000010
1011111111000001000110010001100011100000000000000000000000000000000010
1010000000011000110011111000101110000000000000000000000000000000000010
1011110110100110010111110011111001100000000000000000000000000000000010
1010000000000000110011111101011011000000000000000000000000000000000010
1011111100001000101100000110010000100000000000000000000000000000000010
1011100000101011101011100011010010100000000000000000000000000000000010
1011000111010110000000010100101101000000000000000000000000000000000010
1010111000101001100110111000010000100000000000000000000000000000000010
1011111010000010111100000011011011100000000000000000000000000000000010
1010000100000010000100111101111100000000000000000000000000000000000010
1010100010100110011001001001110101000000000000000000000000000000000010
1010110100001100100111110101101101100000000000000000000000000000000010
1011111101100001010100001000101111000000000000000000000000000000000010
1010010100111111001111110001001101000000000000000000000000000000000010
1010010100001010010010001101101000000000000000000000000000000000000010
1010010011100111001110101000000010000000000000000000000000000000000010
1011011000110011000000100110001000000000000000000000000000000000000010
1010000011100001011011001001110001100000000000000000000000000000000010
1010000101010111000110100001101110000000000000000000000000000000000010
1010000101100000100111001100101001100000000000000000000000000000000010
1011000000110100101010000110100110000000000000000000000000000000000010
1010111100001110100010111011011011000000000000000000000000000000000010
1011101100111111000100101011000001000000000000000000000000000000000010
1010001010010100000010100101110101000000000000000000000000000000000010
1010010001111010100010011011100000100000000000000000000000000000000010
1011100011101100000101010110011100000000000000000000000000000000000010
1010100001101110011100010100010100000000000000000000000000000000000010
1010001111100000111110110000101000100000000000000000000000000000000010
1010110111110101100100101111011100000000000000000000000000000000000010
1010001010000101000010110100100001000000000000000000000000000000000010
1011100111010010010010101010001100000000000000000000000000000000000010
1010100011000100110101101101111110000000000000000000000000000000000010
1011000111001101011000100001000011000000000000000000000000000000000010
1010010111000010000010001011110110100000000000000000000000000000000010
1010000101000100010001010001101101100000000000000000000000000000000010
1010100011011100100000011111110001000000000000000000000000000000000010
1010110011111000111010110101000000000000000000000000000000000000000010
1010000100101100000101101101100101000000000000000000000000000000000010
1011100001100010010101101101000111100000000000000000000000000000000010
1010010010101100101110110101010111000000000000000000000000000000000010
1011010111011111001010010001000010100000000000000000000000000000000010
1010101101100101001010001010010011100000000000000000000000000000000010
1011111000000111000111000110111001100000000000000000000000000000000010
1010001001101000100111101011000100000000000000000000000000000000000010
1010001001110000000001100101000000100000000000000000000000000000000010
1010101000100001001110110110100111100000000000000000000000000000000010
1011100110000101001010100010111101000000000000000000000000000000000010
1011001010000000110111001000100010000000000000000000000000000000000010
1011111111111011011010000000101010100000000000000000000000000000000010
1011110110001000000011100001111001100000000000000000000000000000000010
1011011001101100100011110111110101100000000000000000000000000000000010
1011000001000000101111111000101110100000000000000000000000000000000010
1011111111110010110100001011111101100000000000000000000000000000000010
1011001110011000110101001010101011100000000000000000000000000000000010
1010100011101111110010101101010001100000000000000000000000000000000010
1010100000110011010011010110010011000000000000000000000000000000000010
1011101000010110001010100001001000100000000000000000000000000000000010
1011110111010110010111111101010111000000000000000000000000000000000010
1011110101100111110000011011010101000000000000000000000000000000000010
1010100011000010000110110000001110000000000000000000000000000000000010
1010100000110110101110100110011111100000000000000000000000000000000010
1010000001100001100000010111111110100000000000000000000000000000000010
1011010001100011001011101001000100000000000000000000000000000000000010
1010000001101111000010011100110101100000000000000000000000000000000010
1011110111111011011001001011001011100000000000000000000000000000000010
1010100000100100010111100110010110100000000000000000000000000000000010
1011111011101101010101101101011010000000000000000000000000000000000010
1011001010011011001111111001111100000000000000000000000000000000000010
1011010011000101001101001101111111000000000000000000000000000000000010
1011001100010100000010001011110100100000000000000000000000000000000010
1011110001011011101001001000010010000000000000000000000000000000000010
1010010001001011010011110001000001000000000000000000000000000000000010
1010010000010101001010000101111110000000000000000000000000000000000010
1011111010100100000011001111111100000000000000000000000000000000000010
1011000100111001110001011100101101100000000000000000000000000000000010
1011110001000000100111101110110011000000000000000000000000000000000010
1011011010000010101110001101110000100000000000000000000000000000000010
1010100100000100000111101110000100100000000000000000000000000000000010
1011010111100111001011101001001001000000000000000000000000000000000010
1011001010001000010010011111110100100000000000000000000000000000000010
1011011101110011110010111010100100100000000000000000000000000000000010
1010100111000000010110100011011011100000000000000000000000000000000010
1011010011001110110101000101000011000000000000000000000000000000000010
1010101110110100000001010010110110000000000000000000000000000000000010
1010101011111101110001011100100111000000000000000000000000000000000010
1011011000111010001100001101110000000000000000000000000000000000000010
1011110010111111001100001111000111000000000000000000000000000000000010
1010000011101010000111101011010011000000000000000000000000000000000010
1010000100111101101010101100101100100000000000000000000000000000000010
1010011101101010100011101011010100100000000000000000000000000000000010
1011111011111001001101011000101111000000000000000000000000000000000010
1011010101110100100001101111011111100000000000000000000000000000000010
1011000111000111111010010000001010100000000000000000000000000000000010
1010100111110000101100100110100011000000000000000000000000000000000010
1010010010000111110010001101101100000000000000000000000000000000000010
1010111011100100111010011101110000000000000000000000000000000000000010
1010001100101101000000101000100010100000000000000000000000000000000010
1010010011001000000110001111111011100000000000000000000000000000000010
1011110001011110111100001001001010100000000000000000000000000000000010
1010011000010100011010011100000000100000000000000000000000000000000010
1011101001011111111110110011110000100000000000000000000000000000000010
1010010011111010001011110000111000100000000000000000000000000000000010
1010100111001011001010101101010011000000000000000000000000000000000010
1010001110010100101010010111100001000000000000000000000000000000000010
1011011000011100111101000000100100000000000000000000000000000000000010
1010001001000101010011111101000101000000000000000000000000000000000010
1010011000010110001000110001010101000000000000000000000000000000000010
1010000001110001100110101111010010100000000000000000000000000000000010
1010110111011111111111101001100000000000000000000000000000000000000010
1011010011010000010001000001111001000000000000000000000000000000000010
1010101110000111101110011000111001000000000000000000000000000000000010
1010110011101000100110110001100011000000000000000000000000000000000010
1011001011111001101011100100000100000000000000000000000000000000000010
1010011001000000100111000101110100000000000000000000000000000000000010
1011010010000111011101010010001110000000000000000000000000000000000010
1010111100000100111111100010001001000000000000000000000000000000000010
1011100010100011111011110010010100000000000000000000000000000000000010
1011100100000000110111001101100001000000000000000000000000000000000010
1010100110111010001101110000000011000000000000000000000000000000000010
1010001110011101101100110011011011100000000000000000000000000000000010
1011011100011111101101100100011110100000000000000000000000000000000010
1010000001101110000101101111011111100000000000000000000000000000000010
1011011111010010000001110011000011000000000000000000000000000000000010
1011111000011000000110001110110111000000000000000000000000000000000010
1011111101000010100000101001111101100000000000000000000000000000000010
1010010110110101001111011111010001100000000000000000000000000000000010
1011001111001110101001011101010001000000000000000000000000000000000010
1010001001011100101110101011001001000000000000000000000000000000000010
1011000110001011101110000011001010000000000000000000000000000000000010
1010111001100111000001110010000111100000000000000000000000000000000010
1010001001111101111001001011000010000000000000000000000000000000000010
1011111001010101101110111001111010000000000000000000000000000000000010
1011100010110000010011010000001001000000000000000000000000000000000010
1010111000110001010111101011101011000000000000000000000000000000000010
1010000110101110000101100011101010000000000000000000000000000000000010
1011000110110101000111001011101111000000000000000000000000000000000010
1011010111001001011100010000001001000000000000000000000000000000000010
1010101011010010111101110011000110100000000000000000000000000000000010
1011111011000000010101001000111001100000000000000000000000000000000010
1010000101000100000111001101101111000000000000000000000000000000000010
1010111111110001011000001011010110100000000000000000000000000000000010
1011010101100001100101011001111011100000000000000000000000000000000010
1010011011100110010001010110010011100000000000000000000000000000000010
1011000001110101101010011011010011000000000000000000000000000000000010
1011101101101111100010001110010011100000000000000000000000000000000010
1010000001000100010101100001100111100000000000000000000000000000000010
1010111010101000110100111101010100000000000000000000000000000000000010
1010011000000111111101110101111011100000000000000000000000000000000010
1010111011110111011000110010010000000000000000000000000000000000000010
1010011011001100000111111100111100100000000000000000000000000000000010
1010100101110010110011010001010000000000000000000000000000000000000010
1010010000011100011111100001111111000000000000000000000000000000000010
1011001010100111111101010001011010100000000000000000000000000000000010
1011001111100001001001010000001000000000000000000000000000000000000010
1010001010001010010100001100011101100000000000000000000000000000000010
1010011000001101011111101101110011100000000000000000000000000000000010
1010111111111000010110001101000000100000000000000000000000000000000010
1010001001010101001001001111110110000000000000000000000000000000000010
1011111111101101001011010011110011100000000000000000000000000000000010
1010001011010111001111011110100100000000000000000000000000000000000010
1010100010011000010111111000101001100000000000000000000000000000000010
1010010110000010011101000000010010100000000000000000000000000000000010
1011110111110101000110010111000000000000000000000000000000000000000010
1011111000110100110000000100100011000000000000000000000000000000000010
1011101100010100011101010111110000100000000000000000000000000000000010
1011100011111101011110111001110001100000000000000000000000000000000010
1011100101111100111110101111010010100000000000000000000000000000000010
1010101111011000000001101011111000100000000000000000000000000000000010
1011110101110011010001010110111100100000000000000000000000000000000010
1011000000100000100111011101001001000000000000000000000000000000000010
1011110111111101011001001001000000100000000000000000000000000000000010
1010111000001101100100011001001011100000000000000000000000000000000010
1011000010101110011001101000001011100000000000000000000000000000000010
1010011010000000001100100111111100000000000000000000000000000000000010
1011100010010001110100011010001011000000000000000000000000000000000010
1010111110000001001011101000010111100000000000000000000000000000000010
1010000111000101111000101000011001100000000000000000000000000000000010
1010010110001011011101110100100100000000000000000000000000000000000010
1011100110010000101100001111001000100000000000000000000000000000000010
1011010010100100101011000000111101100000000000000000000000000000000010
1010001000001111111001000010000100000000000000000000000000000000000010
1011101011011001010111110101010000100000000000000000000000000000000010
1010100111111011010111110000001000000000000000000000000000000000000010
1010100100111000001110110101001010100000000000000000000000000000000010
1011100010111111001010001010010100100000000000000000000000000000000010
1011000111001100100101011111001000000000000000000000000000000000000010
1010001000011110111100001001100011000000000000000000000000000000000010
1011010001000001001011001111101101100000000000000000000000000000000010
1011000011111111101000111110000001000000000000000000000000000000000010
1010110111001111011001110001010111000000000000000000000000000000000010
1010010000111010001000110100101001100000000000000000000000000000000010
1010011101011001001111111001111111100000000000000000000000000000000010
1011010101010101111000000111000000000000000000000000000000000000000010
1011100111000010100110110010111110000000000000000000000000000000000010
1010100011101011111101001000000010000000000000000000000000000000000010
1011000010001000000011100000100001000000000000000000000000000000000010
1011111101001100011001000110100100000000000000000000000000000000000010
1011100010110001000101000010011010100000000000000000000000000000000010
1011100011010001010110011000111101100000000000000000000000000000000010
1010101101100111111111010110010011100000000000000000000000000000000010
1011010010101110110000001011111010100000000000000000000000000000000010
1010000011111011100001111001010110000000000000000000000000000000000010
1010010100101011111010100010000100100000000000000000000000000000000010
1011011110110000101110001111011101000000000000000000000000000000000010
1010000101111011001000100000010100000000000000000000000000000000000010
1010010110101111101110100100011110100000000000000000000000000000000010
1010111100101000000011010010111000100000000000000000000000000000000010
1011001110101110000100111010111011000000000000000000000000000000000010
1011111101010111101000101010010011000000000000000000000000000000000010
1011100100010001100101001000101010000000000000000000000000000000000010
1010111101011110011000101000011100000000000000000000000000000000000010
1010000000000100100010101111000100100000000000000000000000000000000010
1011110110110101111010100100110010000000000000000000000000000000000010
1010000111000100001001101000001110100000000000000000000000000000000010
1011011111011100110000111000101000000000000000000000000000000000000010
1010000111001011000010101011110111000000000000000000000000000000000010
1010100011111111110010001101000010100000000000000000000000000000000010
1010000010001000001010101110110110100000000000000000000000000000000010
1011000001001101110000010010000011000000000000000000000000000000000010
1011010110100100111100011011110011000000000000000000000000000000000010
1010110110100010111010001111110100000000000000000000000000000000000010
1010001110011010010101000101111010000000000000000000000000000000000010
1011001111111101011101000011100001000000000000000000000000000000000010
1011001010011010010111101001000111000000000000000000000000000000000010
1011111010011111001110001001100011000000000000000000000000000000000010
1011011100001101001110011011111011000000000000000000000000000000000010
1011001100101011101000010000111100000000000000000000000000000000000010
1010101011010100001000111001100001100000000000000000000000000000000010
1011001010110101100110100001000110100000000000000000000000000000000010
1011110000100111101001010011110111000000000000000000000000000000000010
1011110001101111101000100001001001000000000000000000000000000000000010
1011000010101000110011111010111111000000000000000000000000000000000010
1010000111111101111111001000111110100000000000000000000000000000000010
1011010100010110101111111110111111000000000000000000000000000000000010
1011011101100010001001001110111000100000000000000000000000000000000010
1011000111101000000100001000110110000000000000000000000000000000000010
1011111111000100111111011110010100100000000000000000000000000000000010
1011001101111010100101111100011010100000000000000000000000000000000010
1010011111110101110111011011001001100000000000000000000000000000000010
1010001011001111101010111111110010000000000000000000000000000000000010
1011111110000111110000110010000011100000000000000000000000000000000010
1010001011001100110111010000011001100000000000000000000000000000000010
1011100100110100110111001101100010100000000000000000000000000000000010
1010011010101001101000110001110011100000000000000000000000000000000010
1010110000101111011001011101011000100000000000000000000000000000000010
1011010001000001110100010111011011100000000000000000000000000000000010
1011010110111111000110101101000000000000000000000000000000000000000010
1010100001111001010000101111110100100000000000000000000000000000000010
1010011010011100101100101001110011000000000000000000000000000000000010
1010001000011000110100111100110011000000000000000000000000000000000010
1011101100011100000110100000000100100000000000000000000000000000000010
1010110000101100111010111000101111100000000000000000000000000000000010
1011111110010100110101101000001011000000000000000000000000000000000010
1010001110001011001110101001100110100000000000000000000000000000000010
1010011111100111000010101000001011000000000000000000000000000000000010
1010000011001111101011111011111110100000000000000000000000000000000010
1011101100111101111000000011011001000000000000000000000000000000000010
1010001010100000111000110101001101100000000000000000000000000000000010
1011011011000101000000101011010111100000000000000000000000000000000010
1011001001000000111111110101101011000000000000000000000000000000000010
1010011110110010001100010010001100100000000000000000000000000000000010
1010110111011011000010001111011011100000000000000000000000000000000010
1010110000111111111011001001001111100000000000000000000000000000000010
1010110101010001011100100111001010100000000000000000000000000000000010
1010110111111011110001010110011111000000000000000000000000000000000010
1010000000010111100011101000100110000000000000000000000000000000000010
1010110100010101001001111000110001100000000000000000000000000000000010
1011111010111001100000110100001000100000000000000000000000000000000010
1010001111110011111001100110000011000000000000000000000000000000000010
1011001011010010011000100101100011000000000000000000000000000000000010
1010110011000010110110110101000001100000000000000000000000000000000010
1010010011101010100011101111001111100000000000000000000000000000000010
1011110111011000110000100011001011000000000000000000000000000000000010
1011000110101001001101111111110110100000000000000000000000000000000010
1011011100100001111000101110000011100000000000000000000000000000000010
1011011001010000100101001110100111100000000000000000000000000000000010
1010010010111100011100010100001111000000000000000000000000000000000010
1010000100111011110010101011110001100000000000000000000000000000000010
1011011011101011101110100001011001100000000000000000000000000000000010
1011001010111110111100110111100011100000000000000000000000000000000010
1011011001011010111011100001010001000000000000000000000000000000000010
1010000000101010101101110011111110100000000000000000000000000000000010
1010111000101001010100001000000000000000000000000000000000000000000010
1010001001100000010111011101101000100000000000000000000000000000000010
1011101011011111000100010100000100000000000000000000000000000000000010
1010011100111011011011000111110010000000000000000000000000000000000010
1010011111100010111000110011000001100000000000000000000000000000000010
1011011011000101000010011011011011000000000000000000000000000000000010
1010011010111001110100001011101101100000000000000000000000000000000010
1010010100000000000101101100010100100000000000000000000000000000000010
1011010111110110100010011010101010000000000000000000000000000000000010
1010100001010001010101100001111001000000000000000000000000000000000010
1011111110000000011111010100100101000000000000000000000000000000000010
1011010101100011111100101011110111100000000000000000000000000000000010
1010010100011001010110110011101110100000000000000000000000000000000010
1010011010000110000001111001110001100000000000000000000000000000000010
1010110110111010101001110011000000100000000000000000000000000000000010
1011110111000111000101110111000001100000000000000000000000000000000010
1011111111010111110100111001011001100000000000000000000000000000000010
1010110111011000001101110011101000000000000000000000000000000000000010
1011011110000111010010000010001000000000000000000000000000000000000010
1010001010111010111101110111110001100000000000000000000000000000000010
1011110100101011100010010000000010000000000000000000000000000000000010
1011011101101101101111111011101111100000000000000000000000000000000010
1010001001100001111000001010000101000000000000000000000000000000000010
1011000100100101000000110110011111100000000000000000000000000000000010
1011111110011011001010000101100010000000000000000000000000000000000010
1010010100010101011110100101101000000000000000000000000000000000000010
1010110110001101010000010000010100000000000000000000000000000000000010
1010110110001111101001111001110011000000000000000000000000000000000010
1011111101011101011101100111001000000000000000000000000000000000000010
1010000001110000011110111101010001100000000000000000000000000000000010
1011100111001011001110110011001110100000000000000000000000000000000010
1011010110011010101111001111000111100000000000000000000000000000000010
1010000100100111000101100010110000100000000000000000000000000000000010
1010001000000100001110111111110001000000000000000000000000000000000010
1010011100010011011100101000001000000000000000000000000000000000000010
1011111011110100011101001001110011000000000000000000000000000000000010
1010101011110010110000010010010111000000000000000000000000000000000010
1011011011100010000000000011011000100000000000000000000000000000000010
1011001100011000110101111001110010000000000000000000000000000000000010
1010001000101100011010011101111011000000000000000000000000000000000010
1011110000111001001010101111110010000000000000000000000000000000000010
1011110101000100010110111111000011100000000000000000000000000000000010
1010010111010111111010011111000111000000000000000000000000000000000010
1010111000000111110011011100011000100000000000000000000000000000000010
1010000110000111111100101011110001000000000000000000000000000000000010
1010001011111000111011011101010101000000000000000000000000000000000010
1010010111100000011100000010001111100000000000000000000000000000000010
1011000000111011111111011011101101100000000000000000000000000000000010
1010011110001110100111010111110001000000000000000000000000000000000010
1011111010100000111001001111110010100000000000000000000000000000000010
1011001110001111110001100000000110100000000000000000000000000000000010
1010111110101010010001000111001011000000000000000000000000000000000010
1010111001111000011010100010111111000000000000000000000000000000000010
1011110011100100110010000000010011100000000000000000000000000000000010
1011111011001101000001010000100011000000000000000000000000000000000010
1010011011010110110101010101010011100000000000000000000000000000000010
1011110110010111111011011100100001000000000000000000000000000000000010
1010010111111001010001010110111110100000000000000000000000000000000010
1011101101010111110100000000010010000000000000000000000000000000000010
1010101000011011100010011101111111100000000000000000000000000000000010
1010010110001110100100101001111001100000000000000000000000000000000010
1011100011111111010000000101011001000000000000000000000000000000000010
1011010000010100111100100010011010000000000000000000000000000000000010
1011001001011100010010100111111001100000000000000000000000000000000010
1011001010000110011000010101000100000000000000000000000000000000000010
1011010101111111010000101010101100000000000000000000000000000000000010
1010111110010111010110011100111010000000000000000000000000000000000010
1011110010001110001110101001111111100000000000000000000000000000000010
1010111000110011111010010010101011100000000000000000000000000000000010
1010000010100111010100001110010100100000000000000000000000000000000010
1011111001100110010011000001100001100000000000000000000000000000000010
1011001110100100010011110111110101100000000000000000000000000000000010
1011110111100011101100110100101000100000000000000000000000000000000010
1011001000000010000101011000011011000000000000000000000000000000000010
1010000111001010100000100000000101100000000000000000000000000000000010
1010011011011001000110010011101111100000000000000000000000000000000010
1010000101101100001000100100100000000000000000000000000000000000000010
1010111111011111101101001111011011000000000000000000000000000000000010
1011011011110100110101111110010000000000000000000000000000000000000010
1011100111010100010010100001011001000000000000000000000000000000000010
1011101110000111101001110111011001100000000000000000000000000000000010
1011111110110010000000000111110111100000000000000000000000000000000010
1011111110011100010010000001010011100000000000000000000000000000000010
1010100011100111011001000010110101000000000000000000000000000000000010
1010001101011000010010011000000101100000000000000000000000000000000010
1011000001000011011010011000111101100000000000000000000000000000000010
1011111111000110011110001100000011000000000000000000000000000000000010
1011111100011100001111110101101111100000000000000000000000000000000010
1011001111001110010011000101101010100000000000000000000000000000000010
1010001001001100011101111111011001100000000000000000000000000000000010
1011000011001111101101111111110011100000000000000000000000000000000010
1011011101101110011111111011011001100000000000000000000000000000000010
1011001010101111010100101100000000000000000000000000000000000000000010
1011110010011001011010100110001010000000000000000000000000000000000010
1011011111010111101100001010111000000000000000000000000000000000000010
1010101010100100100011101001001011000000000000000000000000000000000010
1010111011100011111011011011001101100000000000000000000000000000000010
1010111011000100000110110011011100100000000000000000000000000000000010
1011101011110011101111001111011010000000000000000000000000000000000010
1010010110111001110010000010100011100000000000000000000000000000000010
1011110110110110100101111111101000100000000000000000000000000000000010
1010100100111101101110111000011100000000000000000000000000000000000010
1011001100100101100010110110010111100000000000000000000000000000000010
1011101000101111000000110110101111100000000000000000000000000000000010
1011011101110011001010000111010111100000000000000000000000000000000010
1010101000100100100110000111111101000000000000000000000000000000000010
1011101111010010101110011101011101100000000000000000000000000000000010
1011010000000000111101000011001101000000000000000000000000000000000010
1010011100000011111001110110010101000000000000000000000000000000000010
1011110011010000111101000011001111000000000000000000000000000000000010
1011011011100101000111001110001110000000000000000000000000000000000010
1011100010010000101100001101110110100000000000000000000000000000000010
1011110000010101111101101000011010100000000000000000000000000000000010
1011101101000001101111000110111011100000000000000000000000000000000010
1011111111010111111000110000101101000000000000000000000000000000000010
1011001111011100011111010000001010100000000000000000000000000000000010
1011110001001100011010001000100010100000000000000000000000000000000010
1011011000110100101110100001000100000000000000000000000000000000000010
1011011001101001110011000000011010000000000000000000000000000000000010
1010101111101110010010110001000001000000000000000000000000000000000010
1011110101010010101011010010110110000000000000000000000000000000000010
1011101100010110000111011100011010000000000000000000000000000000000010
1010100010111100010111111000000110000000000000000000000000000000000010
1011010000111010011101111011110110100000000000000000000000000000000010
1010101111101001011001101100101101100000000000000000000000000000000010
1010001011011010011111011010111011000000000000000000000000000000000010
1011001101011101100010000100101000000000000000000000000000000000000010
1010100010100011101101000001011111100000000000000000000000000000000010
1011001111100111101000010101110111000000000000000000000000000000000010
1010000111100011000101010011111011000000000000000000000000000000000010
1011111110111110100001010100001010000000000000000000000000000000000010
1010010001110101101110001001101001000000000000000000000000000000000010
1010010000101001010001000101000011100000000000000000000000000000000010
1011110010111110101001100011001110100000000000000000000000000000000010
1011010101110100111111000000111010000000000000000000000000000000000010
1010111000010010100000100101111111000000000000000000000000000000000010
1011110111010001101000001011001000000000000000000000000000000000000010
1010100100100010111110111001111001000000000000000000000000000000000010
1010110100110111101001100011101111000000000000000000000000000000000010
1011000000000011000101101010110111100000000000000000000000000000000010
1011101010010101100000110100010001100000000000000000000000000000000010
1010000000001000010110101000111101000000000000000000000000000000000010
1011111110001110100101000110010000000000000000000000000000000000000010
1011010011000101001111100111100111000000000000000000000000000000000010
1011110111010101110010010111100111000000000000000000000000000000000010
1010001111000001111011000100101010100000000000000000000000000000000010
1011111001000111110010000100100011100000000000000000000000000000000010
1010000000111110010011101000111100000000000000000000000000000000000010
1011110111110101111000001101101110000000000000000000000000000000000010
1011010111110110100001101001111111000000000000000000000000000000000010
1011001000111111110100000010001011100000000000000000000000000000000010
1011010001001000000000001101000001000000000000000000000000000000000010
1011110011101100110010100111000010100000000000000000000000000000000010
1011110011000111100101011100111000000000000000000000000000000000000010
1010111111110011110001101100111111000000000000000000000000000000000010
1010001001101001001001011100101001100000000000000000000000000000000010
1010011000100000010110010010101000000000000000000000000000000000000010
1010000010001100100001101110001011100000000000000000000000000000000010
1011000111001101101111000110010011000000000000000000000000000000000010
1010000111001001001110100000110011100000000000000000000000000000000010
1011101010101011001000101001001000000000000000000000000000000000000010
1010100001000010100011101111001111100000000000000000000000000000000010
1011010011101011111011100100111111100000000000000000000000000000000010
1011000100101110010011101101101001100000000000000000000000000000000010
1011100001101100111000101100111101000000000000000000000000000000000010
1010100000110110001101100111011000100000000000000000000000000000000010
1011011000011110010111110100010110100000000000000000000000000000000010
1011000011111101010110100010110100100000000000000000000000000000000010
1010101111100011011110101110000111100000000000000000000000000000000010
1010000001010111101010101011011100100000000000000000000000000000000010
1010000011010100110000010010010000000000000000000000000000000000000010
1010111100001011011110110110110011000000000000000000000000000000000010
1010110100100110010000000101110010000000000000000000000000000000000010
1010011000001000101001110101001010000000000000000000000000000000000010
1010010101010110111001111000100000100000000000000000000000000000000010
1010110001000111110011101011101111100000000000000000000000000000000010
1011100100000001110000110000011010000000000000000000000000000000000010
1010111110011100110011100111010111100000000000000000000000000000000010
1011001001001000110001100101101111000000000000000000000000000000000010
1010001101101110110010010101000111000000000000000000000000000000000010
1011101001110010111100000101000001100000000000000000000000000000000010
1011000000001000001110110001111000000000000000000000000000000000000010
1010011100111111101011100010001000000000000000000000000000000000000010
1011101000000010011111111011100000000000000000000000000000000000000010
1010100011001011100010101000100001000000000000000000000000000000000010
1010000000110001010000100000111100000000000000000000000000000000000010
1011111001001111111000000001010110100000000000000000000000000000000010
1011100100100101000111111010010101100000000000000000000000000000000010
1010110010100001010100101011110010100000000000000000000000000000000010
1011000111001110100101111111100110000000000000000000000000000000000010
1010101101011101000100111100000000100000000000000000000000000000000010
1011100010000001000011101101101000100000000000000000000000000000000010
1011101101010001110100010001101001000000000000000000000000000000000010
1011100001110000000001101011101111100000000000000000000000000000000010
1010011000110110110000100001110011000000000000000000000000000000000010
1010001111101001010111101000110011100000000000000000000000000000000010
1011010111111100001000110101001010000000000000000000000000000000000010
1010100011011001101011010001011000100000000000000000000000000000000010
1011001101011101001110001111110100000000000000000000000000000000000010
1010011100011000001100010000000110100000000000000000000000000000000010
1010001000101101111010001100000010100000000000000000000000000000000010
1011000000010010000111100101011110100000000000000000000000000000000010
1010111000000001100001011011111000000000000000000000000000000000000010
1011100011000000100100010010010011000000000000000000000000000000000010
1011011010100111101100110110010011100000000000000000000000000000000010
1011000110011001000011111101100111000000000000000000000000000000000010
1010100101111000000110100100001101100000000000000000000000000000000010
1010001010000010000110010000110010000000000000000000000000000000000010
1011001111101101111100101011101110100000000000000000000000000000000010
1011000010110110100111111101111111100000000000000000000000000000000010
1010110001110001101001001000100100000000000000000000000000000000000010
1011000001110101100111001010111111100000000000000000000000000000000010
1010110111111001110101000000001000000000000000000000000000000000000010
1010001010011001000001011101111010100000000000000000000000000000000010
1011110110000000011111100011000000000000000000000000000000000000000010
1011000000001110000110001101101011100000000000000000000000000000000010
1010001101101111011001001101000010000000000000000000000000000000000010
1011000101110100110110010100010100100000000000000000000000000000000010
1011101011010011100110000101000100000000000000000000000000000000000010
1011010101111110101011111100101111000000000000000000000000000000000010
1011111110010110011000101111111100000000000000000000000000000000000010
1011000101111001000001001001011111000000000000000000000000000000000010
1011101100110100011000100110000011000000000000000000000000000000000010
1011100111001011110110110011101010000000000000000000000000000000000010
1011010110111111101011011000111100000000000000000000000000000000000010
1011110110110000000011101011111110100000000000000000000000000000000010
1010010011110101110110011000011000100000000000000000000000000000000010
1010011101000011100100101111001000100000000000000000000000000000000010
1011101110001000111000000100010011100000000000000000000000000000000010
1011100001101000011101101100000111000000000000000000000000000000000010
1010011011000010010011110111000011000000000000000000000000000000000010
1011010000110010000010110101101110100000000000000000000000000000000010
1010000110100110011111000000101101000000000000000000000000000000000010
1010010100010010010100100011101000000000000000000000000000000000000010
1010011111001001100011010000000011000000000000000000000000000000000010
1010001110001100000101110000010111000000000000000000000000000000000010
1011101110101111001001100011010010100000000000000000000000000000000010
1011101110100000000001100011111101000000000000000000000000000000000010
1010100100101110101000000010000011000000000000000000000000000000000010
1010010111101011010001111011100010000000000000000000000000000000000010
1010111011011111001000110010110111000000000000000000000000000000000010
1011001101001110010011010011111011100000000000000000000000000000000010
1011110011011110110101001011101001100000000000000000000000000000000010
1010100100100101011100001100111110000000000000000000000000000000000010
1011111011100011011010101101011000100000000000000000000000000000000010
1011000111001001000101010011001011100000000000000000000000000000000010
1010110011100010100011101010100001000000000000000000000000000000000010
1010100000000111011110110111101010100000000000000000000000000000000010
1010110011110101001011010000111000000000000000000000000000000000000010
1011100011100000010101100001111001000000000000000000000000000000000010
1011100110011000000111000011111011000000000000000000000000000000000010
1011000011101000011100011011011111100000000000000000000000000000000010
1011111100110000000000000111000110100000000000000000000000000000000010
1011100011000010000000111111111010100000000000000000000000000000000010
1010000110001010111101001101011110000000000000000000000000000000000010
1011011001000010100111001110001011000000000000000000000000000000000010
1011100010110011100100010010110101000000000000000000000000000000000010
1010000011000000000101111011011111100000000000000000000000000000000010
1010010011010111111010000000100001100000000000000000000000000000000010
1010101001000000100100001111001011100000000000000000000000000000000010
1010011101111010001101101001000011100000000000000000000000000000000010
1010100001011110000110110011101101100000000000000000000000000000000010
1010101111110011010001100100100100000000000000000000000000000000000010
1011100001000110100111001111011011100000000000000000000000000000000010
1010111011010001010001010110001100000000000000000000000000000000000010
1011111010001011100001010010000101100000000000000000000000000000000010
1011111000001001010000011000100100000000000000000000000000000000000010
1010011100111100011100001110001111100000000000000000000000000000000010
1011111010111101110111100000100000100000000000000000000000000000000010
1010000110110000110011110100110011000000000000000000000000000000000010
1010001111000001000000000111000010100000000000000000000000000000000010
1010101000111101101111001111110101000000000000000000000000000000000010
1011100110100101011001001000000001000000000000000000000000000000000010
1010100010010001110000101100011010000000000000000000000000000000000010
1010001101101110111001110101001101000000000000000000000000000000000010
1010010010100000100011001101001101000000000000000000000000000000000010
1011110111010110010101000000001000100000000000000000000000000000000010
1010000101010100011101010100110111000000000000000000000000000000000010
1011010100011111101111101010011010100000000000000000000000000000000010
1010010101101110100001010000110100000000000000000000000000000000000010
1011111110010000111010101010010010000000000000000000000000000000000010
1011110010000100111001010000011111100000000000000000000000000000000010
1011111010100111111000000000100010000000000000000000000000000000000010
1011101100011111100011011111111011100000000000000000000000000000000010
1011010100110110111010100010011000000000000000000000000000000000000010
1010001010111100000010100000100111000000000000000000000000000000000010
1010101110100111111111100100000011000000000000000000000000000000000010
1010001100111001010101101010111011000000000000000000000000000000000010
1011100000111110101011010000000010000000000000000000000000000000000010
1010100100100111011100110110101000000000000000000000000000000000000010
1010010000101101101000111101011101000000000000000000000000000000000010
1011011110010101100101011011100001100000000000000000000000000000000010
1010001010110111111000000000100000100000000000000000000000000000000010
1011100011011110001011000011101101100000000000000000000000000000000010
1010011101010001101100001110100000000000000000000000000000000000000010
1010110001100010101011000010101001000000000000000000000000000000000010
1010111111010010111011111000001001100000000000000000000000000000000010
1010001011111110011000001001010010100000000000000000000000000000000010
1010010111111011000000010001001000100000000000000000000000000000000010
1011000100001000010011110111000011100000000000000000000000000000000010
1011001001101010111100000110001011000000000000000000000000000000000010
1010010101111000000001110110111110000000000000000000000000000000000010
1011100000100011110100111110000010000000000000000000000000000000000010
1011000100100000111101110111110011000000000000000000000000000000000010
1010101000001110101110011100001000000000000000000000000000000000000010
1011000001101110100110110101101110000000000000000000000000000000000010
1011111111000101101110111101011111100000000000000000000000000000000010
1011101011010111011101001000101000100000000000000000000000000000000010
1010011111011110011010011011000000100000000000000000000000000000000010
1011100110101110111110100101001011100000000000000000000000000000000010
1010111101101001101110110001100010100000000000000000000000000000000010
1011001000101011000111111000100100000000000000000000000000000000000010
1011100110111011111111011010110010000000000000000000000000000000000010
1010110110001010101111111110011011100000000000000000000000000000000010
1010011101010001111110011000110010100000000000000000000000000000000010
1010001000000001000100111000111100100000000000000000000000000000000010
1011111101001010010101100000000010000000000000000000000000000000000010
1010011001000001101111010011101100000000000000000000000000000000000010
1010111000111010100011011101011001100000000000000000000000000000000010
1011001000101011110100101110100101100000000000000000000000000000000010
1011100010011001100100101000000010000000000000000000000000000000000010
1010001101011110110101111001110010100000000000000000000000000000000010
1011110101010001011110001111000001100000000000000000000000000000000010
1010101010000011011111000101101001100000000000000000000000000000000010
1010101111100111110100100101000100100000000000000000000000000000000010
1011000110011101110010110000101011000000000000000000000000000000000010
1011110101111011110000110000100101000000000000000000000000000000000010
1010101101000001110100100011100011000000000000000000000000000000000010
1010000110110100110111001011001111100000000000000000000000000000000010
1010010111001100001110100110010110000000000000000000000000000000000010
1010100101111011110000100110000110100000000000000000000000000000000010
1011000010001100010001001101111111100000000000000000000000000000000010
1011011100011101011100000010011110000000000000000000000000000000000010
1011101111001001000100111101011101000000000000000000000000000000000010
1010101011011111101011010010011110000000000000000000000000000000000010
1010000000010101001001100000101001100000000000000000000000000000000010
1010100111101011010000000101110000100000000000000000000000000000000010
1010011100011101011101110101110000100000000000000000000000000000000010
1010111000000001100001011011111000000000000000000000000000000000000010
1010111111011101000100110110001000100000000000000000000000000000000010
1011101011011011010111001111001010100000000000000000000000000000000010
1011010001000010010110110111110001000000000000000000000000000000000010
1010101011100110110100011010010010000000000000000000000000000000000010
1010001111010001000111111110011111000000000000000000000000000000000010
1011010101000100001000110110100001100000000000000000000000000000000010
1010101100011101001000010001001000100000000000000000000000000000000010
1011001101101011011111101001000000000000000000000000000000000000000010
1011111100110001101101001110000100100000000000000000000000000000000010
1010111110111111101111100111110000000000000000000000000000000000000010
1011111111000010100101001111101011100000000000000000000000000000000010
1010010110110111110111011001000011000000000000000000000000000000000010
1011010010010010000110001011101111000000000000000000000000000000000010
1011101001000010111100100100100000000000000000000000000000000000000010
1011111111010100001011111101001100000000000000000000000000000000000010
1011111111101101110101100010011100000000000000000000000000000000000010
1010011010000100011101001000011111000000000000000000000000000000000010
1011100101100110000101011010110001000000000000000000000000000000000010
1011001001001100010001000111110011100000000000000000000000000000000010
1010011010110110000000010000101010100000000000000000000000000000000010
1010000001001110010100110011101111000000000000000000000000000000000010
1010101101001111111010010101111001100000000000000000000000000000000010
1010100101000101110101110011000101000000000000000000000000000000000010
1010111000000011110000010000001001000000000000000000000000000000000010
1010101001101100011110111001010100000000000000000000000000000000000010
1011001010010000000100011110100000000000000000000000000000000000000010
1011011000000100010100111001111010100000000000000000000000000000000010
1011010100000101011111011011000010100000000000000000000000000000000010
1010100011111000100110010011001110100000000000000000000000000000000010
1011110000100010100011110111001010100000000000000000000000000000000010
1010110110000000010000010110101011000000000000000000000000000000000010
1011011110100010100001000101001001000000000000000000000000000000000010
1010111011010110000110001100110101100000000000000000000000000000000010
1011110000110011111010010101011110000000000000000000000000000000000010
1010001010001110011101101101011000000000000000000000000000000000000010
1011111100011111001000100000000110000000000000000000000000000000000010
1011000111110110101010010001110111000000000000000000000000000000000010
1011011101001100010000000000100100100000000000000000000000000000000010
1011000110000010101011010011111101100000000000000000000000000000000010
1010101111111010101111011000110010000000000000000000000000000000000010
1011100111000110110111100000001100100000000000000000000000000000000010
1011110010101101110000011101001000100000000000000000000000000000000010
1010000100001000110001100001110010100000000000000000000000000000000010
1011100000000110110110011101000110000000000000000000000000000000000010
1010101111101110000010111001010101100000000000000000000000000000000010
1011110010101101001111010011000010100000000000000000000000000000000010
1011001011000101110001011011100011100000000000000000000000000000000010
1011100111110101010001100001100010100000000000000000000000000000000010
1011011001110010001000110111110111100000000000000000000000000000000010
1010011111011010100101010010011100000000000000000000000000000000000010
1010000010110010001000010110110000000000000000000000000000000000000010
1011101011011111111000000000000001000000000000000000000000000000000010
1011001101000011111010110110101101000000000000000000000000000000000010
1010101000101110011001110100010101100000000000000000000000000000000010
1010011010000011100001001011110110000000000000000000000000000000000010
1011001111110110011101100011000000000000000000000000000000000000000010
1010100100111010010100001111101110000000000000000000000000000000000010
1011000100110001001111110000010011100000000000000000000000000000000010
1011100010011101110001101001000011000000000000000000000000000000000010
1011011010101101111011111110010101000000000000000000000000000000000010
1011001110101100111111111010010101000000000000000000000000000000000010
1010111110010010110100000001011101000000000000000000000000000000000010
1011101100000101010010001111011111000000000000000000000000000000000010
1011010101101000100110000011110010100000000000000000000000000000000010
1010000001001001001111001101000011100000000000000000000000000000000010
1011001011011101101011100110010011000000000000000000000000000000000010
1010001011000010001101101111100110000000000000000000000000000000000010
1010011111011111110011000010100101100000000000000000000000000000000010
1011110111101101010001101100110110100000000000000000000000000000000010
1010011000110110110000000001110001000000000000000000000000000000000010
1010000010000011110011000111110110000000000000000000000000000000000010
1011101101000011101100100000011110000000000000000000000000000000000010
1010110110000010011110111101101110100000000000000000000000000000000010
1011000101100000111101100011110100000000000000000000000000000000000010
1011001011001000111101111010011100000000000000000000000000000000000010
1010111111111101011011011010010000100000000000000000000000000000000010
1010000010111100010111100101000101000000000000000000000000000000000010
1011000011100011011110110101010001000000000000000000000000000000000010
1011000001000100010001011110100111100000000000000000000000000000000010
1010110110001101000010000101100100100000000000000000000000000000000010
1010001111110111010010111111010111100000000000000000000000000000000010
1011110110010100101011010101110000000000000000000000000000000000000010
1011001011110110001000000110011011000000000000000000000000000000000010
1010010110000001110010001100100000000000000000000000000000000000000010
1011010110100001010100111110111011000000000000000000000000000000000010
1011011110100110111000100100100100100000000000000000000000000000000010
1010000111101000110000111101100001100000000000000000000000000000000010
1011001111101010100001101100110100100000000000000000000000000000000010
1010111011110110000110101000101100000000000000000000000000000000000010
1011111000100000011001010100111110100000000000000000000000000000000010
1011110111000100011011110111111111100000000000000000000000000000000010
1010101011101011111101000001011001100000000000000000000000000000000010
1011101011110000010010110101101110000000000000000000000000000000000010
1011011011100001100000000000100010100000000000000000000000000000000010
1010001011000010000110000010010100000000000000000000000000000000000010
1011011001001000001101000011000011000000000000000000000000000000000010
1011101111101010111110111110111111100000000000000000000000000000000010
1011111101101110101101100011100111100000000000000000000000000000000010
1010110011000110011011000011000011000000000000000000000000000000000010
1010111010101001111110100011000001100000000000000000000000000000000010
1011000111111000000001011010011111100000000000000000000000000000000010
1010010001001101110001010010100000100000000000000000000000000000000010
1010001111011010010111001110001101100000000000000000000000000000000010
1011010110011110101001101001101000000000000000000000000000000000000010
1011101000100000111011101010111000100000000000000000000000000000000010
1011000110000001101010100100100000100000000000000000000000000000000010
1010000000011001001000110110001001100000000000000000000000000000000010
1010110111100111001110110000001011000000000000000000000000000000000010
1010001010110100001010001111101001100000000000000000000000000000000010
1010000111111000010001100001011011100000000000000000000000000000000010
1010110000001001000100000111000001100000000000000000000000000000000010
1011011101001001001000000011110111100000000000000000000000000000000010
1010111010110101100100010100011011100000000000000000000000000000000010
1011101011110100000001000000001010000000000000000000000000000000000010
1010001110010001010011100000110011000000000000000000000000000000000010
1010000101001110011101010010100000000000000000000000000000000000000010
1010000101000110100101010011100100100000000000000000000000000000000010
1010000110011001010001101000110101000000000000000000000000000000000010
1010000010100010010011100111110011000000000000000000000000000000000010
1010011001110011001010111100101001000000000000000000000000000000000010
1010011001001111101010011100111001100000000000000000000000000000000010
1011010110111101000001000000000000100000000000000000000000000000000010
1011001010011011110010110101111111100000000000000000000000000000000010
1010100101011110101011010101011101000000000000000000000000000000000010
1010001011010101100110111011111110000000000000000000000000000000000010
1011001111110010011001100100000011000000000000000000000000000000000010
1010110001011101011100111110101001000000000000000000000000000000000010
1010101000001100101000001000110010100000000000000000000000000000000010
1010000000110101100010001001100111000000000000000000000000000000000010
1011111110110100111111110010010000000000000000000000000000000000000010
1010010100110011000100011100010001000000000000000000000000000000000010
1011110001000111011000110010010100000000000000000000000000000000000010
1011001111101100101110011010111111100000000000000000000000000000000010
1011101001111101001001011100100001100000000000000000000000000000000010
1011001010010100000111110110101111100000000000000000000000000000000010
1010111111100100100011101100000000000000000000000000000000000000000010
1011001111101001001010100011111110100000000000000000000000000000000010
1010100110011100010010100000010000100000000000000000000000000000000010
1010110010110011101100111001110101100000000000000000000000000000000010
1010110001111101100011111001001011100000000000000000000000000000000010
1010001011110100010111100101100110000000000000000000000000000000000010
1011100001011000111100100111110001100000000000000000000000000000000010
1011011011100110001101101011010111100000000000000000000000000000000010
1011101100011001111000101111011011100000000000000000000000000000000010
1010011000000100000001011010010111000000000000000000000000000000000010
1011000001111010100000001001010100100000000000000000000000000000000010
1011011100101101011110101111001001100000000000000000000000000000000010
1010111001100111110011010011101000000000000000000000000000000000000010
1010000000101010101001011101101011000000000000000000000000000000000010
1010110011100011110001001111001001000000000000000000000000000000000010
1011001010001110001100011011111001100000000000000000000000000000000010
1011111100100110111100001101011010000000000000000000000000000000000010
1010011110101110011101101111101101000000000000000000000000000000000010
1011100101100000100111000010100000000000000000000000000000000000000010
1010011100010000100011111000101000100000000000000000000000000000000010
1010111110101100000000110000010000100000000000000000000000000000000010
1011011111100100110101000101110010100000000000000000000000000000000010
1011101111111100111000100010101111100000000000000000000000000000000010
1011110000101001000111010011000011100000000000000000000000000000000010
1011011111110001110000001100101000000000000000000000000000000000000010
1011010010000010000001011011111001100000000000000000000000000000000010
1010001011011011100001000001101000100000000000000000000000000000000010
1011010011110001001001100111100010100000000000000000000000000000000010
1011110011011001011011100100111111100000000000000000000000000000000010
1010100010000011010001110110001011100000000000000000000000000000000010
1011111010100111110110110101000110000000000000000000000000000000000010
1010010110011101011110011100111001100000000000000000000000000000000010
1010010010111010011000110011011001100000000000000000000000000000000010
1010011110101100010011111110100100100000000000000000000000000000000010
1011000001111011001001001010110001000000000000000000000000000000000010
1011110001011001100001111100101111000000000000000000000000000000000010
1011110011100001010000100101111111100000000000000000000000000000000010
1011100111101110100011111110110111100000000000000000000000000000000010
1011101000011101110100000100001100000000000000000000000000000000000010
1011001000111101001111011011111001000000000000000000000000000000000010
1010111011100100011010011110111101000000000000000000000000000000000010
1010011101000100001001001001101101100000000000000000000000000000000010
1011001000111100111101010111011000100000000000000000000000000000000010
1010010000100001100101110111000010100000000000000000000000000000000010
1010010011000100100110010110001001100000000000000000000000000000000010
1011001100000111001101001001111011100000000000000000000000000000000010
1010111000100111110110000001111001100000000000000000000000000000000010
1010101001101000000011000010101110100000000000000000000000000000000010
1010101101111111010000010101101010000000000000000000000000000000000010
1010101100101000010110010010111100000000000000000000000000000000000010
1010101101111111110101011000111001000000000000000000000000000000000010
1011110101101010111110110001100101000000000000000000000000000000000010
1010101010010101000100001000010111100000000000000000000000000000000010
1010110011110111011011000011101110100000000000000000000000000000000010
1010110000110101100110000000000001100000000000000000000000000000000010
1010000111101100010111000000101001100000000000000000000000000000000010
1011010011110010101000000000110000000000000000000000000000000000000010
1010110010000110110010111100111100000000000000000000000000000000000010
1010110010111000100001101011110001100000000000000000000000000000000010
1011110101110111110110000100010010000000000000000000000000000000000010
1010011000110010100001111010110000000000000000000000000000000000000010
1010000000101011110110010001011011000000000000000000000000000000000010
1011010011101101101101010001011100000000000000000000000000000000000010
1010000001101000001000011011100010000000000000000000000000000000000010
1010011000100001101001110001000111000000000000000000000000000000000010
1011101110001011010001111111011100100000000000000000000000000000000010
1011010011110111111110110001010011100000000000000000000000000000000010
1010011011011110110100010110000001000000000000000000000000000000000010
1010110111001100100011001101000111000000000000000000000000000000000010
1010011100010011001001111101011001000000000000000000000000000000000010
1011111110101111110111001101011100000000000000000000000000000000000010
1011100011010110001110110111010101100000000000000000000000000000000010
1010010110110111110100010001001010000000000000000000000000000000000010
1011011001011000101100111010001101000000000000000000000000000000000010
1011100110000110111110110100111010000000000000000000000000000000000010
1010101011101100100010010010100100000000000000000000000000000000000010
1011010000101010010100011000111101000000000000000000000000000000000010
1011010010000011101110001110101110000000000000000000000000000000000010
1010010000100110001010010010000100000000000000000000000000000000000010
1010011000101101101010110101110110100000000000000000000000000000000010
1011001000101000111100110100000001100000000000000000000000000000000010
1010110101000001111001011111110011000000000000000000000000000000000010
1011000010010000111101010110000101000000000000000000000000000000000010
1010000010010100111110010111101110000000000000000000000000000000000010
1011111110011010111010110110000010000000000000000000000000000000000010
1010101010000110101111011011000110000000000000000000000000000000000010
1011000100101111101010000111100000100000000000000000000000000000000010
1011100000100111001001100010100000100000000000000000000000000000000010
1011110011010011111010011010100100100000000000000000000000000000000010
1011000010101011001111111011101100000000000000000000000000000000000010
1011101110010000111000100111110010100000000000000000000000000000000010
1011010111000011100101110011101010100000000000000000000000000000000010
1011111011110011000101100110100101000000000000000000000000000000000010
1010101010001011010111001011111111000000000000000000000000000000000010
1011100101000111001010100000110001100000000000000000000000000000000010
1010000101111001001001001111011111100000000000000000000000000000000010
1011010110000000110000010010001101100000000000000000000000000000000010
1010100100000011001011000010100111000000000000000000000000000000000010
1011100011111111111010001100000111000000000000000000000000000000000010
1010110101101100111111001010101111100000000000000000000000000000000010
1010101011101100101001110100001000000000000000000000000000000000000010
1010101101011001000111000011111111100000000000000000000000000000000010
1011001110101110101000010100101010100000000000000000000000000000000010
1011010010001100001001101001000011000000000000000000000000000000000010
1010111101111001111011100010001100000000000000000000000000000000000010
1011010100100011110100110011011111100000000000000000000000000000000010
1010110110100011111001000101010011000000000000000000000000000000000010
1010100011000000100000000001100110000000000000000000000000000000000010
1010111011011001001100110001011000100000000000000000000000000000000010
1011001000010000000111111010111101000000000000000000000000000000000010
1010000101010100000010111001100011000000000000000000000000000000000010
1010101101100000000000111111010001000000000000000000000000000000000010
1011110101011101101100111110000010100000000000000000000000000000000010
1011011111100011000011011001001110000000000000000000000000000000000010
1011101111000010100000001000000000000000000000000000000000000000000010
1011100110110001000011011111011001100000000000000000000000000000000010
1011111101110101001101110010100100000000000000000000000000000000000010
1011101001011001101111101011000011100000000000000000000000000000000010
1010110110011100110000000111001011000000000000000000000000000000000010
1010000000110100000101000010011111000000000000000000000000000000000010
1011101011000011011010010011010100000000000000000000000000000000000010
1010111000101110000100101101110001000000000000000000000000000000000010
