1010111100111011001101100110010111000000000000000000000000000000000010
1011011000011001100000111010100010000000000000000000000000000000000010
1011011101011111000101101110010010000000000000000000000000000000000010
1010100010010000000101110011110001100000000000000000000000000000000010
1010110010000011110110110001111001100000000000000000000000000000000010
1010000111100110001111110101011101100000000000000000000000000000000010
1011101000001000001010100010001111000000000000000000000000000000000010
1011110111000100000011100110000101000000000000000000000000000000000010
1011100000000110111111000000111000100000000000000000000000000000000010
1010010001101011100110101011100110100000000000000000000000000000000010
1011001000001011000100100111011001000000000000000000000000000000000010
1010101111100100000111001110100101100000000000000000000000000000000010
1010001110000100101101011000010100000000000000000000000000000000000010
1011001101000010000011011111100101000000000000000000000000000000000010
1010100011011001011100100111011100000000000000000000000000000000000010
1011110101111001111111100100000011000000000000000000000000000000000010
1011100010011110101111001110000010000000000000000000000000000000000010
1011100000000110010010111001110110000000000000000000000000000000000010
1011001010111001101000110011011101100000000000000000000000000000000010
1010101110001000010111010100010100100000000000000000000000000000000010
1010011101111110001010011010010101000000000000000000000000000000000010
1010101000101111010100111000010110100000000000000000000000000000000010
1011010100011100001100111000011111000000000000000000000000000000000010
1011110010110100111101111100100011100000000000000000000000000000000010
1010110001111100110001100110100101100000000000000000000000000000000010
1010100000100000011111010000110010100000000000000000000000000000000010
1010010000010010100110101111001110000000000000000000000000000000000010
1010001000001101101001110101100011100000000000000000000000000000000010
1010010000011111101110101110110101100000000000000000000000000000000010
1010001001100100000110010101111101000000000000000000000000000000000010
1010101000111100111000001111101011100000000000000000000000000000000010
1011100111000110001010001000001001100000000000000000000000000000000010
1010100000000100101110011111110111000000000000000000000000000000000010
1011100100100101111111010111110001000000000000000000000000000000000010
1010110001010100010010111100101101100000000000000000000000000000000010
1010001000111000010110100111111011000000000000000000000000000000000010
1010000100010100010110110010010111100000000000000000000000000000000010
1011101100111000010111100110100000000000000000000000000000000000000010
1010101100010001111111111111110000100000000000000000000000000000000010
1010000111001110001110101011011111000000000000000000000000000000000010
1010001110100010001111110111100001100000000000000000000000000000000010
1010011010111001101110010101111010100000000000000000000000000000000010
1010101000110100001110100100100111100000000000000000000000000000000010
1011111100010010000101101010000000100000000000000000000000000000000010
1010100010101011010110001110010111100000000000000000000000000000000010
1010111100010011101101001011111111100000000000000000000000000000000010
1011100000011010011111111111101001000000000000000000000000000000000010
1011001000011111011001110011010111100000000000000000000000000000000010
1011011011110100000111110010110011100000000000000000000000000000000010
1011111001000000010010111010101100100000000000000000000000000000000010
1010101100000100000111010111110010100000000000000000000000000000000010
1011111101111101101100000110001000100000000000000000000000000000000010
1011100111011000011010001100011000100000000000000000000000000000000010
1011110110111100001110100001010011000000000000000000000000000000000010
1010010111100010000111101111111011000000000000000000000000000000000010
1010000011001001111100110111101111100000000000000000000000000000000010
1010001000110001010011111010110111100000000000000000000000000000000010
1010100100110110101001011110000001000000000000000000000000000000000010
1011111011000010001001010101111000100000000000000000000000000000000010
1010011111010100100100111010001110000000000000000000000000000000000010
1011010010000001011101111101111111100000000000000000000000000000000010
1010010000011111001111111101101001000000000000000000000000000000000010
1010010101100010100101010010101110100000000000000000000000000000000010
1011111011100001101100110101100100000000000000000000000000000000000010
1011000100000101111000011011111011100000000000000000000000000000000010
1010010101101000000100011110110101000000000000000000000000000000000010
1011111101001110010011111011000111100000000000000000000000000000000010
1011000100001101010010010001000101100000000000000000000000000000000010
1011000010000000110101011111011011100000000000000000000000000000000010
1011001101100000010011101011010010000000000000000000000000000000000010
1010001011000101011110101101101011000000000000000000000000000000000010
1011100000000101111101101111011111000000000000000000000000000000000010
1011100001000111101110011011100110000000000000000000000000000000000010
1011000001101000011010011100111010000000000000000000000000000000000010
1010001110000000010010100001110100100000000000000000000000000000000010
1010000001010000100101111000110110100000000000000000000000000000000010
1011100010110001001011001110010111000000000000000000000000000000000010
1011011000001100001111011111111011000000000000000000000000000000000010
1010101000001101101100101100011001000000000000000000000000000000000010
1011000000000000011001101101110110100000000000000000000000000000000010
1010100000001010011010001101100010000000000000000000000000000000000010
1011100001011001100100101001110101000000000000000000000000000000000010
1010001001111100010110100010011110000000000000000000000000000000000010
1010100101000001111111111001110110100000000000000000000000000000000010
1010100000001110001001101010000100100000000000000000000000000000000010
1010110000001010011100111001011001100000000000000000000000000000000010
1010001111110010010010110111110001100000000000000000000000000000000010
1010001001000100011101001010100111100000000000000000000000000000000010
1010011010101100011110010010101100000000000000000000000000000000000010
1010000011111011000111101000101010000000000000000000000000000000000010
1011001001000101000001110000101101100000000000000000000000000000000010
1010001111110010001111011111011100000000000000000000000000000000000010
1010000100100100001001011111100110100000000000000000000000000000000010
1010011110101111110110111101100011100000000000000000000000000000000010
1011011101011110000110010100111000100000000000000000000000000000000010
1010000000000000111011000010111010100000000000000000000000000000000010
1010011101101011011010010011010010000000000000000000000000000000000010
1010100011011010110111110101010010000000000000000000000000000000000010
1010011100011001000101100111111010100000000000000000000000000000000010
1010000101011001111101110001110001100000000000000000000000000000000010
1011000010110010000101011100110010100000000000000000000000000000000010
1010001000100100111111101111111010100000000000000000000000000000000010
1011100001000010011101010111111100100000000000000000000000000000000010
1010100100000110001110001100000000000000000000000000000000000000000010
1010000111001010011111111001001110100000000000000000000000000000000010
1011011100001000111110001001111011000000000000000000000000000000000010
1011111011001000111011111101101110000000000000000000000000000000000010
1010111000001100100100001111110100100000000000000000000000000000000010
1010001011111001001011110010110010000000000000000000000000000000000010
1010000011111110001110110101110111100000000000000000000000000000000010
1011010000011110000010000000101111000000000000000000000000000000000010
1010110011000001101111111111110000100000000000000000000000000000000010
1011110000000011010110101010101100100000000000000000000000000000000010
1010111101010001111111011101101011000000000000000000000000000000000010
1011001001111000011010111011111000000000000000000000000000000000000010
1011101000111100001000111111001011000000000000000000000000000000000010
1010000101010000000100001110111000000000000000000000000000000000000010
1010001011001110111110011011001100100000000000000000000000000000000010
1011010100011100001100111000011111000000000000000000000000000000000010
1010011110000111000110010010100100000000000000000000000000000000000010
1010100000010010001100011110111101100000000000000000000000000000000010
1010001001010100010010011101011110100000000000000000000000000000000010
1010011010100010001110100111000010000000000000000000000000000000000010
1011001011000101101011110011110001100000000000000000000000000000000010
1010000000011100000111010001101111100000000000000000000000000000000010
1010010001100101000000110011100100000000000000000000000000000000000010
1010110111111110011111111011100010100000000000000000000000000000000010
1010100000010110000110110011001101000000000000000000000000000000000010
1010000001000101011100011001010010100000000000000000000000000000000010
1011011000011000001011101100111100000000000000000000000000000000000010
1010111110010101101101101010000010100000000000000000000000000000000010
1010011001100110010011101101111110100000000000000000000000000000000010
1011101100011000000110100010001011000000000000000000000000000000000010
1011011000001101001010100001100110000000000000000000000000000000000010
1010100111011100001011101001101011100000000000000000000000000000000010
1011000100101010000111111100001101100000000000000000000000000000000010
1010101000010011001010001011000001100000000000000000000000000000000010
1010011110000110011111111001010100000000000000000000000000000000000010
1011000001100101011100001000011110000000000000000000000000000000000010
1010001010111001011011000101111001100000000000000000000000000000000010
1011101010000000010111110001011111100000000000000000000000000000000010
1011111000110010000111100101110101000000000000000000000000000000000010
1010011101011111011010101011111011000000000000000000000000000000000010
1011111010001001000011101011010111100000000000000000000000000000000010
1011000010011010110011101100101010000000000000000000000000000000000010
1010101010110000010100111011111110000000000000000000000000000000000010
1010011011000000011011011110010100000000000000000000000000000000000010
1010100100011001011001110111000010000000000000000000000000000000000010
1010000010000100000001011010000011100000000000000000000000000000000010
1010001111001000010101001110110010000000000000000000000000000000000010
1010101010011101110110110110011000000000000000000000000000000000000010
1010011010011010011000110001011100100000000000000000000000000000000010
1010101100000001111010111011100010100000000000000000000000000000000010
1011000001111110000001110000101000000000000000000000000000000000000010
1010100101011010111110011001111101000000000000000000000000000000000010
1011010011011001000010100011110010000000000000000000000000000000000010
1010100010100000100101100000100100100000000000000000000000000000000010
1010110001000011000111010111000001100000000000000000000000000000000010
1011000001001101100100110100000101000000000000000000000000000000000010
1011110000000000000010011011011010100000000000000000000000000000000010
1011000011010010010010100111010101000000000000000000000000000000000010
1011010001001100000010101111000011100000000000000000000000000000000010
1011100000111000011110011101110000000000000000000000000000000000000010
1011100000100011000011101101100011100000000000000000000000000000000010
1010000001101111101001010110001111000000000000000000000000000000000010
1011011001110101010110110100110000100000000000000000000000000000000010
1010100111011001100110100100001001100000000000000000000000000000000010
1010000001010100001010110101111111000000000000000000000000000000000010
1011000001110010100111000110110100000000000000000000000000000000000010
1010111001010010000110000100001101000000000000000000000000000000000010
1011111111000000001111011101000000100000000000000000000000000000000010
1011100000010010010111011101001111100000000000000000000000000000000010
1010001001001010100001000110010101100000000000000000000000000000000010
1011100011101010011000011100111010100000000000000000000000000000000010
1011100000100011110111110011000001000000000000000000000000000000000010
1010000110100010000011101100101000100000000000000000000000000000000010
1011001010111010001100011111011100100000000000000000000000000000000010
1011001101001000110011101000111011000000000000000000000000000000000010
1011001011111101100111011001101000100000000000000000000000000000000010
1010100001010001110011111001111100100000000000000000000000000000000010
1011101101100011000010011110010111100000000000000000000000000000000010
1011111011001000111111101000101011000000000000000000000000000000000010
1011101001000001110000111110011000000000000000000000000000000000000010
1010011011000011011111111010111011000000000000000000000000000000000010
1010001010010000001101000111001111100000000000000000000000000000000010
1011000110001011010011000111001110000000000000000000000000000000000010
1011010100010100011110111000001111100000000000000000000000000000000010
1011100010000111110000101101010010100000000000000000000000000000000010
1010011111011000100000001010110101000000000000000000000000000000000010
1011101000100011011110110001010010100000000000000000000000000000000010
1011100100010110000010010100111100000000000000000000000000000000000010
1010001011100110100000111011010001100000000000000000000000000000000010
1011101001101101001110011101011111100000000000000000000000000000000010
1010000001010010001010000111011010100000000000000000000000000000000010
1010110110101110101100100101100111100000000000000000000000000000000010
1011101101100100100010101110001100100000000000000000000000000000000010
1010110011010110110001010111100000100000000000000000000000000000000010
1010001000100001000110010010101000100000000000000000000000000000000010
1010100000011100111101111011110111000000000000000000000000000000000010
1011000110001101000000001111000001100000000000000000000000000000000010
1011111100100110011111011010001101000000000000000000000000000000000010
1010100100011011100010100101011000000000000000000000000000000000000010
1011111000010001111110110011100010000000000000000000000000000000000010
1011011110110110000011011111010110100000000000000000000000000000000010
1010001010110000010010100111110000000000000000000000000000000000000010
1010101001110101111111001001111111100000000000000000000000000000000010
1011000010101000111110110000101101000000000000000000000000000000000010
1010001100100011011001111100110111100000000000000000000000000000000010
1010111010011011000101010100001001000000000000000000000000000000000010
1011110100100101011001111111010111000000000000000000000000000000000010
1010000011010101000110010111100011100000000000000000000000000000000010
1011001001000110111000001010000011000000000000000000000000000000000010
1011001010101001011011111011110101000000000000000000000000000000000010
1010110000001110000101101001111010100000000000000000000000000000000010
1011110111101010010011011110100101100000000000000000000000000000000010
1011100000000100010001111101011100100000000000000000000000000000000010
1010000010111100000101000100101111100000000000000000000000000000000010
1011010000110100111011011010110001100000000000000000000000000000000010
1010000011000100001100110010101111100000000000000000000000000000000010
1010000101110100110010101101000110000000000000000000000000000000000010
1011100010001000000110101111100001000000000000000000000000000000000010
1011010000010010001111001001101111100000000000000000000000000000000010
1010011000010110101010010100100110100000000000000000000000000000000010
1011100110111000110001111001100001100000000000000000000000000000000010
1011010101011000011011110111110011000000000000000000000000000000000010
1010001100110000001011001000111010000000000000000000000000000000000010
1010000001110110111101110010010110000000000000000000000000000000000010
1010000011000000000001101101111110000000000000000000000000000000000010
1011001100000011011101010101101010000000000000000000000000000000000010
1011110010011011000111011000010111100000000000000000000000000000000010
1010010001011110010110111110111101100000000000000000000000000000000010
1011011111010011001001000000110001100000000000000000000000000000000010
1011111001011101011111110010100000000000000000000000000000000000000010
1010110000011100110001110101101011100000000000000000000000000000000010
1010000101100010010110101101010101000000000000000000000000000000000010
1011001110111010101001011110101110100000000000000000000000000000000010
1011111100111000101011011111000101000000000000000000000000000000000010
1010110011110110001110010110010111100000000000000000000000000000000010
1011010001001000101101001000011100000000000000000000000000000000000010
1011101111010001100101101010010110100000000000000000000000000000000010
1011011010011100010001010111010100100000000000000000000000000000000010
1010010001101010110001010111111001100000000000000000000000000000000010
1011110100110000000111111001010001100000000000000000000000000000000010
1010010011101110111000110100100001000000000000000000000000000000000010
1011000010110010101101011110011100000000000000000000000000000000000010
1010001010000000100011001000110011000000000000000000000000000000000010
1010101010100111101111011110101100100000000000000000000000000000000010
1011100000100001111010011011001111100000000000000000000000000000000010
1010011001010110110111101101100110000000000000000000000000000000000010
1010001010101111110001001101111110100000000000000000000000000000000010
1011100100000000101010010100111010000000000000000000000000000000000010
1010001010110000001011001001111000100000000000000000000000000000000010
1011101100000001010110110111011010100000000000000000000000000000000010
1010011011100000100011010011011000100000000000000000000000000000000010
1011010011110101100110011100001100100000000000000000000000000000000010
1010101111000001011001111001111111100000000000000000000000000000000010
1011000001000011101110111101100000000000000000000000000000000000000010
1011100101011110101101111001011111100000000000000000000000000000000010
1010010011100100001110101111100011100000000000000000000000000000000010
1010111111011010010111010111100111100000000000000000000000000000000010
1010111011011010001110000111111010100000000000000000000000000000000010
1011110011001000101000001100100111100000000000000000000000000000000010
1011000110000101111100110101000101000000000000000000000000000000000010
1011111110110000101001111010100100100000000000000000000000000000000010
1010000100010001100110110101111000100000000000000000000000000000000010
1010000000111111000000111110011101100000000000000000000000000000000010
1010101011000010010100111011010100000000000000000000000000000000000010
1010001011111100000010110110110111100000000000000000000000000000000010
1010110101001100000001100111011101100000000000000000000000000000000010
1011001101000011001000101000101011000000000000000000000000000000000010
1010001011101011010001011100001111100000000000000000000000000000000010
1010100111011000101111000001110001000000000000000000000000000000000010
1011000000101101010110101101010001100000000000000000000000000000000010
1011010001011011010011111101110101100000000000000000000000000000000010
1011100101101001101011111101010100000000000000000000000000000000000010
1010000011000001000111111010000100000000000000000000000000000000000010
1010001011111110110110010101001101000000000000000000000000000000000010
1010011100000000001001001101001011000000000000000000000000000000000010
1010010010110010000110101101010001100000000000000000000000000000000010
1010100001011000001011010110001101100000000000000000000000000000000010
1010000110001001000101001100001000000000000000000000000000000000000010
1010001000011110001010011011111001000000000000000000000000000000000010
1010100001100010100001010010010110100000000000000000000000000000000010
1011110101001001100101100101011111100000000000000000000000000000000010
1010001001000100110110010111100111000000000000000000000000000000000010
1010001100101011001101010101111010000000000000000000000000000000000010
1010000001110101010010111001011100100000000000000000000000000000000010
1011111111000000010110100011101010100000000000000000000000000000000010
1010000010101001101011110001000101100000000000000000000000000000000010
1010001100000001101011100101011111100000000000000000000000000000000010
1010010000100010101011100011111111000000000000000000000000000000000010
1010011101001111101010101100111000100000000000000000000000000000000010
1010010101000100000110110101011111100000000000000000000000000000000010
1010000010110000101001011010011001100000000000000000000000000000000010
1010011001000001000110101000100110100000000000000000000000000000000010
1010001010010111100101111010111101100000000000000000000000000000000010
1011100000000001010101111110000001100000000000000000000000000000000010
1011010010110101011111010101100111000000000000000000000000000000000010
1010010001100000010101000000010111100000000000000000000000000000000010
1010000101111010101011110010111011000000000000000000000000000000000010
1011000100111001000011000011110000100000000000000000000000000000000010
1011010101110011000101001110010100000000000000000000000000000000000010
1010100101010011100001010010010111100000000000000000000000000000000010
1010001100000100001101011110111011100000000000000000000000000000000010
1010010011001100011000110011111100100000000000000000000000000000000010
1011011111111111111110011001001101100000000000000000000000000000000010
1010110100000100000111111010111111000000000000000000000000000000000010
1010100001110001100001000101011111100000000000000000000000000000000010
1011110000000011101000011101110111100000000000000000000000000000000010
1010010010110111100101011001010000100000000000000000000000000000000010
1011101001010100010111101111100111100000000000000000000000000000000010
1011101001111101000101101100101110100000000000000000000000000000000010
1011000110001001000100011111010101100000000000000000000000000000000010
1011011010100010001110110101111110000000000000000000000000000000000010
1010100110010110001011110111010101000000000000000000000000000000000010
1011101000000001010111000000011010100000000000000000000000000000000010
1010010010101010000111100001110011100000000000000000000000000000000010
1010101010100111111100101111110101000000000000000000000000000000000010
1011101111001101000001110011011100100000000000000000000000000000000010
1011001001000100101111001010001010000000000000000000000000000000000010
1010011001000010010010100010010000000000000000000000000000000000000010
1010001000111000110010001010111110000000000000000000000000000000000010
1010101001011011101110000010110110100000000000000000000000000000000010
1010111110010000010011000101110101000000000000000000000000000000000010
1010100111000010100111110110111010000000000000000000000000000000000010
1010001000001000010100000000111100100000000000000000000000000000000010
1011000001011010111100000011011010100000000000000000000000000000000010
1010101100011101110110001111001110000000000000000000000000000000000010
1011100001100110011011011111100110000000000000000000000000000000000010
1010010100011011000001001000010110000000000000000000000000000000000010
1010100001000110010000111001011111100000000000000000000000000000000010
1010011000000000000010001110110000100000000000000000000000000000000010
1011110011000110101011101011010101100000000000000000000000000000000010
1010111001101011010100001011111110100000000000000000000000000000000010
1011000000010001101101110011111101100000000000000000000000000000000010
1011110110101101000110111011010111000000000000000000000000000000000010
1010011011000110111011010001101111100000000000000000000000000000000010
1011000010000010101101100011010111000000000000000000000000000000000010
1011000110000100011001000101001110100000000000000000000000000000000010
1011111101011001101001101110011111100000000000000000000000000000000010
1010110001111110010011011010101111100000000000000000000000000000000010
1010111001010010110101101101111011100000000000000000000000000000000010
1010101000010000100111100111101101100000000000000000000000000000000010
1011010001101101101100010100111110100000000000000000000000000000000010
1010010001100011000000000101011110000000000000000000000000000000000010
1010110000100010101111011111111010000000000000000000000000000000000010
1011000001001000010001010111100101000000000000000000000000000000000010
1011001011001110011101000100000101100000000000000000000000000000000010
1011010110010010110010111111111011100000000000000000000000000000000010
1011101001010010011001110101011000000000000000000000000000000000000010
1010001000010001000111110010011111100000000000000000000000000000000010
1011010010110100101111001100010111000000000000000000000000000000000010
1010100010000100000100001010100111000000000000000000000000000000000010
1010000100001001100011001110111000100000000000000000000000000000000010
1010000001001100000101101111011100000000000000000000000000000000000010
1011111100001000000111001100110001000000000000000000000000000000000010
1010100001001111101010110000110101100000000000000000000000000000000010
1010101000010011010101111111110000100000000000000000000000000000000010
1011101100100100010101000110101001100000000000000000000000000000000010
1011100100111000000010101110010100000000000000000000000000000000000010
1011100000011001111101011110100111100000000000000000000000000000000010
1010001100111011111011101001010010000000000000000000000000000000000010
1011101001110010001100011111111110000000000000000000000000000000000010
1010000011110100000010100001110100100000000000000000000000000000000010
1010000001101100100000001011100111100000000000000000000000000000000010
1011100110001111010111000011101101100000000000000000000000000000000010
1010110010111110011101110100100000100000000000000000000000000000000010
1011101100010011010010101111011010100000000000000000000000000000000010
1011010010001010111100011100101100100000000000000000000000000000000010
1011111011111110100101000101110010100000000000000000000000000000000010
1011000100110011000101001010010101100000000000000000000000000000000010
1011101110011010101011001101110001100000000000000000000000000000000010
1011110111000000001010111011000101100000000000000000000000000000000010
1011001110101010000010000010110110100000000000000000000000000000000010
1010010001000110010010110001000000100000000000000000000000000000000010
1011000101010110101011101010011010100000000000000000000000000000000010
1011111000111010110011100011101111100000000000000000000000000000000010
1010010111001001011001110100111110000000000000000000000000000000000010
1010011100100000010101111011010100000000000000000000000000000000000010
1011100110010110001010000001111111000000000000000000000000000000000010
1010110110010110001001111000010110100000000000000000000000000000000010
1011001000001000111111101001101011100000000000000000000000000000000010
1011110110010111100101111011011111100000000000000000000000000000000010
1011100000100100001101100101110111100000000000000000000000000000000010
1010010000100010100110110011100111000000000000000000000000000000000010
1010001111100011101011010111101101000000000000000000000000000000000010
1010111000100010010100110110000010000000000000000000000000000000000010
1011100011110100000110011111111110000000000000000000000000000000000010
1010101111100000111010101110110101000000000000000000000000000000000010
1011010011000101011011001111110110100000000000000000000000000000000010
1011000101000110100111001011010100100000000000000000000000000000000010
1011101110101110001101010011010010100000000000000000000000000000000010
1010000100100000110010111100011101100000000000000000000000000000000010
1011000001110001011111010011100011000000000000000000000000000000000010
1011101011010011011111110110101110100000000000000000000000000000000010
1011001101100000001010001011111110100000000000000000000000000000000010
1010000011011001100111011110101111100000000000000000000000000000000010
1011010010011011001101100110001111100000000000000000000000000000000010
1011000000110100100100101111010110100000000000000000000000000000000010
1011001011001001010011011110101010000000000000000000000000000000000010
1010000010001000000010011000001110000000000000000000000000000000000010
1010111100010011110011011000010001000000000000000000000000000000000010
1010001010110110010001111111110001000000000000000000000000000000000010
1011010001100000010001100101111110000000000000000000000000000000000010
1010011001000111010011011000000010100000000000000000000000000000000010
1011010010010001000101110010110110100000000000000000000000000000000010
1011101110101111100111000011100100100000000000000000000000000000000010
1011100011101000000010110010100110000000000000000000000000000000000010
1010010101100100101110101011111111000000000000000000000000000000000010
1010100110001000000101000011010101000000000000000000000000000000000010
1010000011101110111000011110111010000000000000000000000000000000000010
1011111111100001001111110101110111000000000000000000000000000000000010
1010001000000100101101010101010001000000000000000000000000000000000010
1011100010010010010010110110110110000000000000000000000000000000000010
1011101010000101111111101111111111100000000000000000000000000000000010
1010001000011010000111011110011001000000000000000000000000000000000010
1011110000010001111101110110111001000000000000000000000000000000000010
1010100100000111110101101011011111000000000000000000000000000000000010
1011101001001110100101100100100101100000000000000000000000000000000010
1011000101000111010001110010111000000000000000000000000000000000000010
1010011111001100000110010111011101000000000000000000000000000000000010
1010000100011100001010111111000001000000000000000000000000000000000010
1010011000101101100110010001010101100000000000000000000000000000000010
1010000001111101110110101110000011000000000000000000000000000000000010
1010001111010100110001111000010101100000000000000000000000000000000010
1011000000100010011000010001101011000000000000000000000000000000000010
1011100100110100000101110100111101000000000000000000000000000000000010
1011101110010111110011011011100111100000000000000000000000000000000010
1010001001001100101011110011111000000000000000000000000000000000000010
1011000100101110111100100110110001000000000000000000000000000000000010
1010110001110001001000100001101110000000000000000000000000000000000010
1011100101110010100111111010110111100000000000000000000000000000000010
1011100011111110000101010101011101100000000000000000000000000000000010
1010010100000111001101011101101000100000000000000000000000000000000010
1010001000001101011111100111011101100000000000000000000000000000000010
1011110110001011000000001011000010000000000000000000000000000000000010
1010000001101010001111101111000111000000000000000000000000000000000010
1011011100101100010100000010111100000000000000000000000000000000000010
1011011111000000100111110011100111000000000000000000000000000000000010
1010010100100010110010011110011001100000000000000000000000000000000010
1010111000001001010011111101011101000000000000000000000000000000000010
1010000001010100101100101000110101100000000000000000000000000000000010
1010001100110100001111110111011001000000000000000000000000000000000010
1011100100010101001110101011000101100000000000000000000000000000000010
1010011100011011001001110101001010000000000000000000000000000000000010
1010110101010001000111010101011111100000000000000000000000000000000010
1011110010111110100100001011000111000000000000000000000000000000000010
1011100001110010010000111001011111000000000000000000000000000000000010
1011001100010101010000001101010001100000000000000000000000000000000010
1010000110000010110110110110110110000000000000000000000000000000000010
1010100011001000100000010100110101100000000000000000000000000000000010
1010110110100100000101111110100101000000000000000000000000000000000010
1010011101100110001010000011010010000000000000000000000000000000000010
1011100110110101110111101101000101000000000000000000000000000000000010
1011100111010010010100100111111111100000000000000000000000000000000010
1011010000101001001001111001001111000000000000000000000000000000000010
1010001001100000000101000111111101100000000000000000000000000000000010
1010110011001110100111110110110011100000000000000000000000000000000010
1010000111100000100001000100001111000000000000000000000000000000000010
1010101101101011101111010010010111000000000000000000000000000000000010
1010000101100101101100111101010010000000000000000000000000000000000010
1011101101011000011101100110111001100000000000000000000000000000000010
1010110111001110001001010001011110100000000000000000000000000000000010
1010010110010000000101110101001011000000000000000000000000000000000010
1010100011101010000000101110011100000000000000000000000000000000000010
1010100011101010000000101110011100000000000000000000000000000000000010
1011000010101011001010100011101111000000000000000000000000000000000010
1011011100101000110111000000000111100000000000000000000000000000000010
1011010111100101010111001100110101000000000000000000000000000000000010
1010010101110001001101010100011111000000000000000000000000000000000010
1010010100101010001110101100010001100000000000000000000000000000000010
1011100011010010001010011101111010000000000000000000000000000000000010
1010010010010100101111001010001010100000000000000000000000000000000010
1011010100000101000100011101001011000000000000000000000000000000000010
1011110100011111011111010010010011000000000000000000000000000000000010
1011001110101001000011111110011100100000000000000000000000000000000010
1011000010110110100100011110110101000000000000000000000000000000000010
1010000110000110000100000101110011000000000000000000000000000000000010
1011111011010010001011110100111011100000000000000000000000000000000010
1010000010011011000000011010101001100000000000000000000000000000000010
1010000000010010101001100010100100100000000000000000000000000000000010
1010000111000000010110111111101001100000000000000000000000000000000010
1011011011000000001111110001101101000000000000000000000000000000000010
1010101110001011001000011101110100000000000000000000000000000000000010
1011100011100101000111001100101111100000000000000000000000000000000010
1010011000001100101011010100110111000000000000000000000000000000000010
1011100111010001111010110110100010000000000000000000000000000000000010
1011110001001001011010001101111011000000000000000000000000000000000010
1011001100000000011001111011011110100000000000000000000000000000000010
1010110001000110011110110101101111100000000000000000000000000000000010
1011011010010000000101111001111111000000000000000000000000000000000010
1011100110101110110100101011110101000000000000000000000000000000000010
1011001011010101110111101101110111000000000000000000000000000000000010
1011000000010000100101111111111001000000000000000000000000000000000010
1010111011000010000101101110110111000000000000000000000000000000000010
1011100010100101100011101010110110000000000000000000000000000000000010
1010111111101011000101111001010100100000000000000000000000000000000010
1011000000100001011101010001000111100000000000000000000000000000000010
1011011101010100000110010100001001100000000000000000000000000000000010
1010000100010000001111110011010100100000000000000000000000000000000010
1010001001000101011110111110101001000000000000000000000000000000000010
1011101011100100000011011111100101000000000000000000000000000000000010
1010101111000001010011000001011111000000000000000000000000000000000010
1010100000010000000010011010001000100000000000000000000000000000000010
1010110111000111100101010110110101000000000000000000000000000000000010
1011111010011111010011111011010010000000000000000000000000000000000010
1010101110001000111101010000111011100000000000000000000000000000000010
1010100100011001001010111011001111100000000000000000000000000000000010
1010100101101010111110010111011101000000000000000000000000000000000010
1011111010011010000010100001011001000000000000000000000000000000000010
1010000110010111000011111010111011000000000000000000000000000000000010
1010111000100101100110100100110100100000000000000000000000000000000010
1011010010111011001111101000011001100000000000000000000000000000000010
1010000011010110011011011010010101000000000000000000000000000000000010
1010100110000010010010010010011111100000000000000000000000000000000010
1010001001100101000010110100000101000000000000000000000000000000000010
1010011100000100101101110000011101000000000000000000000000000000000010
1010101000001001010111011100010101000000000000000000000000000000000010
1011100000111100111101110011111011100000000000000000000000000000000010
1010000011000000000110110011010110100000000000000000000000000000000010
1011010101010001000101011010101011100000000000000000000000000000000010
1011001000100000110001010011110011000000000000000000000000000000000010
1011010110101101010101111111101000000000000000000000000000000000000010
1010001010110011000000000010010100100000000000000000000000000000000010
1010110110000101000110010010111110100000000000000000000000000000000010
1010010100001010101110001111001101000000000000000000000000000000000010
1011000000101100001001101010110111100000000000000000000000000000000010
1010000000100010010011001100000000100000000000000000000000000000000010
1010111001010000000100000010110111000000000000000000000000000000000010
1010000111000001110001001000100101100000000000000000000000000000000010
1011110011011101100100100000011010000000000000000000000000000000000010
1010000010100000000000001011010110100000000000000000000000000000000010
1010000101111000001110111011101100100000000000000000000000000000000010
1011000000000000111110100011111011100000000000000000000000000000000010
1010011101100110000111101011101101100000000000000000000000000000000010
1011110000001000000010111111001010100000000000000000000000000000000010
1010111100111001000011000011101111100000000000000000000000000000000010
1010100100000011011001010011101011000000000000000000000000000000000010
1010100001011111101111110011011111000000000000000000000000000000000010
1011000110110100000111111111100001000000000000000000000000000000000010
1010010110110100100000110011111010100000000000000000000000000000000010
1010000010000001011011011001100010100000000000000000000000000000000010
1011001000101100000110011001001111000000000000000000000000000000000010
1011100000110000010011110101010010100000000000000000000000000000000010
1010100111101000111001111011111100000000000000000000000000000000000010
1010010111000001110010010111100100100000000000000000000000000000000010
1010000000001010100111110100111010000000000000000000000000000000000010
1010000011110100101001000001010111100000000000000000000000000000000010
1011110001010100100001011110101101100000000000000000000000000000000010
1010000010100000111000010101001000000000000000000000000000000000000010
1010101000011101001000001110100011100000000000000000000000000000000010
1010101010010010010010101000001011100000000000000000000000000000000010
1011100100011010010000100111101001000000000000000000000000000000000010
1010111011100110111001110101111000100000000000000000000000000000000010
1010001110111100111001101000111111100000000000000000000000000000000010
1011001000110001010101010100101101000000000000000000000000000000000010
1010111101011100100110001111101011100000000000000000000000000000000010
1010000011011100000011111011001101100000000000000000000000000000000010
1011011000000110010000010001110100100000000000000000000000000000000010
1010101000110000000101111011100001100000000000000000000000000000000010
1011000000001101010011001010111011000000000000000000000000000000000010
1011000110000101000110111110110011000000000000000000000000000000000010
1010000011111001101011110100100001100000000000000000000000000000000010
1011101100101000110110000000111100100000000000000000000000000000000010
1010011101101010100001010111111000100000000000000000000000000000000010
1010100001001100001101010000011010000000000000000000000000000000000010
1010000000100001010101110111111100100000000000000000000000000000000010
1010001100101000100000000110010011100000000000000000000000000000000010
1011001000100101110110011011100011000000000000000000000000000000000010
1010100011100110001110011100110010000000000000000000000000000000000010
1010010011011110000101110111101110100000000000000000000000000000000010
1010001101100101110111101110010001000000000000000000000000000000000010
1011001110011110000101010110111011100000000000000000000000000000000010
1011100011010111011111010110111110000000000000000000000000000000000010
1010010100110011000101110100111011000000000000000000000000000000000010
1010101110100010001111000101111011000000000000000000000000000000000010
1010011101011101110101010110010111100000000000000000000000000000000010
1011100111010000000001011001111110000000000000000000000000000000000010
1010010001110111100101010010111101100000000000000000000000000000000010
1010110010101100011001110001110111000000000000000000000000000000000010
1011010011101010100111111111111010100000000000000000000000000000000010
1011000000000101011110100001101010100000000000000000000000000000000010
1010001001011010001000010111100101100000000000000000000000000000000010
1010010000010100110110111011111011000000000000000000000000000000000010
1010111100111001110000000111111100100000000000000000000000000000000010
1010010100000101001000010011111001100000000000000000000000000000000010
1010010001110100110111010110111101100000000000000000000000000000000010
1011001011001110111011111110000011000000000000000000000000000000000010
1010000000011001110100101111010011000000000000000000000000000000000010
1010100110100000110111000100101001000000000000000000000000000000000010
1010100110010100000010011110011111000000000000000000000000000000000010
1010110101110000100100011001011001100000000000000000000000000000000010
1011110000000010100001100101011010100000000000000000000000000000000010
1011011111110001010000100011111101100000000000000000000000000000000010
1010110111011100011111000010110101100000000000000000000000000000000010
1011000001001110100100101110111011000000000000000000000000000000000010
1010100000100101001100011100110011100000000000000000000000000000000010
1010100000001010001010101111000010000000000000000000000000000000000010
1010110111010010001110011111000011000000000000000000000000000000000010
1011000100000100110000011000110001100000000000000000000000000000000010
1010000011010111010111010111011100000000000000000000000000000000000010
1011000100110101110111010000001001000000000000000000000000000000000010
1010110100111100000111011101110111000000000000000000000000000000000010
1011111001111110001111000111111111000000000000000000000000000000000010
1011000100000100011110011100100010000000000000000000000000000000000010
1010100010100001000111011010101000000000000000000000000000000000000010
1010000110110010010011010011010110100000000000000000000000000000000010
1010000000001111001111001011100101000000000000000000000000000000000010
1010010000011001001111101001101010000000000000000000000000000000000010
1010001000110001001001100010011110100000000000000000000000000000000010
1011000000100000110010000010110011100000000000000000000000000000000010
1010101001111001011010010010100011000000000000000000000000000000000010
1011000100000100110011000011111010100000000000000000000000000000000010
1011101000001001101111011111011000100000000000000000000000000000000010
1010001000111111110110111101001000100000000000000000000000000000000010
1010100110010110100100010001000111100000000000000000000000000000000010
1010111011010001000001110010011110100000000000000000000000000000000010
1010000000101000001000100000111100100000000000000000000000000000000010
1011010010110010001011000001110110000000000000000000000000000000000010
1010101000100000111111101110011100000000000000000000000000000000000010
1011101000000001101001000011101000000000000000000000000000000000000010
1011100000100111000101111011111111000000000000000000000000000000000010
1010100011100101011110101100110011100000000000000000000000000000000010
1011000111001010101101100101010011100000000000000000000000000000000010
1010111100000001110110111010001101000000000000000000000000000000000010
1011010110000011110000001001101110100000000000000000000000000000000010
1010000101110100010000110101111111000000000000000000000000000000000010
1010000111101011000110001101010011000000000000000000000000000000000010
1010011000111000101101011011101101100000000000000000000000000000000010
1010110100110000010100110000110011000000000000000000000000000000000010
1010110101110101101111111110111110000000000000000000000000000000000010
1011000101011100010011100100010011100000000000000000000000000000000010
1011010000111011000111111111011000000000000000000000000000000000000010
1011001000011011100000101111011110100000000000000000000000000000000010
1010111100111100010011011110100101100000000000000000000000000000000010
1010001111110000000010101100100011000000000000000000000000000000000010
1011000000000000100101101001011000000000000000000000000000000000000010
1011001111001000000100111011010001000000000000000000000000000000000010
1011011100000001111110011110100111000000000000000000000000000000000010
1010010100011110011111101111010111100000000000000000000000000000000010
1011000001001100000011010101111100100000000000000000000000000000000010
1011000101110111101000111110011110100000000000000000000000000000000010
1010011111101110110111000110110101000000000000000000000000000000000010
1010111010101111010110110100111100100000000000000000000000000000000010
1011111000100011000111011011110001100000000000000000000000000000000010
1011010111000000101111011110011111100000000000000000000000000000000010
1010011001011000001100010011100101000000000000000000000000000000000010
1010110011100101100100101111110010100000000000000000000000000000000010
1010111010110000111101100000100000100000000000000000000000000000000010
1010110000100100001101101100101100100000000000000000000000000000000010
1011011011001110010111000110001101100000000000000000000000000000000010
1011100000000001011111110111001110000000000000000000000000000000000010
1010101000101010001001000011110111100000000000000000000000000000000010
1010100001000000110101010000011011100000000000000000000000000000000010
1011010101001101001111010110101110100000000000000000000000000000000010
1010101001101111011000101010110001100000000000000000000000000000000010
1010101100010100111110111100101011000000000000000000000000000000000010
1010111100000101000000101000100001100000000000000000000000000000000010
1010110001010011011010100011110110000000000000000000000000000000000010
1010010000000101011111001001110110100000000000000000000000000000000010
1010010110000010110110111000000101100000000000000000000000000000000010
1011001010001101000111011100110011100000000000000000000000000000000010
1010110101101100111100010001100101100000000000000000000000000000000010
1010100100010010001110001110111010100000000000000000000000000000000010
1011110010101100101110001111110011100000000000000000000000000000000010
1011100110100010001101101001100101100000000000000000000000000000000010
1010111110001000100110101110111100000000000000000000000000000000000010
1010000001010111011110001101000111100000000000000000000000000000000010
1010001110011000111110110100100011000000000000000000000000000000000010
1011010000001110000110010111010010100000000000000000000000000000000010
1011110000011100011010110001000100100000000000000000000000000000000010
1010000111010001001001111101111011100000000000000000000000000000000010
1011011011000000011100001110010100100000000000000000000000000000000010
1010001101000010101111110110100001100000000000000000000000000000000010
1011000000110011110111001011111011000000000000000000000000000000000010
1010000101000010000111111011010111100000000000000000000000000000000010
1011001011111100011010100001001000100000000000000000000000000000000010
1011110110001110001111010001010100000000000000000000000000000000000010
1010001010000000000100111101011111100000000000000000000000000000000010
1010100000110100001010010001100011100000000000000000000000000000000010
1010110000000100111100000110101101100000000000000000000000000000000010
1011100101100000000011101101001000000000000000000000000000000000000010
1010010110110111100111111110111001100000000000000000000000000000000010
1011101111000100010010111100110111100000000000000000000000000000000010
1010000100001100101100101101110011000000000000000000000000000000000010
1011000110001000100111111100111100100000000000000000000000000000000010
1011100000000000000111010000110000100000000000000000000000000000000010
1011001000010010001110100101110110100000000000000000000000000000000010
1010001110001100110110101011000011000000000000000000000000000000000010
1011111000111101100000111110110110100000000000000000000000000000000010
1010000101110101000110010111011101100000000000000000000000000000000010
1010100110011011011001111110110110000000000000000000000000000000000010
1010001101011101110011110111010011100000000000000000000000000000000010
1011101010100100110111011100100011100000000000000000000000000000000010
1010010001001001110010000001010011100000000000000000000000000000000010
1011011001100110101100000110000000100000000000000000000000000000000010
1010000011101011000110011100001011100000000000000000000000000000000010
1011001000101001101101111110011101000000000000000000000000000000000010
1010101001011110011100011001000011000000000000000000000000000000000010
1011101011000010001010101100110101100000000000000000000000000000000010
1010010111011101001001100011011101000000000000000000000000000000000010
1011001000010000001001100110111111000000000000000000000000000000000010
1011010011001010001110101011111010000000000000000000000000000000000010
1011010111000100100100110011100010100000000000000000000000000000000010
1011001001100000101110010011001011000000000000000000000000000000000010
1010101001100101100110100111101111000000000000000000000000000000000010
1010100010100101100110001010000100100000000000000000000000000000000010
1010001000010101011100011111101111100000000000000000000000000000000010
1010100010100101010101010111111111000000000000000000000000000000000010
1011110010000000010011001110111101100000000000000000000000000000000010
1011001100101000100000011001011010100000000000000000000000000000000010
1010000110101101100001111101111011100000000000000000000000000000000010
1010001001110000001001111011100011000000000000000000000000000000000010
1010100101100011010011000010010100100000000000000000000000000000000010
1010000100001101000111010101000100000000000000000000000000000000000010
1011011000000111111111000001100101100000000000000000000000000000000010
1010101011000010001001110010011101000000000000000000000000000000000010
1011100100001100110101101010100111100000000000000000000000000000000010
1011101110000011001000011110011110100000000000000000000000000000000010
1010000000100110010111001001011101100000000000000000000000000000000010
1011001011000110000000110011101010000000000000000000000000000000000010
1010100101100110101110000101011110100000000000000000000000000000000010
1010111011010001011010101010001011100000000000000000000000000000000010
1011110000001001011001111011101100100000000000000000000000000000000010
1011100101000110101111101111011111000000000000000000000000000000000010
1011000000000010100110000100110001000000000000000000000000000000000010
1010000000001010001001111100011001000000000000000000000000000000000010
1010010001000100010110011010001000000000000000000000000000000000000010
1011110000000101001001001001110001000000000000000000000000000000000010
1011111001010101000111100111011110100000000000000000000000000000000010
1010010110101111011111001100111000100000000000000000000000000000000010
1010100011100011110001100011011010100000000000000000000000000000000010
1011000101001011001001001011011101100000000000000000000000000000000010
1011000110010110110010000011110011100000000000000000000000000000000010
1011000111001101010001111010001001000000000000000000000000000000000010
1010001000101000010111001011110011000000000000000000000000000000000010
1011100100000101100000001111111011000000000000000000000000000000000010
1010100001110101000110111111101000000000000000000000000000000000000010
1010111000100110111101111111010111000000000000000000000000000000000010
1011110000110101111111011110011111100000000000000000000000000000000010
1011110100110110000110100110010010100000000000000000000000000000000010
1011010000100101110100110001100011000000000000000000000000000000000010
1011110000010010000111010110001101000000000000000000000000000000000010
1011000011110001011100001111110111100000000000000000000000000000000010
1011001000110000011101001011011110100000000000000000000000000000000010
1010101100110101011111000110110011000000000000000000000000000000000010
1010111001010010110001011110000001100000000000000000000000000000000010
1010001110100010000001111110011111000000000000000000000000000000000010
1010100110010011100111100110000001000000000000000000000000000000000010
1011001011010110000101101011000101100000000000000000000000000000000010
1010000010000110010011111000110111100000000000000000000000000000000010
1010010111011011010100010110100011000000000000000000000000000000000010
1011001010101111010001101110000100100000000000000000000000000000000010
1010001110000110001110111011010100000000000000000000000000000000000010
1010001010100011001000110111101111100000000000000000000000000000000010
1010101100000110100011111001111101100000000000000000000000000000000010
1010110000100101110001111010100001000000000000000000000000000000000010
1011111010010100100111000111101101000000000000000000000000000000000010
1010010001000010100011100011101001000000000000000000000000000000000010
1010010001010011110000010100111110100000000000000000000000000000000010
1010000011100001001000101110011001100000000000000000000000000000000010
1011010001100110010010110111010101000000000000000000000000000000000010
1011000001000010000001001111111111000000000000000000000000000000000010
1011001000001010010110110011011111100000000000000000000000000000000010
1010010000111101100001011111111011100000000000000000000000000000000010
1011001100110100000010011100101110000000000000000000000000000000000010
1010000000110011100110001011100000100000000000000000000000000000000010
1011101101110000111010100000100100100000000000000000000000000000000010
1011110110100011010001011010110100100000000000000000000000000000000010
1010101000101111001000110001101101100000000000000000000000000000000010
1010010110011001111000011111001010100000000000000000000000000000000010
1010110010011011111010111100100100100000000000000000000000000000000010
1011110111011101100010110011000111100000000000000000000000000000000010
1010010100101100101001110101000001100000000000000000000000000000000010
1010000110111111000001001101101011100000000000000000000000000000000010
1011100011001001000111101001111010000000000000000000000000000000000010
1010011111011010111110101000110100000000000000000000000000000000000010
1010001100001011001000101101111011100000000000000000000000000000000010
1011100000101010110001001111111010100000000000000000000000000000000010
1010110000001100011110001010100010100000000000000000000000000000000010
1011110010000001111111111001101010100000000000000000000000000000000010
1010001000110100100011111000001111000000000000000000000000000000000010
1010100101111100000100011100010101000000000000000000000000000000000010
1010000000001101100101000100100010000000000000000000000000000000000010
1011000000001100010100111101000111100000000000000000000000000000000010
1010010101101101001010111110111001000000000000000000000000000000000010
1010000001100000110101100110101100100000000000000000000000000000000010
1010000011000111010101111000101110000000000000000000000000000000000010
1010100000000110001001110011110101000000000000000000000000000000000010
1011101000001111110111001100000100100000000000000000000000000000000010
1011110111111011000001001101111010000000000000000000000000000000000010
1011001001101000010010101101110101100000000000000000000000000000000010
1010001010000100011101111010011111100000000000000000000000000000000010
1011110000000011110011011101101010100000000000000000000000000000000010
1010101011100101100010000110010110100000000000000000000000000000000010
1011000101010000100111001101010010100000000000000000000000000000000010
1010111000101011000111000100110111000000000000000000000000000000000010
1010011110000001000010111001110101100000000000000000000000000000000010
1011010010101110011001110001101100000000000000000000000000000000000010
1010111001001100110010101110000110000000000000000000000000000000000010
1010000010000100001101111111010111000000000000000000000000000000000010
1011010010000110110010111101110101000000000000000000000000000000000010
1010000111101001110001100111110111100000000000000000000000000000000010
1011100001010001001100010001010110100000000000000000000000000000000010
1010000101010001000001010101111111000000000000000000000000000000000010
1010100111001010100110101011100001100000000000000000000000000000000010
1011010001100000101100111101101101100000000000000000000000000000000010
1010001010101101000001011111000000100000000000000000000000000000000010
1010001100000010011111000000010010100000000000000000000000000000000010
1011011010001100110100001000010101000000000000000000000000000000000010
1011010010110000010110110011111100000000000000000000000000000000000010
1011111001101100110111110011101110100000000000000000000000000000000010
1010001100110110011110001011011100100000000000000000000000000000000010
1010000100011011100000000001011100100000000000000000000000000000000010
1011010100010000001101001111111100100000000000000000000000000000000010
1010010010111101100111101101110111100000000000000000000000000000000010
1010110011000000010001110100110111100000000000000000000000000000000010
1010111000110110110000011010100101000000000000000000000000000000000010
1011011101100010001001110000101000100000000000000000000000000000000010
1010001101010000000101111011011111000000000000000000000000000000000010
1010110011111100000100011010110110000000000000000000000000000000000010
1011100000001100011111100010100011000000000000000000000000000000000010
1010011101100001001101110001101111000000000000000000000000000000000010
1011010011010000001001100101111011100000000000000000000000000000000010
1010000000000010101101010101000001000000000000000000000000000000000010
1010100000011100100011110011011000100000000000000000000000000000000010
1010110111000000001001101111111001100000000000000000000000000000000010
1010101001111110100100010110011111000000000000000000000000000000000010
1010000000011100101110111100101111000000000000000000000000000000000010
1011100010101100101001101000110101000000000000000000000000000000000010
1011000010010001001111100110100111000000000000000000000000000000000010
1011110111011100110110101000110111100000000000000000000000000000000010
1011100000100110101110111001101011100000000000000000000000000000000010
1011001000011100100011100110111100100000000000000000000000000000000010
1011000011111100011111010111011011100000000000000000000000000000000010
1010001100111011000010111111000101000000000000000000000000000000000010
1010011100010010101010010010000101000000000000000000000000000000000010
1010010001001001000001111010010011100000000000000000000000000000000010
1011011010010010101101001101110101100000000000000000000000000000000010
1010110001001100000011011000111011100000000000000000000000000000000010
1010011110010111010111100010100110000000000000000000000000000000000010
1010001000001100000011101111010110000000000000000000000000000000000010
1010000110110000010110010110110111100000000000000000000000000000000010
1010110001000010001111110001100111000000000000000000000000000000000010
1010011110010000000101010110011001100000000000000000000000000000000010
1011000001101000100100001011001001100000000000000000000000000000000010
1011010010100010001111011001010001100000000000000000000000000000000010
1010110101110001000000100111011001100000000000000000000000000000000010
1011001000100000101101101010100111100000000000000000000000000000000010
1010111000000110101001000111110100100000000000000000000000000000000010
1010001111100010011111111010001101100000000000000000000000000000000010
1011011100111101111010100101101101000000000000000000000000000000000010
1011110100000011001100000110101100100000000000000000000000000000000010
1010100001101001110100000111101110100000000000000000000000000000000010
1011011010010010101101001101110101100000000000000000000000000000000010
1011100110010110001001000101010011100000000000000000000000000000000010
1011001010101101101111010111111111000000000000000000000000000000000010
1010000101111010000101100011111110000000000000000000000000000000000010
1010011101011011101111011110110101100000000000000000000000000000000010
1011101101011100010110011100111010100000000000000000000000000000000010
1011000101100000111000000010111010000000000000000000000000000000000010
1010000110101011101010001001101101100000000000000000000000000000000010
1011000001100011001110001011100110000000000000000000000000000000000010
1011111110000000011100110010111101000000000000000000000000000000000010
1010001010100110100011110110111111100000000000000000000000000000000010
1010100000001000000011111101011110100000000000000000000000000000000010
1011101000001111010110110111110101000000000000000000000000000000000010
1010001000010101001011111001101100100000000000000000000000000000000010
1011000101111000000011111011111000100000000000000000000000000000000010
1011100001111011100110101000111101000000000000000000000000000000000010
1011111010100110010111111010110110000000000000000000000000000000000010
1010100011000001110010111010110100100000000000000000000000000000000010
1011010110000011100100110110111111100000000000000000000000000000000010
1011010011001100100011000011010111100000000000000000000000000000000010
1010110101011010100101111111011110000000000000000000000000000000000010
1010000100010100001011101110100111100000000000000000000000000000000010
1011000000110010011101111111111000100000000000000000000000000000000010
1010111111000010011100101000011011100000000000000000000000000000000010
1011111000000000001100110100101111000000000000000000000000000000000010
1010001100010001000100000100110111100000000000000000000000000000000010
1011100101010101001011000101110101100000000000000000000000000000000010
1010101010010111101111010101010111100000000000000000000000000000000010
1010111100100001010101100110001001000000000000000000000000000000000010
1010011100011011010101100011111011000000000000000000000000000000000010
1011110000000001110010010011100111000000000000000000000000000000000010
1011100000100100001100111101110101100000000000000000000000000000000010
1011101000010111000100110111000000000000000000000000000000000000000010
1010010110000001001010100001111100100000000000000000000000000000000010
1011000011000101100010000100100000100000000000000000000000000000000010
1011001001110110100110010100110010000000000000000000000000000000000010
1010001110100011010111001110010101000000000000000000000000000000000010
1010010100111011010101011101011111100000000000000000000000000000000010
1010101111010000000100101110111100000000000000000000000000000000000010
1010100110000101001011111001111111000000000000000000000000000000000010
1011110111010000000101111110100000100000000000000000000000000000000010
1010110010100011101101010000101101100000000000000000000000000000000010
1010000101000111001101110011100110000000000000000000000000000000000010
1011001111001000010100110101111001000000000000000000000000000000000010
1010101001100111001110000101111111100000000000000000000000000000000010
1010000010111001011100010111111011000000000000000000000000000000000010
1011111101100100100011011000111000100000000000000000000000000000000010
1011001010011010101011010110100110000000000000000000000000000000000010
1011010000011111000001011010001001100000000000000000000000000000000010
1010111001001010000010101101001000100000000000000000000000000000000010
1010111010100110101000110110110000000000000000000000000000000000000010
1011101000001000110111101100111011100000000000000000000000000000000010
1010011100110010101111111011000101100000000000000000000000000000000010
1010110011110111100000100111010100000000000000000000000000000000000010
1011111100101000010111111111101101000000000000000000000000000000000010
1011010010011011001101100110001111100000000000000000000000000000000010
1010011100110010101111111011000101100000000000000000000000000000000010
1011111111110010101110100001110001100000000000000000000000000000000010
1011111101100011000000110110001000000000000000000000000000000000000010
1010110100000000101001111110101001000000000000000000000000000000000010
1010100101111010000100111101111000000000000000000000000000000000000010
1011000010011101010001100100001100000000000000000000000000000000000010
1011100101010101000101010011010110100000000000000000000000000000000010
1010010000010001010010000001111101000000000000000000000000000000000010
1010011110110000011110111111101110000000000000000000000000000000000010
1011011001010100101000000001100111100000000000000000000000000000000010
1010111011011001000110110011010010000000000000000000000000000000000010
1010101100100110000011000110100010000000000000000000000000000000000010
1010010001100000000001110001000011000000000000000000000000000000000010
1011010000011000010100101110100111100000000000000000000000000000000010
1011110000111101111110011100000011000000000000000000000000000000000010
1010010000111010011100111110001111000000000000000000000000000000000010
1010000101010001100111111111110011000000000000000000000000000000000010
1010001010000100101010000010111011000000000000000000000000000000000010
1010111001100000000111001110110011100000000000000000000000000000000010
1010101011000001010110110100101010000000000000000000000000000000000010
1011010001001110010100101101110010000000000000000000000000000000000010
1010000111000010111000011100111011100000000000000000000000000000000010
1010110011010101110011111001110000100000000000000000000000000000000010
1011001111000000000011100111111111100000000000000000000000000000000010
1010001001010001110011110001111111100000000000000000000000000000000010
1010100010000000100111111100111111100000000000000000000000000000000010
1010011010100001010011100111000010100000000000000000000000000000000010
1010100111000101000101111000010011100000000000000000000000000000000010
1010101001000110010010110001101010100000000000000000000000000000000010
1010000101000101110100001100011100000000000000000000000000000000000010
1011011101100101101111101110000110100000000000000000000000000000000010
1011110000001010101100110100001011100000000000000000000000000000000010
1010001100101001110101100111010011100000000000000000000000000000000010
1011000111100100011101001101110111100000000000000000000000000000000010
1010011110000100110110100101110101100000000000000000000000000000000010
1010000001011010000010111110111101100000000000000000000000000000000010
1010100100110000000011011110110101100000000000000000000000000000000010
1011010011110010110001111000010010100000000000000000000000000000000010
1010001111011010001110100100011100100000000000000000000000000000000010
1011011000111001001100111111010000100000000000000000000000000000000010
1010011000100010110100111110110011100000000000000000000000000000000010
1010000000110010011110111011010100000000000000000000000000000000000010
1011011100011110010100000111110111000000000000000000000000000000000010
1010101101010011010110010110110101100000000000000000000000000000000010
1010110010100010001001111111110100000000000000000000000000000000000010
1010101000011111011101100110000010100000000000000000000000000000000010
1010010000110100000000110101010110100000000000000000000000000000000010
1010100100100000000100001111011000100000000000000000000000000000000010
1011001010100001110101111001101010100000000000000000000000000000000010
1010101110111101011100101010000010000000000000000000000000000000000010
1011000010001001110101001111001101000000000000000000000000000000000010
1011100000010101110110100010110011100000000000000000000000000000000010
1010110010101101011010111011110101100000000000000000000000000000000010
1010111100110101000001110011111010000000000000000000000000000000000010
1011010010100111001111010111011001000000000000000000000000000000000010
1010010001111000101010000001111100100000000000000000000000000000000010
1011010000101010111111011110001111000000000000000000000000000000000010
1010100110101110011111010011010010100000000000000000000000000000000010
1010000000000100111111110100001101100000000000000000000000000000000010
1011010101010011100011011001111011100000000000000000000000000000000010
1010000010111011100101000110101001100000000000000000000000000000000010
1010110101111111100011011100110010000000000000000000000000000000000010
1011110000010001001101100010111111000000000000000000000000000000000010
1011000111011100011110000101110110100000000000000000000000000000000010
1010011100011011110011110000101101000000000000000000000000000000000010
1011000001110101101001011111100010100000000000000000000000000000000010
1010000010100111101111110101001111000000000000000000000000000000000010
1011110011010011011101001111001010000000000000000000000000000000000010
1011100000010010001010010001110101100000000000000000000000000000000010
1010010010001111110001010001101001000000000000000000000000000000000010
1010111011000001011000001011011100000000000000000000000000000000000010
1011100101000000100010001100010111000000000000000000000000000000000010
1011000100111011111010110111101110100000000000000000000000000000000010
1010101101100101100010000111110000000000000000000000000000000000000010
1010001011001101000011111111001110100000000000000000000000000000000010
1010011000110100100011100010100100100000000000000000000000000000000010
1010110011101010101011011010010100100000000000000000000000000000000010
1011011001110111001001111000000011000000000000000000000000000000000010
1011100110110000100100101101011111000000000000000000000000000000000010
1011010100001101101000011010001011100000000000000000000000000000000010
1011010100110100111000101001000000000000000000000000000000000000000010
1011011011110000100011000011111110100000000000000000000000000000000010
1011010001011001001010101010100100000000000000000000000000000000000010
1010000101100001011110001100111111100000000000000000000000000000000010
1010000100001110100100101100101011000000000000000000000000000000000010
1011100100100010000110101101111111000000000000000000000000000000000010
1010110011100000010111000011111101000000000000000000000000000000000010
1010001000001001010111011010100000000000000000000000000000000000000010
1010010000110111111010100110010111100000000000000000000000000000000010
1011101010111110101111111001111011100000000000000000000000000000000010
1010010011000011101110111111111111000000000000000000000000000000000010
1011111101100011001101001011011110100000000000000000000000000000000010
1010010100010100001111011011111010100000000000000000000000000000000010
1011001100100001010010010010011101100000000000000000000000000000000010
1011011101100000001110000001110100000000000000000000000000000000000010
1010101100001011000010010001100111000000000000000000000000000000000010
1010101010011011101101101111001110000000000000000000000000000000000010
1011101001100100100111110000101000000000000000000000000000000000000010
1011101111001100110111100111001100100000000000000000000000000000000010
1011010111100110111010010011100000100000000000000000000000000000000010
1010010100001111001001010100000100100000000000000000000000000000000010
1010000000111111110110111100101110100000000000000000000000000000000010
1010111011001001100111000101001111000000000000000000000000000000000010
1010100101001011000101111110101101000000000000000000000000000000000010
1010010010000011001101011111011100000000000000000000000000000000000010
1011111101101111000101101010101011100000000000000000000000000000000010
1010100100011011010111111101111110000000000000000000000000000000000010
1010011001100111001001010110011111000000000000000000000000000000000010
1010000110000110100011111111011111000000000000000000000000000000000010
1010100110110110111110101011111100100000000000000000000000000000000010
1011010001101101011100010111100110100000000000000000000000000000000010
1010010011111000101111100001111011100000000000000000000000000000000010
1010010010011000000000110111100101000000000000000000000000000000000010
1011100000001010101110011111101101100000000000000000000000000000000010
