1011000001111101001111011000101011010111101101011110111011000010100010
1011101000011111010000100110001110100100100001110101001100101010100010
1010001010000110011100111101100000111000001110011011000110110000000010
1010000010110000011011011010100110001100100100011011000000011101011010
1010100111100000110001110011000010010110111100100101110001011010101010
1011001100001001010000101101000100011001111101101101001001000100000010
1010011000010010110111100111100010101000101101000110111101001000001010
1011001001101000001010001010100001110001011000000100101010110000110010
1010010111000101000011100000001110100110101111110110001100011110100010
1010110111001100011010101101010101011111001100010111010101011000001010
1010101010100110001001001110110110011101000101010011001110000101100010
1011010011110100000000011110111110000100001100010101010110101011010010
1011000010000100101001011010000001010010000111001000100011010001000010
1011010000010101110000001110010111101111100000101110000110101101010010
1011101010001011100101100010001111011001011110100000001010000000111010
1011110011000110101000011000001011011011111100011110101001000010010010
1010000101011101111010111011010000100000111001101110101110110000101010
1010111011111101001101011000011000001000100110010101000101110011101010
1010101110011010110111010100001000000110110000001000001011101111101010
1010111000111010000110111111011110010000000111001101010111110000101010
1010000110110111111001011001000100111000001011011111100011000110111010
1011101100100011010111111101100000011101111001000101110110010011110010
1011100010101111000000011111001010111010010000001101000010110111000010
1010010001101001010010000011010000111010100001011000011001101001000010
1011001111001011000111110101010101110000111110010011111010100000101010
1011111011111001111111010101000101111000101000100101000001000011100010
1011001100101111111100011101111000101011010011111111110100000100110010
1011001010011110100100101011111000011001001110100111000111011001100010
1010110001000111001010010101100011111110101001000000101110110110111010
1010011010011011010100101010101101100011100010111001000011010111000010
1010100101000011110100001010111110111010000100101110111000001111011010
1010101100000010111001000100001001001001101000001010000010101101011010
1011001100001010110111111000111011001011001010100101111110110010111010
1010001001111111111011001011110010110000100001010010001010110010110010
1010010001101110100011010010010100010001100100000111111111111011010010
1010111110101011000110111110110011010110111000000000001010110010011010
1010011100100011101000110000010001111000000111101011101000110100101010
1011000000100011001010101000000010110001010101011010101111011010100010
1010100011110000000010101011011011011111100010101000111110100101010010
1010111000001011111010001111011110011000100010000111011101001000110010
1010001001100010101010110110100010001001111111100001011100001001011010
1010000110001111110000101111000110101011000010001111111010101100111010
1011110110110100110100101111110010010100000111110100101011001111100010
1010111010111110011010001001001010001100011001010011000101111111111010
1011001001110010011011010111000000110110011101010010001001011110100010
1010000111101111111011000000001110111011010000011010110100000100100010
1010001000110001110100000010100101101101111110010111110100011110000010
1011010000010000010100000111000000001101110001001110010000110101100010
1011110100100001011100011001001101111111011111111101101100111110011010
1010101111000111110011101111010011111011010110011110010011010010001010
1010000101101001011000100010001110011000110111001101110101110111101010
1010101000111000110010101000011000001101110010000010111001110000101010
1011101111110001000000100001000001100111000111000011110111010110010010
1010000011110010110000010100000010001101000010000111010111010000000010
1010011101101010000100000000100101010010100001101101100101010110101010
1010111010101111111111011111011100010100111110000011111100101101001010
1010010011010101010101001011000001100110101011101011011000011011010010
1010001101101111010101100001101110001010000111010010010001010100000010
1010101101011100110101100110001011001001010010001100000001001100001010
1011101110001010100111011010000111111000001001101011111010000110011010
1011000001100000011001001100100001010001001010010000100011011000100010
1010000000110001010111001101011111101111101001100010011000000001010010
1010000100010000100110100011100000101010000110100101111100011100100010
1010110110010100111101111111000001001100010010011101101000011000000010
1010100010101010000010001111000101000000011110010100011011010001101010
1011001010001001111101101101010010101110111010000111001101001110001010
1010010010011000111010010111101110010001000011111100010100011100000010
1010011011001011100100010111011001111000000000010111110000000010100010
1011000000101001100100001101101010000111110110110110110111001111111010
1010101001110010100100100110000101101101100001111010010100010100000010
1011011000011101001110000000111010100100101101110000001000010000010010
1011010000111011011010101100011001110010110111001000100010100001010010
1011001111001011110010111100111101011110101001000111011100110101111010
1011001100110011101100101100101011011100101110010010011111011100111010
1011100010010011000010011100001101010100101000111111101111011111101010
1010100010010111110000001100100101100101011010111011100001100011011010
1010010110101011001011100010001110100100101111100100101011111110110010
1010011001110010110100000011001101110101110101010110110001100100001010
1010001110001001101010010111001000010001101100111011101010111100010010
1010111111011101101000100110110001010110111010101111000000001001110010
1010101000010000111000110000000100110110011111110101001011111010000010
1010110010111111001100010011101110000111111101100111100100100110000010
1011100111011110101101000011010010100100010111100111001111110000101010
1011100001100000111111000101010000010001000001101010001101100011110010
1010000001100010110011100011110011100011010000101111111101010010100010
1011010011111111100010110001010101011011010100110001101000110100110010
1011111000000001011110100101110111101100110101110111010001000011111010
1010101100100000101011111001010001001011101000011101001110110000110010
1011101101110011000111100010000000001100011101011101111000110010000010
1010101101010101011111011111111111111001101111011110010011001101110010
1011111001010000001111011001010101001110000011010111111100101000011010
1010100110111001111010011010101101010000101011011110011110000101010010
1011001100000100000010000010000101110101101100001101010001100101100010
1011110100001111010101110111001011100000010100101100110001111100001010
1011111000101111110011110010000101010000111011011011111111100001110010
1010001101111010111111011100010000100011010001010100001110010001011010
1011010111111010100010100101111001110111111110101010000100001101001010
1011111100101011100100000100000111101100100001111100100001111000011010
1011000100010110010010000010100111010110110110001110011000111111011010
1010101111111010111101011001011010110010100001100100111101001000101010
1011011110100000001100100010010001011100011001011001001101001100011010
1010111111110011111001010011010101000010010000100010101000010010011010
1011001000101101011010010010101001000111010101001100001001110100100010
1011110000011011100100001111111010101101010011101010001101111000111010
1010000101100101100100011110111011100111100101110101000001101100101010
1011110111100110101101101010100101001000100011111011100110000001001010
1010111001000011110111001011100100011111010010111111001001011010011010
1011010111000000011011011110000111110111111010111100010010110001101010
1010010010111011011100011000100111001100001101010011001000011000111010
1011111101110100001001110011010011001100100000110001101100000001011010
1010110000001011010101000011001110011101000001101011001001111101011010
1010000001011101000110010010011100100011001000010001100111001100010010
1011111110111010010110101010001100010000111011101001001000011110110010
1010110111000100001111101111101000100111101101001010101110101100001010
1011100110101111001001101101001101101101011010101001011111101001111010
1011101110011111000001000111011010110101100000111010000011110000011010
1011000011010100001111001000000100111110100111110111100001001001001010
1011010010011111100010100100011000100100001110001011101011011010101010
1010001101101000001110000111111000000001101101110011011101001001111010
1010111010101000000001010111110110100111101101100000110101010000101010
1010100110110001000011100101000101000110101011011011101110011011001010
1010111011001111010000111100111011111000100011100000111111100101111010
1011001110011010100011011011000000011001000000101010101100100011110010
1010000010110001100011010101101111000110011011111101000111111100111010
1011010000000010100111001000011111100000000011111000010111110111011010
1011001101010100110011001101000101001000101010101100000011100011011010
1011000100001000000001011001010110001000000001011100101010100100011010
1010110000111100000100011010111000100111100100100100000001100100010010
