1011101101100110000010111011111000100000000000000000000000000000000010
1010110110110110010100110100011000100000000000000000000000000000000010
1010111011110000001011100100000010100000000000000000000000000000000010
1011111010000111000110000000000011100000000000000000000000000000000010
1011011101110000011101100000101011000000000000000000000000000000000010
1010110000010110000001110001000011000000000000000000000000000000000010
1011101110110001001101110101010111000000000000000000000000000000000010
1010000101010000110100011100110010100000000000000000000000000000000010
1011110000100000111100001101000100100000000000000000000000000000000010
1010111001110101011110110001111111000000000000000000000000000000000010
1011100110010010101001010111010111100000000000000000000000000000000010
1010011101110000010111010100011010100000000000000000000000000000000010
1011000000001100000100000010010101000000000000000000000000000000000010
1010101110000101010001110011111011100000000000000000000000000000000010
1011010001001011010011111110000001000000000000000000000000000000000010
1010100111111000001011001001011110000000000000000000000000000000000010
1010111110100110000111011011110001000000000000000000000000000000000010
1010001110011001111111100010100010000000000000000000000000000000000010
1010001000101010100001001010100111100000000000000000000000000000000010
1010110000111001010001110001011110100000000000000000000000000000000010
1010000001001111000001011001100111000000000000000000000000000000000010
1010000110000100011111001010001010100000000000000000000000000000000010
1010010100011001001011010110111000100000000000000000000000000000000010
1010100000110111001110010001010111000000000000000000000000000000000010
1010010010111000001011000010100110000000000000000000000000000000000010
1011111100000011000001111111111100000000000000000000000000000000000010
1011111001011100000111011110100111100000000000000000000000000000000010
1010111011100110111101100111010000000000000000000000000000000000000010
1010010101110000100110110010110011100000000000000000000000000000000010
1010011111100111100011010011001110100000000000000000000000000000000010
1011001010000100000100101010011110100000000000000000000000000000000010
1011110000010001001010010001000111000000000000000000000000000000000010
1010011110001111000011100001111011100000000000000000000000000000000010
1010101010100000101011111011010011100000000000000000000000000000000010
1011001101000111100111010010010101000000000000000000000000000000000010
1010010101100111101111001001010000100000000000000000000000000000000010
1010001001001111001011101000101011000000000000000000000000000000000010
1011101101010001000010101111001000000000000000000000000000000000000010
1011011110001101111100011011001101100000000000000000000000000000000010
1010001001111000101010010010110110100000000000000000000000000000000010
1010100010011110001100101101001011000000000000000000000000000000000010
1011111111000000011110100101000101100000000000000000000000000000000010
1011011111001001100001000100011010100000000000000000000000000000000010
1011100100111100011001110001110100100000000000000000000000000000000010
1011111010111010000100010001000110100000000000000000000000000000000010
1011011100101100000110000000110111000000000000000000000000000000000010
1010111011101010000000001001101110100000000000000000000000000000000010
1011011010101110000001110111010110000000000000000000000000000000000010
1010011110010100000011000011010111100000000000000000000000000000000010
1010011001001101100101010010110100000000000000000000000000000000000010
1011010101000110100011101000111111100000000000000000000000000000000010
1011011110101011000000110100110000000000000000000000000000000000000010
1011010000110110000110001000011000100000000000000000000000000000000010
1010010100111010000010100010111001000000000000000000000000000000000010
1011000101011100000111101111011000100000000000000000000000000000000010
1010010011101100111000011100101000100000000000000000000000000000000010
1011101000100000001100010110011001100000000000000000000000000000000010
1011010011010010111010011000001110000000000000000000000000000000000010
1011001000000011001010111010100110000000000000000000000000000000000010
1010010011011101000000010011011001100000000000000000000000000000000010
1010001101001110001011111010101100000000000000000000000000000000000010
1011001001110100010111001111001001000000000000000000000000000000000010
1010010001011011100111101011101000000000000000000000000000000000000010
1011110001000001010010001111010001000000000000000000000000000000000010
1010000111101011011000111001111000100000000000000000000000000000000010
1010001010000100001100110001100100000000000000000000000000000000000010
1010100001011110111111111100101000000000000000000000000000000000000010
1010111111001001101000101101111101000000000000000000000000000000000010
1011010101000100000010111000100111100000000000000000000000000000000010
1010101110111000100000010100100000100000000000000000000000000000000010
1011001010101000001110100001000000000000000000000000000000000000000010
1011101011111111111010111110110110100000000000000000000000000000000010
1011111101110101100001001011011111000000000000000000000000000000000010
1011101011111000110010011001110000000000000000000000000000000000000010
1010001010000110101001011100110001100000000000000000000000000000000010
1011000100001110100011111011101110100000000000000000000000000000000010
1010111101000011100011010011101110100000000000000000000000000000000010
1011111001101111000111110111011011100000000000000000000000000000000010
1010011000000101001111011100110001000000000000000000000000000000000010
1011011010011010011001101001111001000000000000000000000000000000000010
1010011101000101001001001001101110000000000000000000000000000000000010
1011001001101111101011111110000111100000000000000000000000000000000010
1011011001100001100010000011110100100000000000000000000000000000000010
1011000001010001101101001111111111000000000000000000000000000000000010
1011111001101100011010010001011000000000000000000000000000000000000010
1010010011010011000000100111001001100000000000000000000000000000000010
1011010101111110100011000001101110100000000000000000000000000000000010
1010001010100010100111000000011111000000000000000000000000000000000010
1010001001101110011111111111001100000000000000000000000000000000000010
1010000010111010010011000010010000100000000000000000000000000000000010
1010110000100110111111001010100010100000000000000000000000000000000010
1010001100101000001101011011011101000000000000000000000000000000000010
1011000111001101001110100110011111000000000000000000000000000000000010
1011100010111110000010111101010110100000000000000000000000000000000010
1010001011101000101111011001101110100000000000000000000000000000000010
1011001100010100011010011011110111000000000000000000000000000000000010
1010001010111101011111001001100001100000000000000000000000000000000010
1010111010110101001100101100011111000000000000000000000000000000000010
1011001001100000100111110101011110100000000000000000000000000000000010
1011101010111111110110011101011111100000000000000000000000000000000010
1010101000110100001100010001101111100000000000000000000000000000000010
1011010010110000100101100001110110000000000000000000000000000000000010
1010010111100001101111111010001011000000000000000000000000000000000010
1010011001011001000111111111010101100000000000000000000000000000000010
1010011010100110100010101100101000100000000000000000000000000000000010
1010010001101111011101011110110100100000000000000000000000000000000010
1011110101100011100011011100101011000000000000000000000000000000000010
1010101010100111000000110101101100100000000000000000000000000000000010
1010010111100101110001011110101011000000000000000000000000000000000010
1011011001001001101100011011001010100000000000000000000000000000000010
1010101100100001001010100011101100000000000000000000000000000000000010
1010000101011000000110010100010101000000000000000000000000000000000010
1011000111111100100100110110101101000000000000000000000000000000000010
1010000010100000010000111001111111000000000000000000000000000000000010
1010101011100100101001101011011000000000000000000000000000000000000010
1011010001101110011010110011100010100000000000000000000000000000000010
1011011100001100100000101010111100100000000000000000000000000000000010
1010000011111110010011001001000010000000000000000000000000000000000010
1011101001100110111010111001111000000000000000000000000000000000000010
1011001000011000001111111110111001100000000000000000000000000000000010
1011111101100010010111111111000111100000000000000000000000000000000010
1011011010001100110110101010001110100000000000000000000000000000000010
1011001001100010111010100000101101100000000000000000000000000000000010
1011001000011100000110110111100001000000000000000000000000000000000010
1010110100000111101010001100110010100000000000000000000000000000000010
1010100111001111000101000001011111000000000000000000000000000000000010
1011111000100001011011110101010000100000000000000000000000000000000010
1010101000110100100110100101101010000000000000000000000000000000000010
1010000100001101110110001011110110000000000000000000000000000000000010
1010110110010101011000101001101110000000000000000000000000000000000010
1011000010001110001110010111000111100000000000000000000000000000000010
1011110110110110110001110101011011100000000000000000000000000000000010
1010110011100110001111000011011010100000000000000000000000000000000010
1011011011000000010001100101100011000000000000000000000000000000000010
1011110000001110000110000110001001000000000000000000000000000000000010
1011011100010100101010000001101001100000000000000000000000000000000010
1011010001101110100011110111001010000000000000000000000000000000000010
1011100100001010001101001110100000000000000000000000000000000000000010
1010110110010111010101101010101000000000000000000000000000000000000010
1010010110101010101011010001100100100000000000000000000000000000000010
1010100100111110111011100011110100100000000000000000000000000000000010
1011000001010101000111111101100001000000000000000000000000000000000010
1011111001111110001001000011001110000000000000000000000000000000000010
1010100010010010110100110111101011100000000000000000000000000000000010
1011101101110111100011110111011100100000000000000000000000000000000010
1010011001110100101110111100110111000000000000000000000000000000000010
1011111100001111101000001010110101000000000000000000000000000000000010
1010101010101101101100010110100011100000000000000000000000000000000010
1010101111000001111011011000011010100000000000000000000000000000000010
1010001001100101100101100011001001100000000000000000000000000000000010
1010110011001110101100000010111011100000000000000000000000000000000010
1011110000101101100101011111010111000000000000000000000000000000000010
1010001000010110100010001111010111100000000000000000000000000000000010
1011110101111001000010011011100011100000000000000000000000000000000010
1010100110010110010010001100011111100000000000000000000000000000000010
1011110001110000011101011011011111100000000000000000000000000000000010
1011100000111100010110111111010111000000000000000000000000000000000010
1011100011111010000110010000000110000000000000000000000000000000000010
1011011101011010010000101000100110100000000000000000000000000000000010
1010010000100110011000000001100110100000000000000000000000000000000010
1010000000110101010111010010000001100000000000000000000000000000000010
1011101001100110010000011100100111000000000000000000000000000000000010
1010101111000011010111111011010110100000000000000000000000000000000010
1011000000100010010000010011110111000000000000000000000000000000000010
1011101001000010001111101011101111000000000000000000000000000000000010
1010000111100000111101010110111110000000000000000000000000000000000010
1011100110000101100100110101010010100000000000000000000000000000000010
1010100000110111110010000101111101000000000000000000000000000000000010
1011000111110000111000001011100000100000000000000000000000000000000010
1010111000001010000101011010110011100000000000000000000000000000000010
1011000011100100000100111111000100100000000000000000000000000000000010
1010110000110101000100101001100011100000000000000000000000000000000010
1011011011100011011101011100100101000000000000000000000000000000000010
1010110101011101010111010101101001000000000000000000000000000000000010
1011111110000011111001110010010001100000000000000000000000000000000010
1011101000110110010101011111001001100000000000000000000000000000000010
1011011100001100101101010110010011100000000000000000000000000000000010
1011111010011111000110100011111010000000000000000000000000000000000010
1011100110100111011001011011111011000000000000000000000000000000000010
1010100001000100000000100111011000100000000000000000000000000000000010
1011101000110011001111101010000110100000000000000000000000000000000010
1011110001000001100100100101100010000000000000000000000000000000000010
1011001100000100000001100001011110100000000000000000000000000000000010
1010001101010110000001011011111011000000000000000000000000000000000010
1010001001100110000010000011111101000000000000000000000000000000000010
1010011111110011100100110100101111100000000000000000000000000000000010
1011000010010000110101100001010011100000000000000000000000000000000010
1010110010100011001111100011101101000000000000000000000000000000000010
1011100010010101110111110111101011100000000000000000000000000000000010
1011010011001101100011110100110001100000000000000000000000000000000010
1010011011011000101001001110001011000000000000000000000000000000000010
1011011111100000101001111000110010100000000000000000000000000000000010
1011011101101101110001000010001101000000000000000000000000000000000010
1010101110000010111110010010011010100000000000000000000000000000000010
1011010000001000100000101110111011000000000000000000000000000000000010
1011100100011001101011101001011111000000000000000000000000000000000010
1010111101010111101011100001110010100000000000000000000000000000000010
1011000110101000111100011011101011000000000000000000000000000000000010
1011100000101101000011000100011100000000000000000000000000000000000010
1011100111001001101111010111010001100000000000000000000000000000000010
1010110100011010110011110000010001000000000000000000000000000000000010
1011010001111011011101001000000101000000000000000000000000000000000010
1011111100011100100011000111000000100000000000000000000000000000000010
1010110110001001001000000100101110100000000000000000000000000000000010
1010010001100010110011111000100111000000000000000000000000000000000010
1010010010010110000000000010100001100000000000000000000000000000000010
1010010100001011001111001101010011100000000000000000000000000000000010
1010011110011110001111010100111100000000000000000000000000000000000010
1011011100101001010010111110110001100000000000000000000000000000000010
1010111101000000100001100100000000000000000000000000000000000000000010
1010110010110000101010101001011010100000000000000000000000000000000010
1011100110111110101101001101011000100000000000000000000000000000000010
1011001100111011111010000100110111100000000000000000000000000000000010
1011100000000100011001100111100101000000000000000000000000000000000010
1010101001110100010010100111011111100000000000000000000000000000000010
1011110000101111100111111011011011100000000000000000000000000000000010
1010011010000010100111010101100011000000000000000000000000000000000010
1011100111011111001101011111100000000000000000000000000000000000000010
1011101110101010010000011011001101100000000000000000000000000000000010
1010000000000100110110000001101101100000000000000000000000000000000010
1011000001111100110101111100010101100000000000000000000000000000000010
1010001100000011001110111000100000000000000000000000000000000000000010
1011000000000110011000010110110000100000000000000000000000000000000010
1010010011001000111101000101101110000000000000000000000000000000000010
1010001100010110101101000011010101000000000000000000000000000000000010
1011011010111110010110110010011110100000000000000000000000000000000010
1010110111011110000110011011100000000000000000000000000000000000000010
1010110010001001111001110100000110000000000000000000000000000000000010
1010011110100000001010110001110101100000000000000000000000000000000010
1010000111011101100010011011101100100000000000000000000000000000000010
1011000100110010000010001011000101100000000000000000000000000000000010
1010110010001001110111101011111010100000000000000000000000000000000010
1011011001101110011001110010010010000000000000000000000000000000000010
1011001100010001001111100110001011000000000000000000000000000000000010
1011011100010110000001011010101111000000000000000000000000000000000010
1011111000110001110011111000101100100000000000000000000000000000000010
1010011101001101010010111101101001100000000000000000000000000000000010
1010100110010111110001000000100111100000000000000000000000000000000010
1011011010101010011001011011001100000000000000000000000000000000000010
1011010100011010111001111100111011100000000000000000000000000000000010
1010110011001111100011111100011010000000000000000000000000000000000010
1010111000010110100100011100110011000000000000000000000000000000000010
1010011001110100101111101000111010100000000000000000000000000000000010
1010101100010010010010010111100001100000000000000000000000000000000010
1010111101111100110110101100110001000000000000000000000000000000000010
1010011100101111001101010100100110100000000000000000000000000000000010
1010010111100111011111101101100010000000000000000000000000000000000010
1010101100010000000011100110010011100000000000000000000000000000000010
1010100010111001011001011110001111000000000000000000000000000000000010
1010011000010110100001000111010010000000000000000000000000000000000010
1011010111110100001001011011011110100000000000000000000000000000000010
1011100001100011010100010011011111000000000000000000000000000000000010
1010110100101101011101101110001010100000000000000000000000000000000010
1011111010100110000101010111010111100000000000000000000000000000000010
1011110000110010011011010100111101100000000000000000000000000000000010
1011111110001010011101001001101110100000000000000000000000000000000010
1011000011010010100110010010010100100000000000000000000000000000000010
1010010111101110011100100110110011000000000000000000000000000000000010
1011101111010010001100010110111100100000000000000000000000000000000010
1011001001111001100110001001101000000000000000000000000000000000000010
1011101110010101000101011110100100000000000000000000000000000000000010
1011000001000000100000000010111110000000000000000000000000000000000010
1010111011011000010110001010001110000000000000000000000000000000000010
1011010011100101001101101101000111100000000000000000000000000000000010
1010010011011110101101000000000100000000000000000000000000000000000010
1011001011101000111000100111101010000000000000000000000000000000000010
1011101011000100110111011111111011100000000000000000000000000000000010
1010101100100010101111111111100111100000000000000000000000000000000010
1011100101010110101101110111000000000000000000000000000000000000000010
1011110001011111101110001100101010100000000000000000000000000000000010
1010111100111001101101000110001100100000000000000000000000000000000010
1010000000110110101000111110011011100000000000000000000000000000000010
1011001100010101100110100100111111100000000000000000000000000000000010
1010110010101101000011001000111101100000000000000000000000000000000010
1010010111100100101101110001011111000000000000000000000000000000000010
1011001110010001001001111111001011000000000000000000000000000000000010
1011001110110101110111000111001111000000000000000000000000000000000010
1010101010101100111101111101011000100000000000000000000000000000000010
1011001100100100100011001000110110000000000000000000000000000000000010
1010111011111011110111100100001101000000000000000000000000000000000010
1011100111000101101111011011000000100000000000000000000000000000000010
1010111000000001110011011001110011100000000000000000000000000000000010
1011110111000011010101011001111000100000000000000000000000000000000010
1011010001001011110011110110101010100000000000000000000000000000000010
1010100110000100011000010011100011000000000000000000000000000000000010
1010111011010001011011110111010110000000000000000000000000000000000010
1010000000011000010111101101111010000000000000000000000000000000000010
1011110111001000100011110110110010100000000000000000000000000000000010
1010101110110101011110101110101101000000000000000000000000000000000010
1010010000101100000000100100111010000000000000000000000000000000000010
1011010100111100011110001110010000100000000000000000000000000000000010
1011001101111001100001010100000111100000000000000000000000000000000010
1010011100110111110011101101110011100000000000000000000000000000000010
1011100100001010101100111100011100000000000000000000000000000000000010
1011101010100010101010000110000110000000000000000000000000000000000010
1010010100111111001011011101101001000000000000000000000000000000000010
1010110101110101110000100010000011100000000000000000000000000000000010
1011011000011010101100100000001010100000000000000000000000000000000010
1010101011001110100111101100001011100000000000000000000000000000000010
1010001010001000000011000100111001000000000000000000000000000000000010
1011101111010001001111010010001111100000000000000000000000000000000010
1011011010110011010000000010110011000000000000000000000000000000000010
1010100010111101000001010011010001100000000000000000000000000000000010
1010001100111010100111111001010100000000000000000000000000000000000010
1010101010001100000110111111000110000000000000000000000000000000000010
1011010001110110000011111100101111000000000000000000000000000000000010
1011000011111110001101010000000011000000000000000000000000000000000010
1010110011010010101000010111011011100000000000000000000000000000000010
1010011010111010000101011010100100000000000000000000000000000000000010
1010011000111101001010100100011111100000000000000000000000000000000010
1011110000010011011110010010101001000000000000000000000000000000000010
1011101011100110101111111000110100100000000000000000000000000000000010
1011000011110100010110100100011101100000000000000000000000000000000010
1010101101101101001000001100111001100000000000000000000000000000000010
1011011000010101100100000011001010100000000000000000000000000000000010
1011100100000101000100011000011101000000000000000000000000000000000010
1011011111100000001011100001100010000000000000000000000000000000000010
1010100010001101101000001111101100100000000000000000000000000000000010
1011011110111110000010111001001100100000000000000000000000000000000010
1011111100110010000101010101101101000000000000000000000000000000000010
1011000110000011110101000001110101000000000000000000000000000000000010
1011111001011011010111000101011111100000000000000000000000000000000010
1011011101110110001000011000000110000000000000000000000000000000000010
1010111000111111000100100001100101000000000000000000000000000000000010
1011100000010000110100101101011110000000000000000000000000000000000010
1011011011101001110011011110110111000000000000000000000000000000000010
1010101011100010001001101111100111000000000000000000000000000000000010
1010010011100110101000000000110010100000000000000000000000000000000010
1011010100011001100000001101011110100000000000000000000000000000000010
1011110111100111100000100110110010000000000000000000000000000000000010
1011001011000001011111101001100001000000000000000000000000000000000010
1010010100110101111100000010000010100000000000000000000000000000000010
1011011011100100101100110001010101100000000000000000000000000000000010
1010000111001001100000000100100110100000000000000000000000000000000010
1010000001110100000110011100000111100000000000000000000000000000000010
1010000001011001001101110000110110000000000000000000000000000000000010
1010100001101110000100010000111000000000000000000000000000000000000010
1010010100000100011000011101111100100000000000000000000000000000000010
1010000100100000110000011111011101000000000000000000000000000000000010
1010001100000110001110011000100011100000000000000000000000000000000010
1010111000010111001011110101011111100000000000000000000000000000000010
1010101001101111000110100001101101000000000000000000000000000000000010
1010000111000111110010000000111101000000000000000000000000000000000010
1011000000010111001010100001101111000000000000000000000000000000000010
1011111000011100011011010001110011100000000000000000000000000000000010
1011110011101010111111110011101110000000000000000000000000000000000010
1010011111001100010100110010101111100000000000000000000000000000000010
1011001000110110110111000110100111000000000000000000000000000000000010
1011100110000101110001000100101110100000000000000000000000000000000010
1011110101110111000011110100110000100000000000000000000000000000000010
1011100001110000000001101011100001100000000000000000000000000000000010
1011111011111011001100110010110101100000000000000000000000000000000010
1010101000011111001101110010100100100000000000000000000000000000000010
1011011011010111100010010100110100000000000000000000000000000000000010
1011010001101001011111110101001111100000000000000000000000000000000010
1011111111011110101011110110011100000000000000000000000000000000000010
1011000110001011110101000111110001100000000000000000000000000000000010
1011010001101110010100011011000100000000000000000000000000000000000010
1011000111100000000000000000111001000000000000000000000000000000000010
1010001101010010100011111111001011100000000000000000000000000000000010
1010000100101000110001100101011101100000000000000000000000000000000010
1011110001100011111101111111011000000000000000000000000000000000000010
1011000001110000001010100110001010100000000000000000000000000000000010
1010101011000110011101010111100011000000000000000000000000000000000010
1011111000110010001011000000101110000000000000000000000000000000000010
1011011100110001111011111011100010000000000000000000000000000000000010
1010111100010001001111110010111000100000000000000000000000000000000010
1011100011101010010110000101010000100000000000000000000000000000000010
1010101110100000101110010110111011000000000000000000000000000000000010
1011101111011001000111100011100110000000000000000000000000000000000010
1010010000000011110110111000110001000000000000000000000000000000000010
1011001001001011100100100111001111100000000000000000000000000000000010
1010101010100111011001010100101101100000000000000000000000000000000010
1011100101011111000101001001101010000000000000000000000000000000000010
1010000010011110001111101001110111000000000000000000000000000000000010
1011000010011100100110000110001110100000000000000000000000000000000010
1011101111011101011101110100011001100000000000000000000000000000000010
1010000111100010011101100100001011100000000000000000000000000000000010
1010010011011011001110110001010100000000000000000000000000000000000010
1011101110100100011010000101010100000000000000000000000000000000000010
1010100001101110100110011000001010100000000000000000000000000000000010
1010001001101110101101100101010111100000000000000000000000000000000010
1011011011010110100100111111001100000000000000000000000000000000000010
1010000110010100011010011101101000000000000000000000000000000000000010
1010111000110000100110011010000111100000000000000000000000000000000010
1011000000000011000110100000011011000000000000000000000000000000000010
1010111000100100100111100001001100000000000000000000000000000000000010
1010101000011110011111100011101000000000000000000000000000000000000010
1010001000110000111011101111000001000000000000000000000000000000000010
1011010101110001111001011000111111000000000000000000000000000000000010
1010000110110100000001111001100011000000000000000000000000000000000010
1011100000001011111111000101100101100000000000000000000000000000000010
1011110000100111011011111111000011100000000000000000000000000000000010
1010110010100110111100111101000100000000000000000000000000000000000010
1011000100100010001001111110011010000000000000000000000000000000000010
1010000100001010000001000111000010000000000000000000000000000000000010
1011100010011001100101100100111001100000000000000000000000000000000010
1011001011110110010010110001001110100000000000000000000000000000000010
1010000011000100001100000000110111000000000000000000000000000000000010
1011000000111100010010001110111001000000000000000000000000000000000010
1011110100101111000001000110100000100000000000000000000000000000000010
1010101101000101001010110100100101000000000000000000000000000000000010
1010000111000110101101110111000100100000000000000000000000000000000010
1010001011000000000100001110000011000000000000000000000000000000000010
1011111011000100000101000101011011100000000000000000000000000000000010
1011001111000110101010100110001101100000000000000000000000000000000010
1011110111110110101100100001000010100000000000000000000000000000000010
1011001111111110111101010100110110100000000000000000000000000000000010
1011000101000101000111000100011010000000000000000000000000000000000010
1010011000010010001011000110111110100000000000000000000000000000000010
1010011011110110011011001011100000000000000000000000000000000000000010
1011010011101100011101101010110111000000000000000000000000000000000010
1010001010111011010010011001101000100000000000000000000000000000000010
1010010110100001001111100100000110100000000000000000000000000000000010
1010011000001011000001011010011111100000000000000000000000000000000010
1010001001110110110111110011111111000000000000000000000000000000000010
1010110101001100111110111101101010100000000000000000000000000000000010
1010001000101101011101001111000100000000000000000000000000000000000010
1011011011110010101010110001110100100000000000000000000000000000000010
1011101011111010111010011011100011100000000000000000000000000000000010
1011110111000011011001100010110111100000000000000000000000000000000010
1011000000101001000110011111000000100000000000000000000000000000000010
1011100010010000111110100111001111000000000000000000000000000000000010
1011000111111000011000001101111101100000000000000000000000000000000010
1010101001000011100011100100000100000000000000000000000000000000000010
1011001000010110000000011011000100100000000000000000000000000000000010
1010011010010001110011010111100010100000000000000000000000000000000010
1011001100000010000000010001001000000000000000000000000000000000000010
1010000010001101110011110011111110100000000000000000000000000000000010
1011010100100011101001010111100101100000000000000000000000000000000010
1011110000000001110011000011100110100000000000000000000000000000000010
1011101101110000110001100111011011100000000000000000000000000000000010
1011000011101110101101000010010101100000000000000000000000000000000010
1011111101111100001111011010101100100000000000000000000000000000000010
1010111001000010001011011001011100000000000000000000000000000000000010
1011101011001101101101100110110111000000000000000000000000000000000010
1011010101110110010011011010100100100000000000000000000000000000000010
1011000011010100110011111011010111000000000000000000000000000000000010
1011011100101111000101101011110001000000000000000000000000000000000010
1011101111111011101001011101101111000000000000000000000000000000000010
1010101001100101111110100010011111100000000000000000000000000000000010
1011000111100010111100111001000001000000000000000000000000000000000010
1011111011110101001101101110100111000000000000000000000000000000000010
1011110011010110100011001110001101000000000000000000000000000000000010
1010100101001001111011010011111111100000000000000000000000000000000010
1010000000111100100101111011011101000000000000000000000000000000000010
1011110110111001001100011110111010100000000000000000000000000000000010
1010010100000101101110010101001111100000000000000000000000000000000010
1010100010101101100100100110111011000000000000000000000000000000000010
1011000010001111101110111010001100000000000000000000000000000000000010
1010101011110111010100111011011010100000000000000000000000000000000010
1011011010011100001001101010101111100000000000000000000000000000000010
1011100000101101000111110010010000100000000000000000000000000000000010
1010111010101100100101010000001100000000000000000000000000000000000010
1011110000011101000111011100000010100000000000000000000000000000000010
1011000011000100100010111101111100000000000000000000000000000000000010
1010110100100000101111110111100001000000000000000000000000000000000010
1010101011000000000100000010100011100000000000000000000000000000000010
1011101111011011100010101010001000000000000000000000000000000000000010
1011101000111100111101110100000110100000000000000000000000000000000010
1010111001110111000001100111110101000000000000000000000000000000000010
1011010011011000011100011111100001000000000000000000000000000000000010
1011111101110000101111100110000111100000000000000000000000000000000010
1011100111111000001101111000011000000000000000000000000000000000000010
1010001000100110011001100000100100000000000000000000000000000000000010
1011101101111001111100001000111110100000000000000000000000000000000010
1010011010101100101110101001011100000000000000000000000000000000000010
1011001100010101110110100101001100000000000000000000000000000000000010
1010101000011101011000111011110000000000000000000000000000000000000010
1010110011000000010110001010111101000000000000000000000000000000000010
1010110000001000011101100000000111000000000000000000000000000000000010
1010110000000011111100000000001100100000000000000000000000000000000010
1010001000000011000010011100010011100000000000000000000000000000000010
1010110001100100001010101111101000000000000000000000000000000000000010
1010010010111110010110011000000110000000000000000000000000000000000010
1010110000010010111111011000110111100000000000000000000000000000000010
1011010010001001101001011111111101000000000000000000000000000000000010
1011100001111001100111101000111101100000000000000000000000000000000010
1010000111101110110111010100001011000000000000000000000000000000000010
1011010100000010011100010000010111000000000000000000000000000000000010
1011001111000011101101011101110100100000000000000000000000000000000010
1011110001001100000110000110101011100000000000000000000000000000000010
1010010001000000010011100000100010000000000000000000000000000000000010
1010111110010101111011111001010111000000000000000000000000000000000010
1010111100100101100011111110001100000000000000000000000000000000000010
1011101111000100111110010111101110100000000000000000000000000000000010
1011011111001110110100010111111100100000000000000000000000000000000010
1010110010010100000111111101110111000000000000000000000000000000000010
1010001110111101110000010001110010000000000000000000000000000000000010
1010000010011011101011111111010011000000000000000000000000000000000010
1011011011011101110110111111010101000000000000000000000000000000000010
1011011000111100111001011100001110100000000000000000000000000000000010
1011111111011010110000000010101110000000000000000000000000000000000010
1011000000100010010011100110011110100000000000000000000000000000000010
1010010110001111001001101110110011000000000000000000000000000000000010
1011111000100101100110110111101000000000000000000000000000000000000010
1011111010110000000000000111111001000000000000000000000000000000000010
1010001011001110100100001111011111000000000000000000000000000000000010
1010100111001110101111101110111101100000000000000000000000000000000010
1010011101101100010111110001111110000000000000000000000000000000000010
1011010010100101110101001101111101000000000000000000000000000000000010
1010001110101100110001101011101100100000000000000000000000000000000010
1010010010101110110111001101011011000000000000000000000000000000000010
1011001000101001001111000111101010000000000000000000000000000000000010
1011000101000111010001010000100101000000000000000000000000000000000010
1010010010011001001011110100010011100000000000000000000000000000000010
1011110110011001010011011111010111100000000000000000000000000000000010
1010010100101000101011011100011010000000000000000000000000000000000010
1011100110000110001000101000011101000000000000000000000000000000000010
1011110011011000101001001101010110000000000000000000000000000000000010
1010001111101001110111010101011101100000000000000000000000000000000010
1010110001111001000110100000011100100000000000000000000000000000000010
1010111111101000000001011111101101100000000000000000000000000000000010
1010000000000111010010011111001101000000000000000000000000000000000010
1010000010111000000111000101111101100000000000000000000000000000000010
1010110011110010001010010010011001100000000000000000000000000000000010
1010000111100001010101001010111001000000000000000000000000000000000010
1010000101000010101100000010000110100000000000000000000000000000000010
1011101100110001000011110010011000100000000000000000000000000000000010
1011000001000101111000110010111101100000000000000000000000000000000010
1010011001010110100111000011000000100000000000000000000000000000000010
1011001000110010101000100100010001000000000000000000000000000000000010
1011010111011001111010101011000000000000000000000000000000000000000010
1010001110100100110100110111011011100000000000000000000000000000000010
1010100001011011101100110011110110100000000000000000000000000000000010
1011000110010101100000011101111110000000000000000000000000000000000010
1010101101010011000010100000011010000000000000000000000000000000000010
1011010000011111001110110001100100000000000000000000000000000000000010
1010101000111010110110100000010011000000000000000000000000000000000010
1010110001100010011011011000110010100000000000000000000000000000000010
1010101101111000000111100011001110000000000000000000000000000000000010
1010000000010011110000010001110110100000000000000000000000000000000010
1010101000010010100111000011000111000000000000000000000000000000000010
1010101010010001001101101100111111000000000000000000000000000000000010
1011110001101000100111000010110010100000000000000000000000000000000010
1010100110100110111001001001000100000000000000000000000000000000000010
1011101001111100011001011100010111000000000000000000000000000000000010
1010011000110001000000101100111000100000000000000000000000000000000010
1011101000010100010010010000010101000000000000000000000000000000000010
1011110010111101100100110111101001000000000000000000000000000000000010
1010000011111100000011010101011000100000000000000000000000000000000010
1011011000000110000001100010101110100000000000000000000000000000000010
1010101010010111110010101110000011000000000000000000000000000000000010
1010110110011010110000001001100000000000000000000000000000000000000010
1010010010010010111101100111101110100000000000000000000000000000000010
1010101011011100110000111110101000000000000000000000000000000000000010
1011000000101011110001011111101101100000000000000000000000000000000010
1011010000010000010111001001101101000000000000000000000000000000000010
1010001000100000000000001101111000000000000000000000000000000000000010
1010010100011101000000010001101001000000000000000000000000000000000010
1011000000010010110111101110010111100000000000000000000000000000000010
1010100010011000000010110000100100100000000000000000000000000000000010
1010111010101100000100111010100011000000000000000000000000000000000010
1011101001001001000010000100101011100000000000000000000000000000000010
1011100100010110010011101011110111000000000000000000000000000000000010
1011110001100101101100110100001110000000000000000000000000000000000010
1010001101101001011101010101011011100000000000000000000000000000000010
1010000100011110000100100010100100000000000000000000000000000000000010
1011011110111110110110111010110010100000000000000000000000000000000010
1010101011100101001011000000001110100000000000000000000000000000000010
1011101101001110000001110010111111000000000000000000000000000000000010
1011011000010000011011100011100000000000000000000000000000000000000010
1010011001011111110011000010011111100000000000000000000000000000000010
1010110111001111100011001100010001000000000000000000000000000000000010
1011000011011010000100011101100101000000000000000000000000000000000010
1010011001001100010011101110100000100000000000000000000000000000000010
1010010000011000001011011010000111100000000000000000000000000000000010
1010100010001001111101011110101111000000000000000000000000000000000010
1011000101100000001101001001011111000000000000000000000000000000000010
1011000011100011000100101001110011000000000000000000000000000000000010
1010000000010100010111011001001100000000000000000000000000000000000010
1011100111000011011010110011100011100000000000000000000000000000000010
1010111011100101011101111001000101000000000000000000000000000000000010
1011100011000001001101111011110111100000000000000000000000000000000010
1010010000010101010110001001000111100000000000000000000000000000000010
1011001000010011000110011101001111100000000000000000000000000000000010
1011101101010100001011011101110001100000000000000000000000000000000010
1011110001011001100100110110000110000000000000000000000000000000000010
1010010001010111101101001111100110000000000000000000000000000000000010
1011001101010010010101110011010111100000000000000000000000000000000010
1010101110010010001000101101001111000000000000000000000000000000000010
1011101010111111111001111011010011100000000000000000000000000000000010
1011110010010110101110011111101110000000000000000000000000000000000010
1010110011000000001011111011110001000000000000000000000000000000000010
1010100100101110001010000001111110000000000000000000000000000000000010
1011110000110110000101111111111001000000000000000000000000000000000010
1010001100000110011000111000011111000000000000000000000000000000000010
1011010001101010010111000110110010000000000000000000000000000000000010
1011000001101101001111000000111011100000000000000000000000000000000010
1011101010010011101010011101011000000000000000000000000000000000000010
1011101000110111111111001100011011100000000000000000000000000000000010
1011010100011001101100100110111000000000000000000000000000000000000010
1010000000001001101011110110001011100000000000000000000000000000000010
1011101111110001001100010100001001100000000000000000000000000000000010
1011011011110001011010011011001101000000000000000000000000000000000010
1011010101001010111101101101111101000000000000000000000000000000000010
1011011100101001110011101011001110100000000000000000000000000000000010
1011011110101001010010100001000100000000000000000000000000000000000010
1010010000110000001011011111001000000000000000000000000000000000000010
1011000110000110011100001101110111000000000000000000000000000000000010
1011010010011110100011110111011110100000000000000000000000000000000010
1010000011010111110011011111010101000000000000000000000000000000000010
1011011001100111101101111001010010100000000000000000000000000000000010
1010000010010110110101001101001101100000000000000000000000000000000010
1011011000101100000011000111001111100000000000000000000000000000000010
1011010000110011101111101010010110100000000000000000000000000000000010
1011000110010111100100100100001011000000000000000000000000000000000010
1011101110011100101110100001010110100000000000000000000000000000000010
1010011011101001011010010011101100000000000000000000000000000000000010
1010100011000010001001101111110000100000000000000000000000000000000010
1011000100001010100000110010010011100000000000000000000000000000000010
1010000011111101101001101100011100000000000000000000000000000000000010
1010001110001110110100110101011110000000000000000000000000000000000010
1010101000111110101100101100100111000000000000000000000000000000000010
1010001010001100001000110110011111000000000000000000000000000000000010
1011000011011101111001110100100100100000000000000000000000000000000010
1011000010111001011000111101001110100000000000000000000000000000000010
1010101111001101000100111000101101100000000000000000000000000000000010
1010011000111100100110000110011000000000000000000000000000000000000010
1011111100001111101100011011111111100000000000000000000000000000000010
1011000010100001001001011011010010100000000000000000000000000000000010
1011111111000110101101010110111101000000000000000000000000000000000010
1011000011111110111010101101011100100000000000000000000000000000000010
1010101000111111000011101101011101000000000000000000000000000000000010
1011001110000111001111011000000100000000000000000000000000000000000010
1010101001010000100100000000111110000000000000000000000000000000000010
1010010011011010001001010010000011100000000000000000000000000000000010
1010010010011011010111011111100101000000000000000000000000000000000010
1011011111110001001010001010110100000000000000000000000000000000000010
1010101110010001101010110100101101000000000000000000000000000000000010
1011000111001010011110011011010101000000000000000000000000000000000010
1010011010110000001001100000110010100000000000000000000000000000000010
1011100001110010100010111001101001100000000000000000000000000000000010
1010010100110100111010111000110111000000000000000000000000000000000010
1010000100110101100001011000111101000000000000000000000000000000000010
1010000001110001011011011011010111000000000000000000000000000000000010
1011001010110011010111010000011000000000000000000000000000000000000010
1010010101010011000001111111110011100000000000000000000000000000000010
1010100110111000010010001010111100100000000000000000000000000000000010
1010110100010001011000010000100001100000000000000000000000000000000010
1010000111000010100001000100101111100000000000000000000000000000000010
1011110010100000010100110010011101000000000000000000000000000000000010
1011111110110111011111101000110100100000000000000000000000000000000010
1011100110100010100011101101010011100000000000000000000000000000000010
1011000001010110110110100011010111000000000000000000000000000000000010
1011110101111110110010011011011101000000000000000000000000000000000010
1011101110011001101111001110111001100000000000000000000000000000000010
1010000000011001100010010010100100100000000000000000000000000000000010
1011100111100101110111101001101110000000000000000000000000000000000010
1011111110001010100010001110000010000000000000000000000000000000000010
1011000010001100110111110000110110000000000000000000000000000000000010
1010100011101010101000000010000100100000000000000000000000000000000010
1011000010001010111001110110010000100000000000000000000000000000000010
1011110010110101100001101011011100000000000000000000000000000000000010
1010001101000110100001100101010001000000000000000000000000000000000010
1010010011010010000110101101000110100000000000000000000000000000000010
1010000111001000011111111111101101000000000000000000000000000000000010
1010110001010001101001111011011010000000000000000000000000000000000010
1011100111011010010011010100101011100000000000000000000000000000000010
1011101000101100011101100110001101100000000000000000000000000000000010
1011001111000000100101000110010010100000000000000000000000000000000010
1010010011100110000001001111100110000000000000000000000000000000000010
1010101010011010000110101110011111100000000000000000000000000000000010
1010010100011110011111011110110111100000000000000000000000000000000010
1011100110110100110001001000110101000000000000000000000000000000000010
1010000010010101010001101100011101000000000000000000000000000000000010
1010100001001010000111100011011110000000000000000000000000000000000010
1010101000110001001101011101000000000000000000000000000000000000000010
1010101101011000110101010001011100000000000000000000000000000000000010
1010110011010001010110110100100101000000000000000000000000000000000010
1010110100000100101110111111010100100000000000000000000000000000000010
1011010000101001001001010111001011100000000000000000000000000000000010
1010000010000010101000100001011010000000000000000000000000000000000010
1011100001100001110100101110001110000000000000000000000000000000000010
1011000111100100100101101110011001100000000000000000000000000000000010
1011110111101010101011111010001101000000000000000000000000000000000010
1011100010110111100111111111101100000000000000000000000000000000000010
1010101000101111011011100000101010000000000000000000000000000000000010
1010111001001000001110011111110011100000000000000000000000000000000010
1011000011100000111001011100000010000000000000000000000000000000000010
1010001001101000100001001100111010100000000000000000000000000000000010
1011101010101101011001011001001110000000000000000000000000000000000010
1011001101010101111111101001010011100000000000000000000000000000000010
1011010001010001100110100101111111100000000000000000000000000000000010
1011100000100110010101110011001101100000000000000000000000000000000010
1011011010101011000111001001100001100000000000000000000000000000000010
1010010111010110001010101011100101100000000000000000000000000000000010
1011110001111010111010001111110001000000000000000000000000000000000010
1011101101010100010101110011101011000000000000000000000000000000000010
1011001010010010100100000110001111100000000000000000000000000000000010
1011000011010110001101101011000010000000000000000000000000000000000010
1011010111100101100011110111001110100000000000000000000000000000000010
1011011111111001011110000110111110000000000000000000000000000000000010
1011101101101011000001111000101110100000000000000000000000000000000010
1011100001110001101001010001100001100000000000000000000000000000000010
1010010111001000100110111111001101100000000000000000000000000000000010
1011000010111001100010101100110110000000000000000000000000000000000010
1010001000100110001011001110101100100000000000000000000000000000000010
1011100000000110101010110111101000100000000000000000000000000000000010
1011001100100101000101111111000011100000000000000000000000000000000010
1010000001110100000011100100101100100000000000000000000000000000000010
1010101110001101100011001111110000000000000000000000000000000000000010
1011100101010011111000111001111101000000000000000000000000000000000010
1011001100100100010110110110000010000000000000000000000000000000000010
1011011100110100000101011101000011100000000000000000000000000000000010
1010010110011111000110001011010001000000000000000000000000000000000010
1010110001010101101010101010110011000000000000000000000000000000000010
1011000010101001101111111110111110100000000000000000000000000000000010
1011101001010100101001011011101101000000000000000000000000000000000010
1011001100110110010010110100111111000000000000000000000000000000000010
1011110011011110101100011000110010000000000000000000000000000000000010
1011011101100101101011110110000100000000000000000000000000000000000010
1011111101111100111100011001101000100000000000000000000000000000000010
1011001000110010111010101000001100000000000000000000000000000000000010
1011110000100111010101001001100111000000000000000000000000000000000010
1010111001100000110000100010101000000000000000000000000000000000000010
1010111011101110010010101001111001100000000000000000000000000000000010
1010001100100001100001000100000011000000000000000000000000000000000010
1011000000100101100101100110001001100000000000000000000000000000000010
1011100111000001111110101001000111000000000000000000000000000000000010
1011111001001101101001011111010111000000000000000000000000000000000010
1011001000101001110101010000101100100000000000000000000000000000000010
1011000100101101010011110110011110000000000000000000000000000000000010
1010001110101001111100001000001101000000000000000000000000000000000010
1010011101100100100100001111111100100000000000000000000000000000000010
1011100010000111100111101001111011100000000000000000000000000000000010
1010110011000100100111101110000000100000000000000000000000000000000010
1010111011111101010111101101010011000000000000000000000000000000000010
1010011000100001101101110110111000000000000000000000000000000000000010
1010010101100101000011110110110011100000000000000000000000000000000010
1011100010011010010001001001000100000000000000000000000000000000000010
1011000000011011011010101000010001100000000000000000000000000000000010
1010010000100000000001110001111000100000000000000000000000000000000010
1010100011111011010101101000011101100000000000000000000000000000000010
1010100001110111001011100101111000000000000000000000000000000000000010
1010111001111011011111100101110100100000000000000000000000000000000010
1011100101110100110110011011100011000000000000000000000000000000000010
1010111011000011010110101100001010100000000000000000000000000000000010
1010010100101110010011100110111100000000000000000000000000000000000010
1011110010011001100001100001001101000000000000000000000000000000000010
1010010101010001101010011101010000100000000000000000000000000000000010
1010111001100100010111101000011110100000000000000000000000000000000010
1011010100110001110110110010001110000000000000000000000000000000000010
1011101000010100100000100010001111000000000000000000000000000000000010
1011011110000101110101101001110101100000000000000000000000000000000010
1010101110010001101101110100010100100000000000000000000000000000000010
1010110001000101101011110111011000000000000000000000000000000000000010
1010101100110110000101000010101101000000000000000000000000000000000010
1010110011101111110011010011001111100000000000000000000000000000000010
1011110111010101101111111100010010100000000000000000000000000000000010
1010010011100011110111111110111010100000000000000000000000000000000010
1010011111010010001101000110111110100000000000000000000000000000000010
1011101110111001011100011010001010000000000000000000000000000000000010
1011011111111110101111000011111011100000000000000000000000000000000010
1011001000011111111011110011110111000000000000000000000000000000000010
1011011000101010011100101100101110100000000000000000000000000000000010
1010001001110111100111010011101011100000000000000000000000000000000010
1011101000000010011110000010000111000000000000000000000000000000000010
1011100111011110011001100001101110000000000000000000000000000000000010
1010010001100001001110000010110101100000000000000000000000000000000010
1010000011101111010111101001100011100000000000000000000000000000000010
1011101000010011011001100100001000100000000000000000000000000000000010
1011010010001111011111000110100100100000000000000000000000000000000010
1011100111001001011110010000000110000000000000000000000000000000000010
1011011010111010100011000000111001000000000000000000000000000000000010
1010101001011100101001000100000110000000000000000000000000000000000010
1010011110101110010001000110110000000000000000000000000000000000000010
1011100100101001001011010001000000100000000000000000000000000000000010
1011101111011100010010110100011011100000000000000000000000000000000010
1010011110010110101101001000111111100000000000000000000000000000000010
1010111110101010101001111101000001000000000000000000000000000000000010
1011101111010010101011011100101100000000000000000000000000000000000010
1010101101101100010010110011110011100000000000000000000000000000000010
1010011101001000111101111000101110100000000000000000000000000000000010
1010111010101011100001100000101111000000000000000000000000000000000010
1010010100011110100011111100111101000000000000000000000000000000000010
1010000001100010000110101001010010100000000000000000000000000000000010
1010101111111111001110011111001001100000000000000000000000000000000010
1010110000111001011000100011101110000000000000000000000000000000000010
1011010011100111101001111011000001100000000000000000000000000000000010
1011010001101011100100001101100001100000000000000000000000000000000010
1010100011101100101010111100110011000000000000000000000000000000000010
1011101101111101101001100010110110100000000000000000000000000000000010
1011011111110111000101110011011111000000000000000000000000000000000010
1011110010110010101110010011110110000000000000000000000000000000000010
1011100010001010000111010001000001100000000000000000000000000000000010
1011100100111001100111000110101011000000000000000000000000000000000010
1010000000110001011010010110110101100000000000000000000000000000000010
1011110011101110011100001110101111000000000000000000000000000000000010
1010010010111001000011011100100000100000000000000000000000000000000010
1010111011010000001010100100100010000000000000000000000000000000000010
1010101111101100010100010111100000100000000000000000000000000000000010
1010000010010101001010110101001010000000000000000000000000000000000010
1010011111110000000001101010011010000000000000000000000000000000000010
1010011110010010000000111111101011100000000000000000000000000000000010
1011101001101110001000001101000101000000000000000000000000000000000010
1011100100000011011111111111001111000000000000000000000000000000000010
1010111110110010110101111100011101100000000000000000000000000000000010
1010111111000111000100011011111110100000000000000000000000000000000010
1011010000010100001110011100000010100000000000000000000000000000000010
1011111101100000111111011110101000000000000000000000000000000000000010
1010000101011100000100000101110111000000000000000000000000000000000010
1011101011000111000111110000000011100000000000000000000000000000000010
1011110000110100001000100101001011100000000000000000000000000000000010
1010110101001101110011100011100101000000000000000000000000000000000010
1010100010010000001111111111110111100000000000000000000000000000000010
1011110000101010010011110100010001000000000000000000000000000000000010
1010101101101101011011000110001001100000000000000000000000000000000010
1011101000001010010001011111110011000000000000000000000000000000000010
1010110101101101100110111111001010100000000000000000000000000000000010
1010100010011110000111001011110001100000000000000000000000000000000010
1011110101111111001110010100000011100000000000000000000000000000000010
1010111101000001011101001011110111100000000000000000000000000000000010
1010110000000101101001111110000001100000000000000000000000000000000010
1011011101000110110101010100000000100000000000000000000000000000000010
1011110110110101101001000101001111100000000000000000000000000000000010
1010100111110100110010100110111100100000000000000000000000000000000010
1011011010111011110101000110011000100000000000000000000000000000000010
1011001001101100100110100000011011100000000000000000000000000000000010
1011101111000001000101010000111110000000000000000000000000000000000010
1011110101001110110101111110011101100000000000000000000000000000000010
1010001101101010110100111101011100000000000000000000000000000000000010
1011010110011100100010100110100100100000000000000000000000000000000010
1011101010001001110010010101011100100000000000000000000000000000000010
1011001110010101100101010011110011100000000000000000000000000000000010
1011000011111011000001010110111011100000000000000000000000000000000010
1011011010110000101111010000100100100000000000000000000000000000000010
1011110011111101101100101000100010000000000000000000000000000000000010
1010011011010011010101001111100111000000000000000000000000000000000010
1011010010011011100000010011101011000000000000000000000000000000000010
1011010100111010100000000110000101100000000000000000000000000000000010
1011111101001001011100001000010110100000000000000000000000000000000010
1011001000010011000111010100010110100000000000000000000000000000000010
1010001110101010101010010101011111100000000000000000000000000000000010
1011010111010001000010110000011100100000000000000000000000000000000010
1011110101011010110010111011001111000000000000000000000000000000000010
1010001000111111010110011011101100100000000000000000000000000000000010
1010101101000101110001011001101101100000000000000000000000000000000010
1011010010111100001111110000010110100000000000000000000000000000000010
1010111111111110111111111000011010000000000000000000000000000000000010
1011001000001101100110111011110011100000000000000000000000000000000010
1010010101000100101011110100000001000000000000000000000000000000000010
1010101100000100010111101100010100000000000000000000000000000000000010
1011001111100010011010111110000010100000000000000000000000000000000010
1011011110101100100011010011100001100000000000000000000000000000000010
1011010001000100001011110101011010000000000000000000000000000000000010
1010000111100011110111001101111000000000000000000000000000000000000010
1011111011011011110111011011010111000000000000000000000000000000000010
1010101000011111000010000101010111100000000000000000000000000000000010
1010010010010011000100000000110000100000000000000000000000000000000010
1011010101000011001100011100011110100000000000000000000000000000000010
1011010001010001010100100011001011000000000000000000000000000000000010
1010010010000000101010110111000111000000000000000000000000000000000010
1011111010000111100101110000100100100000000000000000000000000000000010
1010110111110011001000000111110010000000000000000000000000000000000010
1011000000011001101000000001000110100000000000000000000000000000000010
1010110111000000001100010100001000100000000000000000000000000000000010
1010110001111001100011111111010111000000000000000000000000000000000010
1011101111000000100110100100000011100000000000000000000000000000000010
1010110100011001110110100010010000000000000000000000000000000000000010
1011011001110011100000100101111100100000000000000000000000000000000010
1010011110001001010101010010110010000000000000000000000000000000000010
1010110110011011000100101111000010000000000000000000000000000000000010
1010010101011110000000110010000101100000000000000000000000000000000010
1011001000110110110000110011011000100000000000000000000000000000000010
1011110001011000011010000001000100000000000000000000000000000000000010
1010111100110111100000000110011100100000000000000000000000000000000010
1010100001011010000010001000100000000000000000000000000000000000000010
1011011100000010110110011100000000000000000000000000000000000000000010
1010100010011100100100001011010010100000000000000000000000000000000010
1010010000110110010100010010001110000000000000000000000000000000000010
1011110110011011100100011110000101100000000000000000000000000000000010
1011001101001000001001101010100100000000000000000000000000000000000010
1010000000101011011101010111111110000000000000000000000000000000000010
1011101001001011011001001101011010000000000000000000000000000000000010
1010110000001010101001001000011001100000000000000000000000000000000010
1010000111111000111100010111011111100000000000000000000000000000000010
1011011010101011011001011101101000100000000000000000000000000000000010
1010111010011001110100010110000110100000000000000000000000000000000010
1010101001101100001111111111010010100000000000000000000000000000000010
1010100011001000001110100001000110100000000000000000000000000000000010
1011011101011010001111111110011101100000000000000000000000000000000010
1010111101111000111000110001010111100000000000000000000000000000000010
1010010100011110011100100001100100000000000000000000000000000000000010
1011001110001100001110000111100010000000000000000000000000000000000010
1011101010011011100010011100110100000000000000000000000000000000000010
1010011110010101010110110010000111100000000000000000000000000000000010
1011010100011000110101001001100001100000000000000000000000000000000010
1011101000001111110011101110110110100000000000000000000000000000000010
1011101011000100111010000101010011000000000000000000000000000000000010
1010111000001101101000111111100111100000000000000000000000000000000010
1010001100100001010111000100011101100000000000000000000000000000000010
1010110010011011011111001101011000100000000000000000000000000000000010
1010010011010110011000001111111101100000000000000000000000000000000010
1011001001001110100111000010010110100000000000000000000000000000000010
1011000111111000111000010110101111000000000000000000000000000000000010
1010100100011110011010011000101110000000000000000000000000000000000010
1011010000001101011000001010111011100000000000000000000000000000000010
1011100000110100100110000101111000000000000000000000000000000000000010
1010000001010001100100010010101111000000000000000000000000000000000010
1011110000110101010111100100111100000000000000000000000000000000000010
1011000111011100101110111111010101100000000000000000000000000000000010
1010000101011111110111010101110101100000000000000000000000000000000010
1010011001000100010010110111001111000000000000000000000000000000000010
1010010000111001100011111110100101000000000000000000000000000000000010
1010010010111000000010110001111101000000000000000000000000000000000010
1010110100001010110100101100010001100000000000000000000000000000000010
1010100010000001010011001000111011000000000000000000000000000000000010
1010010000100100100000110110100100100000000000000000000000000000000010
1010101101101010000110101001011110100000000000000000000000000000000010
1010101100101011001000001111111011000000000000000000000000000000000010
1010111100111010010110010100111111000000000000000000000000000000000010
1010010000000101000001100000000000100000000000000000000000000000000010
1011001111010011010000011111110000100000000000000000000000000000000010
1011001001011001000001101100111000000000000000000000000000000000000010
1011001010001011000101110010111010000000000000000000000000000000000010
1011110001000011001001100110001000100000000000000000000000000000000010
1011110011000101011111111011110000100000000000000000000000000000000010
1011011110110110111001111100110100100000000000000000000000000000000010
1010111111010010110110111011111111000000000000000000000000000000000010
1010001111111010001100110011000010100000000000000000000000000000000010
1011110011111010110000110011000110100000000000000000000000000000000010
1010101011001110100111101001111110100000000000000000000000000000000010
1010110101100000001100011011001100000000000000000000000000000000000010
1011010001011001010111000110100010000000000000000000000000000000000010
1011000011000100111001111111110100000000000000000000000000000000000010
1011011001101001100010011000101111100000000000000000000000000000000010
1011100000100011011001000010011100000000000000000000000000000000000010
1010100100011101101011011001110100000000000000000000000000000000000010
1011001100001111010011011101010111000000000000000000000000000000000010
1011111011100010011101000010001101000000000000000000000000000000000010
1010100011010000000111110000001101100000000000000000000000000000000010
1011101100010000010100111010011010000000000000000000000000000000000010
1011001110101000100100011110100111100000000000000000000000000000000010
1011010100011111101100100100100100000000000000000000000000000000000010
1010100110100110100001010001101001000000000000000000000000000000000010
1010100010110010101100001001001100000000000000000000000000000000000010
1010011011001001101111110101111001100000000000000000000000000000000010
1010001101111111110100111001001000000000000000000000000000000000000010
1010101001010110111001010000000110000000000000000000000000000000000010
1011101101010011101010001010111111100000000000000000000000000000000010
1011001010000010110001000111101011100000000000000000000000000000000010
1010001111000000001001010010011001100000000000000000000000000000000010
1011011010001011110001001101000110100000000000000000000000000000000010
1010000110001111110001111101110011000000000000000000000000000000000010
1011001010000000100101101100010100100000000000000000000000000000000010
1011000111001100010010011000001100100000000000000000000000000000000010
1011100101110000100100011111100110100000000000000000000000000000000010
1010000111011001101001001101100101000000000000000000000000000000000010
1011001001001010111110001001111011000000000000000000000000000000000010
1010001100011111001000111010011100100000000000000000000000000000000010
1010110011001011100101111111111000000000000000000000000000000000000010
1011010110100110100001010101100111100000000000000000000000000000000010
1010001011101101100110110111110111000000000000000000000000000000000010
1010011011000010011100110110100011100000000000000000000000000000000010
1011010111000111111110001011101011100000000000000000000000000000000010
1011101011101011111111100010111111000000000000000000000000000000000010
1011011001001100110110101000110001100000000000000000000000000000000010
1010101110111100100001101010111111100000000000000000000000000000000010
1010000011001110101111000001101111000000000000000000000000000000000010
1011111110111011100011101011100101100000000000000000000000000000000010
1010001011110100100101111001000010000000000000000000000000000000000010
1011011101100001000010011110011010000000000000000000000000000000000010
1010101011101101100010110010011010000000000000000000000000000000000010
1011100010100000100111100100111111100000000000000000000000000000000010
1010100101010101100001111000100100100000000000000000000000000000000010
1010001010000000000001101001101100000000000000000000000000000000000010
1011000111101111101000010101000011000000000000000000000000000000000010
1011110110101000001001101101101000000000000000000000000000000000000010
1010111101110110100001101001110110100000000000000000000000000000000010
1011010011110011101000011001010110100000000000000000000000000000000010
1010100011010010111110101101111010100000000000000000000000000000000010
1011101000101000110110010011011100100000000000000000000000000000000010
1010010001110011001110001000010101000000000000000000000000000000000010
1010001001010001001001001111101001100000000000000000000000000000000010
1010000001001100111001101101001110000000000000000000000000000000000010
1010011011011101000001001101011010100000000000000000000000000000000010
1011101000001101001011001110000000000000000000000000000000000000000010
1011100011010011001010001011001001100000000000000000000000000000000010
1011011000110110101101110100011010100000000000000000000000000000000010
1011110001100011110101111111010011100000000000000000000000000000000010
1010011000010100101101100011000000100000000000000000000000000000000010
1011101101100010110111000101100111100000000000000000000000000000000010
1011011010110000000011100100101011000000000000000000000000000000000010
1010111101001000000101100110101111100000000000000000000000000000000010
1010110001001010011000010010011110000000000000000000000000000000000010
1011101100000101101110011111011111000000000000000000000000000000000010
1010010110000000110010000010110001000000000000000000000000000000000010
1011111111011111010010110111111101100000000000000000000000000000000010
1010000111111111000100011110111000000000000000000000000000000000000010
1011011101000101100110101000110100100000000000000000000000000000000010
1010011010011100010011001100100001100000000000000000000000000000000010
1011110111011000001100111110100101000000000000000000000000000000000010
1010010100011010110101010110100010100000000000000000000000000000000010
1010011100010011110100111011111110100000000000000000000000000000000010
1011101000110011000101101111111001100000000000000000000000000000000010
1010010001010100000110110001010100100000000000000000000000000000000010
1011010010011100011001110011011110000000000000000000000000000000000010
1010110010101111001101000000100001100000000000000000000000000000000010
1011010010101011110000011011000101100000000000000000000000000000000010
1010000010011100111100111000010111100000000000000000000000000000000010
1011011000100001001111000001110000000000000000000000000000000000000010
1011100101001001101110100001011001100000000000000000000000000000000010
1010010010101001011000100100010010100000000000000000000000000000000010
1010000110100100110100011011011111000000000000000000000000000000000010
1010101101101001000010100010001100000000000000000000000000000000000010
1011000111101000110101001010111000100000000000000000000000000000000010
1010100110110111000110000111000111100000000000000000000000000000000010
1010101000000101101100111110101000000000000000000000000000000000000010
1010011101010011111111001100011101000000000000000000000000000000000010
1010001011001001110101100110111011000000000000000000000000000000000010
1010101000110111100111100011001000000000000000000000000000000000000010
1010011010010101010000110110011011000000000000000000000000000000000010
1010010011010100001010100110001000000000000000000000000000000000000010
1011001111101101111111101100111010000000000000000000000000000000000010
1011110100110100001111010011111000000000000000000000000000000000000010
1011001111011011010001110101100110100000000000000000000000000000000010
1010100000101111100000000101001101100000000000000000000000000000000010
1010000100100100100110011110101100000000000000000000000000000000000010
1010000110101010001001000111111000000000000000000000000000000000000010
1010010100100000111001000000100001100000000000000000000000000000000010
1011000110011100101010001100001010100000000000000000000000000000000010
1010011101000100001111010111111100000000000000000000000000000000000010
1011100001000011110100001111010010000000000000000000000000000000000010
