1010001100010100000110010101001011010110001010000010110010100001000010
1011010010011001110110110101010000110000100100011010001110001011010010
1011111110101100010010010100001111000011101101001011111010010001011010
1011100100100101110011011100000100001011011100100100110100001010010010
1010100110010001010010101101100001111010011000110010011001111011101010
1010011010010001110100100110000111110100000000100011001110110000011010
1011101100110001011111101110110110100101011010001111010110101010111010
1010101101100011100011111000011101100010101100100001010001011101000010
1011011011110001000010011111010011011010111011000010001101001110101010
1011101010010011011100100100000110001100000111100010011101011101010010
1011001000011011001011010110000000010110001110001110000101111111000010
1010110101100100111100100111010000001111101001011110110101110100000010
1011010010001000010110101011000001001001011101100010111101011101111010
1011110000011111111111010110111110000001011100011101100110011111111010
1010011001011100100001111110000110101110011111000111011111110011011010
1010001000010001011001010111010010101010010010101101101110101100001010
1011001011001001000001110111011010010000111110010111011101011101011010
1011001100000110111011111010010101000000111000010011101001000111001010
1010011101001100100100110110001110010110111101100101111001010110100010
1010010001111100101101100110011110001000010011000001011110111100011010
1011101111011010100010111000001010010110101110001000111101000101010010
1011001110101010001100101100001110110110010100110110011011001010000010
1010101001111110000000001101000110110111001110001100001101100011111010
1010111111001100101001110111101111001101001101010001001000111111001010
1010111001111010011000010010111001110110101010000100001001100011010010
1011001100001101010110110110011100100011010110011111011010010110110010
1011101010010111100011100010100000111000011100101111111001001001101010
1010101111111101111001101110101101110011010100110001010010110010000010
1010011000000010001010111111001110101000110100010001011010010100101010
1011110101100111100101000110001011001000111101100111100011001001010010
1011101101011000100101100111010111101101100000111001111100010001111010
1010010000010010000100111001110111100001010110001101001011011011011010
1011010000110000011111011111010001101110011110010101011101001111101010
1011010111100011100111111111001101001001111101100011010010111101101010
1010011111111101001101101001010001011101101011101001101110100111110010
1010001101100010100001001100101010010111010010000001111001010100111010
1011011101101101111011010101111111001101100001100011100111001110110010
1011101110110001010110001001100101101100010101001001011010010100001010
1011100111011001000000100100011000111000010101101000101001101110111010
1011101100010100000110011000110010111000000110111001100010101101101010
1010100101101111100001110010010110100101101011010111001100001001110010
1011001000110110100100110001001100100101011110000001101111010001110010
1010101011011100000010111100010101110011010100001011001010000011001010
1010110000100010110100011001011110110100100010111011111011001000110010
1010001001111011011000110101111111011001001100011011111101010010110010
1011100010100100111110100111000100010011110110001001111100001101110010
1010101110111111001000111110110001001001100100010100011101011110100010
1011010001110000011011111011001111010010010110001100010100001110111010
1011011100011000011001000110010000011001110000000110101110100011001010
1010110011110101010110011011001110110010000011101110001011111001011010
1010010000101010000111111100111111110000110010010001110110011110111010
1010000111111110100110001001000000001000001100100100111110111011001010
1011010001111101001001000100010110101101101100111101010010010011000010
1011100101011001101111011001101101101101010110011111101000010011010010
1011100011100000110011110100011000101111111111110100110010101011010010
1011111010100010110000111011111101110010110010111101101100110010010010
1010101000100001100110110010000110000111000000101001001110111110110010
1011011110011110000110110110101110110111111001100010010101011001011010
1010011000100000001000111101001001001100011010111111110000101111111010
1010011000111000011010000011011011000111001110111100110111111001000010
1010100010010011000000011101010111011000011001111010101101111010100010
1010101110101011000011111110000001000101110101110001010010100101100010
1010111100100110100010111101000110111010100111110000011001011100010010
1010000000001010011010100101001011011001110100000110011111010011011010
1011111000011000110000100000001010100001010110010110010000100000100010
1011010000100001101011010100000010000010101110100111001010110000011010
1010000101011001010001000101001001010000111011010000010111000111011010
1010010000000011100000101010101001100010100011001100010010000110011010
1010000010100011110001010010001000001111101111110011010110111111011010
1010101001000110111011101110001000000110101001101010001010111100101010
1010101100111110111000100011100001000001111001010101101011010110110010
1011010001101001110010110000001011001011011100111000010111110010001010
1011010111111111110000010001000000100100011001101001011110110100111010
1011001111110010010011110110010111000111101110011010101101010100100010
1011100111111011001100111001010100101001001110011100111011000100010010
1010010101001001010111110001010101110101110010011001101001010010011010
1010110101010101111011011110100100110101011111101100101101001111111010
1011100100001111011010111011011011101000001111110011100011100111100010
1010100000000110010000010011001101011100100110010101011111000101000010
1011000011001110111101010111101110110000110000000000011111101111110010
1010010100010111110110110000100110010110010000000001100100100001110010
1011000010100101010001010001101111000101010111001010110100100110011010
1011010001101111001100011101011000101000111110010001110010001010110010
1010010011101011011010101101100000110110111001010110001011101110010010
1010010100000111100111100000101010100111010111110001101110001011101010
1011111110100100011010110111000001100101001001101001011111000100000010
1011110111011100001000001110011010101001001101111001101101110010000010
1010101101000000101110001000100000000101011001101001100110111000011010
1010011000010011100111100111010001001001000101000110100000101101001010
1010010000010110011001011101110011100101100100000000000001101100010010
1011101101001111101011100010000000110100010010101111101111110011011010
1010001111111101001011110000110011011000110010001100010101011110010010
1010000101000110011100010101011100000001110010011011111110011011110010
1010010001111101001111111110110100101111110010010001100001110010100010
1010001010100111110101110001000100101100110010101110100000101110110010
1011010001010000011111011001011001001010110000011111101100101000011010
1011001001001110111101101011110111011111010110111010110011110000001010
1010010010100001001110011010110110001011000110010110000010111010100010
1011001111101101101010001001101010011110110001010000000111011000011010
1010100010110011110110000110101110010001110010111011001110010010001010
1010010101010111111110010110011111010011001001111001000110110000011010
1010011010101000001111010010000000000010100110001011011010010011010010
1010110111001110100000001001111000000001101100011000000011010111000010
1011001101110000001001010001111010010101001011001001000010011011000010
1010010001010110011100111010100100011111011101101110101010000001100010
1010010110010110111100110101111111110000011110001010000111010001111010
1010010111000001100010101001100000100011000001010001011111111101011010
1011101010101100001010011001010111101101001011001000110011100101010010
1011011100000101100001101100011010011110100111101010100010000100111010
1010111001010101011111100010011000001111001100101100001101001111101010
1011010110000101110111111001100101010001111111101111101010110011110010
1010111100000101010010000000001111101110000101001000010000101010111010
1011110101001011110111111010100000101011011101100101100101000111101010
1010001001001000111101101010111101010010101100110100001000000100001010
1011101011101110011010100011110010000100111111000011011110000010101010
1010011010111010010010100010011111000011010001001000010000110110100010
1010111001010001010101101011111101101001001001111111011111101111000010
1010101100001001010101111011111010110101111111000011100100001100101010
1011100000000111111110010010101001110001111111001101101011111110001010
1010011101111000010101100010111011000111101001101101110001001110011010
1011010010011000101000100101101101000111011000111010010010110100001010
1010111100100101011100111100010110111011011001011010010000010011111010
1011000101111010001101001000000101110110010110001010011111010011111010
1010011001100000001100100111101100001101100101000110110101100010110010
1011000111010100000001011000111010011101010111000111100001011000000010
1011011010100001100011110100010100110000011011100001110000010001111010
1010110100100011110100010101111110010110010110010011101110010011000010
1011101111110000000011100100101000001110111110000101100010010010100010
