1011011000111010000110100100000100111110111111110001000001011111110010
1010011100010000010011110001011110110001001001000101100110000010111010
1010000111000000001011100000001010001001101101111101111000001111001010
1010100010100010000101111110000010000010010100010011000001000111100010
1011100010011110000010000000001000110000001101000100110111010100010010
1011010001010101100010111000001101101010010000010000010110100100010010
1010001111001101000111110001000011110110010011110101111001010011111010
1011011011011110101110000110110100010101000000010011000001011101010010
1011000100001010000000011000011011101001011110001000000001101001011010
1010111000111000110010011000010101100000110100011000011101110001110010
1010001110000011000100010011110101000110001110010001110101011011011010
1010111000010100111111110000001111010010110001010101110001001010010010
1011000000111000101000001111001010101100110111100111011001100010110010
1011111000011111111011101101010001111100000110100100100011001110101010
1011100101011111001110111101011101111101011011110111001010001110001010
1011110010111110110100010010000100001110111110001100100111011111010010
1011010010100001100010000000101011111111111001110100010100111011110010
1010001110110111110110000101011001100100010001111110001100000000111010
1010110101110010011011000111001110101111000100010111110001110100111010
1010100011111110101000000101010100110110000101010001010011001010010010
1011000101100010011010000001100100011111100110010011001011010101000010
1010110000110111101011111101111011100100000010100110101101100001010010
1011011001101011110001101010110000000101101001000000110101111110111010
1011000010101100101100011011111110111000100010110010011111101100100010
1010100011100001011010000000100100001011000001001101011101011100110010
1011110011110000000100111100011100100001011100001001111000100000010010
1010001010101010100001111000101010111001111100110111001101001101001010
1010100001001011111000111111010110000101110000110101111110011101110010
1010100100001010010111100101010100101010111100100111000101011000011010
1010111001111000010001111000111011001001000110100100011011100100111010
1011011011000000001001110001110011010111101110111011011101101001011010
1010011110001101101101101110110111100010110001111111010011100100001010
1010000001101101000100000110000000000000110101100001101010110111011010
1010110000101110011101001000010110010000000011000010100110101100000010
1010010001100001111100001110010111011111000000101001011010001011000010
1010110010001111001110110111000001110101001110000000101110000111000010
1010011011101111101010110001001111011100110110110111001111111100000010
1011100011010100001111001101110110001111010100101101101111000101000010
1011010011110011111101010001111011000111001111010100101110000100110010
1011110000110011111101010110110110110001111010000001001101111001000010
1010101111010110001011110110000000000100011010111111111010011001110010
1011100010110100110101110111100110010011100000010000000101111000000010
1011110110100101111100011001101010000110001000011101010010101101100010
1010011011011101111000001000100010100001011110101101010001100000100010
1011101001110101000000110100111010001100111100011001111111011010111010
1010000101110011110111000001011000010001111101011001101110101000000010
1011001110010001100011011100000101001101101010010011011001000101111010
1010111111101010100011010101010101111001111001111101000111101000011010
1010000110010101010001101011010100010001110101111111111010111101111010
1010111100111010001011010101010111100110011100010001111100000100001010
1011010111001101000011101001101000101110011011010111010111011101010010
1011110111011110011101110111111111010110110111111010011010101000001010
1011111010101001100011010101101100011011010001111011111111101111110010
1011101100110110001110110111100110101000011011101000100101001001111010
1010000011000101111101000000101010010111000001001011101000000111110010
1010001001001111010011001110111010101011101100111011111011100011000010
1011010001001001100100011001100001001111010001110100110111111111011010
1010110011110100001000110001111001101101010010001000001010001000000010
1010101001001100010110110000101000010110010000111110111100001010110010
1010001100101111111010000010000010001011011101110010110000101010110010
1010010000001101101000010000101101011111101010101110000011010100101010
1010101011000101001000111011101100000000100011011111000011100000000010
1011101000100111010000100001000001011000110011001100010010111110110010
1011001100011001110000111011001011101000110101001010100000001110111010
1011000100001100001010000000100010101001001101011011111110101110110010
1011100101011111010001011001010000000100000001010001000001000000000010
1010100010000000001001001101110110000111010100000110010110011011010010
1011100100011111100110100100011100100110001010111100101001000001000010
1011001110011111101111011001101101001100001111111001101111111101011010
1011100000111000101000110101001000001100011111000110010001101110100010
1010010001000000001110001000011110111101001110001011101001111011110010
1011111110000001101011000011101010110100000100100110101100111111001010
1011000000010110010101010101110101001111111000111010000110111100101010
1011111101111010011111000101111101011100110011110011100001000000000010
1011010110100000011111010001011110010100101011110010110111010001000010
1011011110100011101111010110001100010010101000001011001011011100101010
1011001000101100001101000000010111000110100010101100010110111000101010
1011010100100110001011101111110001111000010010010111101111111100111010
1011111011001000010101000100110000011001100101011010110011011001010010
1010010100101110001010101101100001011001010011010101101011110100111010
1010010110100100100001101010010100110111011111101011001111110111000010
1010100011010010011001011010101111010110110100000010110001000011000010
1011011101011110100000100010001010010011001001001111001000011111000010
1010011100111011110001001001001011110100111101111101111100111011010010
1011101001100010101000100001111011011010110110000111100011011111110010
1010100011010000111101011110111011011001110000100011100000010111011010
1010101010000110010010001110110100111111001001011001001000100101010010
1010100100110111101001101010000010010010111100101111001011101011101010
1011001010001011001010100000110100011011001101101000011110011111110010
1011101101111001011110001100101111001011001000010001011100011111000010
1011101110010010010001011001111101001100100110011100011000111001111010
1010010110111010010011011100010010111101100110100001001010000100001010
1010101101110011011010001001000010011000001011001010001111111110011010
1011100000101001011111011001101101110010011100110011100100100000010010
1011111110111000001000011010101010011100100001100000011110010011111010
1011100100101100000011110010110111110111000101111100011110100000100010
1010001001100110111010011000001111100111100100001111110100011001100010
1010000010110011110101011101110100100011000100100011010111101110011010
1011010001111001100101111011010101000101111010110001110100111011110010
1011010111101000111110111100101110101011000001100110101101010101110010
1010000100100000101101001000000101011111111001011011010101001110000010
1010001000000111010001111001100000010011110110111101000000101000101010
1011100011110111101000000100011101111100111101110110010010001010001010
1010111010110111001110011000000111010010110000110101111110111010100010
1010010100100011000101000100100000001000011111101011000101101011110010
1010100001010111000110101101101100101101010011000000100010100100111010
1011100111010000010011111000010101000100110010010001001111000111011010
1010011011011111001111011111010110010000001000000101001000100010001010
1010010101000011101111010001001100101111101100111010000001111110001010
1010010101000111101110111100011110110001000000010100000001100100011010
1010111001001101011010110110101101011111011000010010100101010101011010
1011111111000111001011110101111111011111111110010100111101000111001010
1011010100011010101011001110000101010100101110101101010110111111011010
1010000000010010000010001100011111101010010010110000000011111001010010
1010110101001100011110100010001111000101011100000100010011110011010010
1010110110001100111011110011100111100100111000001011110100110001100010
1010010001100001100101001110100011011101000101010001100111110101111010
1011100111110101010110111100011100000001011001000111001110111110001010
1010110001010101110100000011010010000110001000101001001011111011010010
1011110111110010010011000000111101011111101111100010110000100011010010
1011101000111111000111101000101101011011110010010110000111110011011010
1011110101111001111101011111001010001000001010000011111101100111011010
1011101100010101100100100110000010100011110111110100100010101010110010
1010011101111010010111011100110001010001011010010111010011000000001010
1010010010001000010001110011101101010111001100110001100000001100100010
1011101001000100111010110010101100011001010010011110010011000101000010
1010111001100101110010000100101001001011111110111010100001011011010010
1011011001110011101001011000000111101001000101000010000001010001001010
