1011000000010010000010110100100011000000000000000000000000000000000010
1010000110111010111000100110111101000000000000000000000000000000000010
1011100011000110011000101001010111000000000000000000000000000000000010
1010101110011101010110001001001100000000000000000000000000000000000010
1011110001110101000100000011011000000000000000000000000000000000000010
1010010100010010100111110111010101000000000000000000000000000000000010
1010110010000111111101111100000101100000000000000000000000000000000010
1011011101110101101011001001010101100000000000000000000000000000000010
1011101111000000110101011010101011000000000000000000000000000000000010
1010101000001111110010010000010101000000000000000000000000000000000010
1010000110110011111100110100000100000000000000000000000000000000000010
1011010010110100101001010010010000100000000000000000000000000000000010
1011101111011001101101101010100010100000000000000000000000000000000010
1010111001100101110010001100001000000000000000000000000000000000000010
1010100001111010011011110110100111100000000000000000000000000000000010
1010110011001010010010000100001000000000000000000000000000000000000010
1010100001010100111101100011000000100000000000000000000000000000000010
1010001101110110001110110110000101100000000000000000000000000000000010
1011101001110100111000010111110010100000000000000000000000000000000010
1010100011011010111000000001010001000000000000000000000000000000000010
1010100101110110101001001111010101000000000000000000000000000000000010
1011000000001110101010000001000101100000000000000000000000000000000010
1011110110001000010101010110011110000000000000000000000000000000000010
1010101101001010011100111000001100000000000000000000000000000000000010
1011111111111101111001100010001001000000000000000000000000000000000010
1011000000111111001000010011000100000000000000000000000000000000000010
1010101111101000100000101110110001000000000000000000000000000000000010
1010101101111001011110110011001001000000000000000000000000000000000010
1011101011100110011011100110001000100000000000000000000000000000000010
1011001110000010011011110010110001100000000000000000000000000000000010
1011111001110100101100001101000001000000000000000000000000000000000010
1010010110101100110011100000011110000000000000000000000000000000000010
1011001100010100101111111111010011100000000000000000000000000000000010
1010100100001011110011101101011001100000000000000000000000000000000010
1011100011110011111000111001000101100000000000000000000000000000000010
1011011111000100000010001010110000100000000000000000000000000000000010
1011000111001111111000010111110100100000000000000000000000000000000010
1011100101010111010111000111111011000000000000000000000000000000000010
1011100101101110001010111011001111000000000000000000000000000000000010
1010000001110100111011010001111010100000000000000000000000000000000010
1010010001101101011101110010010100100000000000000000000000000000000010
1010001111111101111001101111101100100000000000000000000000000000000010
1010100100100111011011010111101000000000000000000000000000000000000010
1010000011011000101111011011111011000000000000000000000000000000000010
1010001000001100101100001110010000100000000000000000000000000000000010
1011000011001000010101101000001011100000000000000000000000000000000010
1010111100110010001011101110101001000000000000000000000000000000000010
1011100100001010110110010001011101000000000000000000000000000000000010
1010000010001100111000000010101000000000000000000000000000000000000010
1010001010101000001000110100011010000000000000000000000000000000000010
1011010101110010110001111100000000100000000000000000000000000000000010
1010110100011110110011011110101101100000000000000000000000000000000010
1010000100000110110011010010101100000000000000000000000000000000000010
1010010110000011100101000101000000000000000000000000000000000000000010
1011110011101100100111001100101110100000000000000000000000000000000010
1010001000100010110000111111001100000000000000000000000000000000000010
1010000100001010011100111110110101000000000000000000000000000000000010
1010110110110111111011001011011000100000000000000000000000000000000010
1011100100101010100001001001100001000000000000000000000000000000000010
1010110110111101101110101100010000000000000000000000000000000000000010
1010000001001001110010110010101101100000000000000000000000000000000010
1011011011111111011111001010010011100000000000000000000000000000000010
1011011100001101010110000010001000000000000000000000000000000000000010
1010001100001111100101010110100000100000000000000000000000000000000010
1010101110101111100000001011100110000000000000000000000000000000000010
1011010100010110000100101011111001100000000000000000000000000000000010
1010111111100101001110101011010100100000000000000000000000000000000010
1011001011011011111111110011100001100000000000000000000000000000000010
1011101111111001000011000000100001000000000000000000000000000000000010
1010011010000110000101101000010011000000000000000000000000000000000010
1010110101100001100001101011111101100000000000000000000000000000000010
1011011101111110111100111011010000100000000000000000000000000000000010
1011101101100011010011101010001101000000000000000000000000000000000010
1010001100101010000100000101110101100000000000000000000000000000000010
1011000101011101111011001110110101000000000000000000000000000000000010
1010100110000011111001110001001100100000000000000000000000000000000010
1010110100001000110010111011110100100000000000000000000000000000000010
1011111110010011110000001000010010100000000000000000000000000000000010
1011010011100101000000000101010101000000000000000000000000000000000010
1011100010100010110110001100101111100000000000000000000000000000000010
1010010100010010110011101100111010100000000000000000000000000000000010
1011111010110000010101111000111110000000000000000000000000000000000010
1011100111101111011010000111111011000000000000000000000000000000000010
1011111100000010101111111110011011100000000000000000000000000000000010
1011000011111011001100101100111010100000000000000000000000000000000010
1010011001111111111111101011100110100000000000000000000000000000000010
1011010111011001000000001110110011000000000000000000000000000000000010
1011101100011110100100000111101000100000000000000000000000000000000010
1010000000100100101111001110111110000000000000000000000000000000000010
1010110010110111110110101000101010100000000000000000000000000000000010
1010001110000110111100110011010000100000000000000000000000000000000010
1011101111000111100001000100101011000000000000000000000000000000000010
1010111101100100000011100010111100100000000000000000000000000000000010
1010010000101010111010010100101110000000000000000000000000000000000010
1010100110101010001100100111101110100000000000000000000000000000000010
1010010000010101011110011011001000100000000000000000000000000000000010
1010101111100101110001101111111100000000000000000000000000000000000010
1011100001100001111010100001010111100000000000000000000000000000000010
1011101111101010000110101011110111100000000000000000000000000000000010
1010101111000111101001111000000100100000000000000000000000000000000010
1010101000111111011011010100000011000000000000000000000000000000000010
1010000100001111101010001010011011100000000000000000000000000000000010
1011000011110110001111000110111001000000000000000000000000000000000010
1010100011101110101011000001011100000000000000000000000000000000000010
1011111010111010010010111111011011100000000000000000000000000000000010
1011100110101011100001001001010101000000000000000000000000000000000010
1011010100001000001011100100001001100000000000000000000000000000000010
1010100011100001101111000001101111000000000000000000000000000000000010
1010001011011011011100001100100011000000000000000000000000000000000010
1010000000010000001100101010001010000000000000000000000000000000000010
1011011100011011011001011001001100000000000000000000000000000000000010
1010100001100101100111110101110001100000000000000000000000000000000010
1011101101100001101111001111001100000000000000000000000000000000000010
1010110000010110111000000011101001100000000000000000000000000000000010
1010010100101001111100101100110100100000000000000000000000000000000010
1011000001010110000101001111011001000000000000000000000000000000000010
1011111101001111000001101001001000000000000000000000000000000000000010
1010011000111101001010010000011110000000000000000000000000000000000010
1010010110000110100101111100101000100000000000000000000000000000000010
1010101100011100100011001010000000100000000000000000000000000000000010
1011111010000111010100101101010011100000000000000000000000000000000010
1011000011100001111100111000000011000000000000000000000000000000000010
1011011000100111010101111110000100000000000000000000000000000000000010
1010010010010010011001100111010010100000000000000000000000000000000010
1011110010111111100110101111000011000000000000000000000000000000000010
1011100110110111110101010110000100000000000000000000000000000000000010
1011100011111001010110000010001110100000000000000000000000000000000010
1011001100010001010111010101000101100000000000000000000000000000000010
1011111011001001111000000111101000000000000000000000000000000000000010
1011100011000001010101000010010000000000000000000000000000000000000010
1011110100001000011011000011111101000000000000000000000000000000000010
1010001001011110110101011001000101100000000000000000000000000000000010
1010010001010001111111100101111101100000000000000000000000000000000010
1010100110110111111100111011000011000000000000000000000000000000000010
1010110011100001011101000101101111100000000000000000000000000000000010
1011011100111101010010001001110000000000000000000000000000000000000010
1010010001101010100001011010000101000000000000000000000000000000000010
1010001011001101110110000100000101000000000000000000000000000000000010
1011000111001111000110000011010010100000000000000000000000000000000010
1011010000010001111011100001101010000000000000000000000000000000000010
1010111100010100100110101011010000100000000000000000000000000000000010
1010010000101001101101101000001001100000000000000000000000000000000010
1010100101011011111101110001011101100000000000000000000000000000000010
1010100111000000011001000111000011000000000000000000000000000000000010
1011011010010100001010010001000001100000000000000000000000000000000010
1011100011101110100100011000011011100000000000000000000000000000000010
1010111010110000011001111000110110000000000000000000000000000000000010
1010000100111000000001010110100001000000000000000000000000000000000010
1011111010001111010110110110101101100000000000000000000000000000000010
1011011010001111100000001110001100100000000000000000000000000000000010
1011000100011000100001111101111011000000000000000000000000000000000010
1010111010101011111010100111001001000000000000000000000000000000000010
1011011100001111011000011101100101000000000000000000000000000000000010
1011011110001010111110100111111100100000000000000000000000000000000010
1010111100001111110010100101010111100000000000000000000000000000000010
1011011110111001010101111110110000000000000000000000000000000000000010
1011011011101111100110010001011110000000000000000000000000000000000010
1010011100110111010000001001011001100000000000000000000000000000000010
1010111110001011110001100100000001100000000000000000000000000000000010
1011111111111110100111101111101010000000000000000000000000000000000010
1011110010111110111111100011000000000000000000000000000000000000000010
1011101010111001000000101111010000100000000000000000000000000000000010
1011100000101111111001001011111100000000000000000000000000000000000010
1011001101101000011111011010000000000000000000000000000000000000000010
1011010001110000110011101100111001000000000000000000000000000000000010
1010011111110001000010100101111011000000000000000000000000000000000010
1011011110111000100000101110110001100000000000000000000000000000000010
1011001101100101100010000111010001100000000000000000000000000000000010
1010101000010110101010101110001000100000000000000000000000000000000010
1010011001011101110010001001101011100000000000000000000000000000000010
1010111111110001100100111010011001000000000000000000000000000000000010
1011111010010100111010000111000101100000000000000000000000000000000010
1011110100010011000110100010010000100000000000000000000000000000000010
1010111101000111010000000011100101100000000000000000000000000000000010
1010111011010011000100001111111001100000000000000000000000000000000010
1011000010000010010000011000100110100000000000000000000000000000000010
1011011011100001011111001010101001000000000000000000000000000000000010
1010000100010101100101111001000101000000000000000000000000000000000010
1010000010000010111010111101001111100000000000000000000000000000000010
1010110101010011001011011010000010000000000000000000000000000000000010
1011011000100010101010110110100101100000000000000000000000000000000010
1011100111010100100010001100011001000000000000000000000000000000000010
1011000110100010011011011101001111100000000000000000000000000000000010
1010111110100110001011111100011101000000000000000000000000000000000010
1011000111100110100111100010100101000000000000000000000000000000000010
1010110000101110101011010101010001000000000000000000000000000000000010
1010011011100011011010010100001000000000000000000000000000000000000010
1011011100000111110101111000000100000000000000000000000000000000000010
1011110011110011110010110000001010100000000000000000000000000000000010
1011010001010110000011001111010000000000000000000000000000000000000010
1010111010011100011100000000001101100000000000000000000000000000000010
1011101001111001110110101111001010000000000000000000000000000000000010
1011010100010111000111110100100100100000000000000000000000000000000010
1011001000011100111010000011110101100000000000000000000000000000000010
1010111011011011111110001100010010100000000000000000000000000000000010
1010100000101100111110000010111110000000000000000000000000000000000010
1011111001100111110111100011101011100000000000000000000000000000000010
1010100100010011111110101000011000100000000000000000000000000000000010
1011011101110010011011001000100111000000000000000000000000000000000010
1010010101101001111101010010011100000000000000000000000000000000000010
1011100100100101011101010101000110000000000000000000000000000000000010
1010001100111001100101111011000000100000000000000000000000000000000010
1011001100001101011001001001010011100000000000000000000000000000000010
1010001000011101100111110110100111100000000000000000000000000000000010
1010001001110011000011111011000110000000000000000000000000000000000010
1011011111101110110010101100001000100000000000000000000000000000000010
1011101100010101111010110100111000000000000000000000000000000000000010
1011110110010101001100001000011100100000000000000000000000000000000010
1011101011001010100010001110101010000000000000000000000000000000000010
1011011111100000101101111100000100100000000000000000000000000000000010
1011110011111000010110000111011100100000000000000000000000000000000010
1010001010011110010000100010000110000000000000000000000000000000000010
1011101111100111110010101111011110000000000000000000000000000000000010
1010101110100111011110011000010010000000000000000000000000000000000010
1010101100001100001101100111011101100000000000000000000000000000000010
1010111011101011110100001000010000000000000000000000000000000000000010
1010100110000001001001100010111010100000000000000000000000000000000010
1010001100011101011001001100011010000000000000000000000000000000000010
1011010000111011101010100000110000000000000000000000000000000000000010
1011110111111000111100111101100100100000000000000000000000000000000010
1011000101010010101100100011011111100000000000000000000000000000000010
1011001101101101010000000001010010000000000000000000000000000000000010
1010111111000000001110000100100110100000000000000000000000000000000010
1011110001110000101001011010110110000000000000000000000000000000000010
1011101110001010101111000101110010100000000000000000000000000000000010
1011011111011111011000101101000000000000000000000000000000000000000010
1010100010100001011010000010110011100000000000000000000000000000000010
1010010001010001110010100011010101000000000000000000000000000000000010
1011100111011110001000011011110110000000000000000000000000000000000010
1011000100110111000100010111011110100000000000000000000000000000000010
1011001001100000111100110010011111000000000000000000000000000000000010
1011111111000011010101010011111100000000000000000000000000000000000010
1010001100101011101100100011000110000000000000000000000000000000000010
1011110010000111101000111101100101000000000000000000000000000000000010
1011011111011100111010010011000110000000000000000000000000000000000010
1011111100000101010010101110110001000000000000000000000000000000000010
1011011110110011001001100100010101000000000000000000000000000000000010
1010000100000110011101101001101000000000000000000000000000000000000010
1011110000010011111111000110010100100000000000000000000000000000000010
1011101000010111100010110000110010100000000000000000000000000000000010
1010000110110100001000110110010010000000000000000000000000000000000010
1011001101001110001011101110001011100000000000000000000000000000000010
1010100100111101001000100111011001000000000000000000000000000000000010
1011101010110001100110110000101000100000000000000000000000000000000010
1010110001010111001100110100000001100000000000000000000000000000000010
1010011011111011000000101010100101000000000000000000000000000000000010
1011011111100000111010001000001101100000000000000000000000000000000010
1011110010101111011111000111111010000000000000000000000000000000000010
1010101110000010111111111000000100100000000000000000000000000000000010
1010101010001100111000111010111100100000000000000000000000000000000010
1011110111001111000011001111110110100000000000000000000000000000000010
1010111101110111110100000001010100100000000000000000000000000000000010
1011111111100110011110111110101001100000000000000000000000000000000010
1010100110000011000011100000100000000000000000000000000000000000000010
1011001010001111100110001100011010100000000000000000000000000000000010
1011100000000100111101010011011000000000000000000000000000000000000010
1010110110010100011001001000111011000000000000000000000000000000000010
1010100101110101001001100001000101000000000000000000000000000000000010
1011101000010000001000000000110010000000000000000000000000000000000010
1010001110110001100011111101000000100000000000000000000000000000000010
1011001100001110000011110101110110100000000000000000000000000000000010
1011011100100111001111000101101001000000000000000000000000000000000010
1011101000010000000110011001000000000000000000000000000000000000000010
1010110111110001101110010001110111100000000000000000000000000000000010
1011101111011100110010001000100001100000000000000000000000000000000010
1010010011010100110010001000011011000000000000000000000000000000000010
1011111100001100010010011010000110000000000000000000000000000000000010
1011011011110001111000011100110100000000000000000000000000000000000010
1010000000001110101000001100001011000000000000000000000000000000000010
1011111001100110001001000000000111000000000000000000000000000000000010
1010011111111101011010000000010111100000000000000000000000000000000010
1011001100111000010010011101001010100000000000000000000000000000000010
1011110010111100101000010001001000100000000000000000000000000000000010
1011000101111000001110010010101001100000000000000000000000000000000010
1011010101101110000101110010110011000000000000000000000000000000000010
1011100111010001001101110100101111000000000000000000000000000000000010
1010001011101010000001010001101000000000000000000000000000000000000010
1010010100111011100000100110010011000000000000000000000000000000000010
1011001101110010111100100110010010000000000000000000000000000000000010
1011101110110110110001001101011100000000000000000000000000000000000010
1011011000111100010101010000001000100000000000000000000000000000000010
1010010001100101000110110001000010100000000000000000000000000000000010
1010001000110001010000101100011101100000000000000000000000000000000010
1010000010010001111011010111001111100000000000000000000000000000000010
1011111111011111101101000100101010100000000000000000000000000000000010
1010001010001011100101011011011101000000000000000000000000000000000010
1010101100011001000101110110000100100000000000000000000000000000000010
1011010010111010101100000110111101000000000000000000000000000000000010
1011100001011000100000111101000011100000000000000000000000000000000010
1010111101101111001001011111001100000000000000000000000000000000000010
1011010000011111000001110111000010000000000000000000000000000000000010
1010011101111000100010101000001110100000000000000000000000000000000010
1011011110101100111110001010110010000000000000000000000000000000000010
1011111000111010011010110111000110000000000000000000000000000000000010
1011000011000111110001000011001110000000000000000000000000000000000010
1010110001100001000101010101110001000000000000000000000000000000000010
1011110011101101001001000111100010100000000000000000000000000000000010
1011100011111110001110110110000111000000000000000000000000000000000010
1010110111000011001111100010010101000000000000000000000000000000000010
1010011000101100011011010100111011000000000000000000000000000000000010
1011100100101011111111101010000010000000000000000000000000000000000010
1011101100100010010010000011011101000000000000000000000000000000000010
1010001111011100101111110010010011000000000000000000000000000000000010
1010010101001100000000001000101101100000000000000000000000000000000010
1011110011110000110000100000000100000000000000000000000000000000000010
1010001011010111010010010101011110000000000000000000000000000000000010
1011011100111001100110000011000010000000000000000000000000000000000010
1011011011110001010110001011111010000000000000000000000000000000000010
1011111100111100101001011010101011100000000000000000000000000000000010
1010111101100100100001100000110001000000000000000000000000000000000010
1010011110010001110011010000000000100000000000000000000000000000000010
1010101111111110000010010101101010100000000000000000000000000000000010
1010010101010100110010101000001110100000000000000000000000000000000010
1010110101010010100000010010100000000000000000000000000000000000000010
1010101010000000001111001110100000100000000000000000000000000000000010
1010000011100101110111101000101000100000000000000000000000000000000010
1010001111000101111000111001110110100000000000000000000000000000000010
1010110001011010110111001010111100000000000000000000000000000000000010
1010010001001000111110011100001110100000000000000000000000000000000010
1011000001101011111111000100011000100000000000000000000000000000000010
1011101010001010111000100000100111100000000000000000000000000000000010
1011110101100100110100000010011101100000000000000000000000000000000010
1011010111001101001010101000001010000000000000000000000000000000000010
1010110100001011111001100000111010000000000000000000000000000000000010
1011011001110011100111010100111110000000000000000000000000000000000010
1011100001111100011101000000100010000000000000000000000000000000000010
1010111111110010011110100101100111000000000000000000000000000000000010
1010001011001110110011100011111110000000000000000000000000000000000010
1010101000100100100110011100001010100000000000000000000000000000000010
1010000110110101111101010001110011100000000000000000000000000000000010
1010101110110010001010100101100110000000000000000000000000000000000010
1010100100111101100001100011101111100000000000000000000000000000000010
1010010110111011110000110101001101100000000000000000000000000000000010
1011100000100011100100010000110101100000000000000000000000000000000010
1010000100100000110101110111101111100000000000000000000000000000000010
1011010000001100101011001100110010000000000000000000000000000000000010
1010001000001101010011000000000101000000000000000000000000000000000010
1010011000010000001110011101000100000000000000000000000000000000000010
1011001101101000111010001110001101100000000000000000000000000000000010
1011001111000111001000101011001001000000000000000000000000000000000010
1010110101001010111110110011000100100000000000000000000000000000000010
1011000001101011000011010001000001000000000000000000000000000000000010
1010010101000100001001000101000010000000000000000000000000000000000010
1010101010000101100101111010100001000000000000000000000000000000000010
1010010001010111111001110100001010000000000000000000000000000000000010
1011001001111111010100100100011101100000000000000000000000000000000010
1010011110110100001001001001010110100000000000000000000000000000000010
1011111010010110111010101100011001100000000000000000000000000000000010
1010111011101001100001000010111010100000000000000000000000000000000010
1010100100110101010000010110101100100000000000000000000000000000000010
1011100011000001011000110111010010000000000000000000000000000000000010
1011100000111101111100001011100011000000000000000000000000000000000010
1011110001101111011101000010011110100000000000000000000000000000000010
1011100110111010110011000101011111000000000000000000000000000000000010
1010000101100011100011100011111011100000000000000000000000000000000010
1010110001111111111100011010011000100000000000000000000000000000000010
1011110000011011100011001101111101100000000000000000000000000000000010
1010111011110001000011101011000011100000000000000000000000000000000010
1011000100101100001010101000010001100000000000000000000000000000000010
1010010011111001110100000100111110000000000000000000000000000000000010
1011000111111010010000010110101101100000000000000000000000000000000010
1010110000100101011011111010000101000000000000000000000000000000000010
1010101111100110111011000000110111100000000000000000000000000000000010
1010111110011100101001111110111101000000000000000000000000000000000010
1011010110011000000000100011011011000000000000000000000000000000000010
1010110011111110110000011110111000000000000000000000000000000000000010
1011100100100110110101011001100000000000000000000000000000000000000010
1011110011110000000000001100100011000000000000000000000000000000000010
1010010000001010100010101100001111000000000000000000000000000000000010
1010011000111110000101101111001110000000000000000000000000000000000010
1011101001010100001101100010110000100000000000000000000000000000000010
1011110100011001101011101001110010000000000000000000000000000000000010
1011000110100110110001000010000101000000000000000000000000000000000010
1011100111111101110110101001000101000000000000000000000000000000000010
1011001010110110111001001111111010100000000000000000000000000000000010
1011011101110110111101100011101110000000000000000000000000000000000010
1011001100100100111010110110001000000000000000000000000000000000000010
1011101001100110101101001110010011100000000000000000000000000000000010
1011101110100100001000000101010000000000000000000000000000000000000010
1010011001110110101001101110000110100000000000000000000000000000000010
1011001000111011110000100010010111100000000000000000000000000000000010
1011110011001110001011000010101111000000000000000000000000000000000010
1011011111010001111101111111111110000000000000000000000000000000000010
1010100100111111001001101111000000100000000000000000000000000000000010
1010101101110101000110010110111001100000000000000000000000000000000010
1011101111100110111111000011110111100000000000000000000000000000000010
1011111110001001000100100010100110100000000000000000000000000000000010
1010010000000011110000011011000000100000000000000000000000000000000010
1011011001010011111101010110001011000000000000000000000000000000000010
1010111101100111110110101010000111100000000000000000000000000000000010
1010100010100001001110000011000000100000000000000000000000000000000010
1011001010101111110000011100001001000000000000000000000000000000000010
1010010001110010011010000101000001100000000000000000000000000000000010
1011101100001111011110011101010101100000000000000000000000000000000010
1010010011110011011000010000000110000000000000000000000000000000000010
1010110100100111110000001110111001000000000000000000000000000000000010
1011001010011011110011010011110000000000000000000000000000000000000010
1010100000101000111010100000110001000000000000000000000000000000000010
1010001111100110110001011001011001100000000000000000000000000000000010
1010000000111110001010110010011100000000000000000000000000000000000010
1011011111110111101000101010000011000000000000000000000000000000000010
1011001000101011111110100011100010000000000000000000000000000000000010
1010011101100001000011101001110001100000000000000000000000000000000010
1010010000010001100001110011001011100000000000000000000000000000000010
1010000111011010010100100001010010000000000000000000000000000000000010
1011011000101100100000110100101010100000000000000000000000000000000010
1010011101011101010001101100000000000000000000000000000000000000000010
1011001111100100110011010001001111100000000000000000000000000000000010
1010011001011111000000001001000010000000000000000000000000000000000010
1011111100001101001000011000110011000000000000000000000000000000000010
1011010000110110000011000100110100000000000000000000000000000000000010
1010000100001101011110101110010011100000000000000000000000000000000010
1011000000001001000000101001000101100000000000000000000000000000000010
1011101010001001000010100110000111000000000000000000000000000000000010
1011001111101101111011000100011100100000000000000000000000000000000010
1011111100101101000010111000110101000000000000000000000000000000000010
1010000011100011011011001000001000100000000000000000000000000000000010
1010101010101000111101000111110001000000000000000000000000000000000010
1011110010010000111111001110011010000000000000000000000000000000000010
1010011100001110111010111010110101100000000000000000000000000000000010
1011111011011010001011011000100101000000000000000000000000000000000010
1011001110110011001111000001101010100000000000000000000000000000000010
1010111100111010100000000100001110000000000000000000000000000000000010
1010101110011111011101001110011100100000000000000000000000000000000010
1010101101010111111001100100100000000000000000000000000000000000000010
1011001001001010101001110000010100100000000000000000000000000000000010
1010111010000000011000010101111100100000000000000000000000000000000010
1010000000110011001101110001000110100000000000000000000000000000000010
1010100010111011110001111111100111000000000000000000000000000000000010
1010001010001110001000111100001101100000000000000000000000000000000010
1010000011110100111010100001000100100000000000000000000000000000000010
1010000101111011101010100000001100100000000000000000000000000000000010
1011110101111010100000000110010010100000000000000000000000000000000010
1010001001010101000001001110011001100000000000000000000000000000000010
1010000110011010011101100100110011000000000000000000000000000000000010
1010010110111000111010110001101000000000000000000000000000000000000010
1011011110011110100001100110000110000000000000000000000000000000000010
1011001110001111100001100100000001000000000000000000000000000000000010
1011100100101101110000110011010001000000000000000000000000000000000010
1010000010011111111111101100011101100000000000000000000000000000000010
1010111110001000110100100011001100000000000000000000000000000000000010
1011001011101101011000100011110111100000000000000000000000000000000010
1010010111000001001001000110110010100000000000000000000000000000000010
1011101011001111110000110100101010000000000000000000000000000000000010
1010101001111011011101100000110000100000000000000000000000000000000010
1010100110010011101110001100010100000000000000000000000000000000000010
1010110100011100111000111111100111000000000000000000000000000000000010
1010110100001001101000111011010001000000000000000000000000000000000010
1010000111000100111110011011100010100000000000000000000000000000000010
1011000010111011111001000010000100100000000000000000000000000000000010
1010111110110001001001001000001011100000000000000000000000000000000010
1010010111111011011101100110010111000000000000000000000000000000000010
1011111100110100111110110101110111000000000000000000000000000000000010
1010100110110111100011001010011111100000000000000000000000000000000010
1011010010011100010100111001000101100000000000000000000000000000000010
1010010000101100100101000101000010000000000000000000000000000000000010
1010010010011110100011101010111100000000000000000000000000000000000010
1010001011111011100101101100100011000000000000000000000000000000000010
1010100110110111101010101101011010100000000000000000000000000000000010
1010100011010001011001000001000000000000000000000000000000000000000010
1011110001010101110110010001101111100000000000000000000000000000000010
1010111100111001010111111110110001000000000000000000000000000000000010
1011101010001101000010101010011010100000000000000000000000000000000010
1010000100011001110111100000101111000000000000000000000000000000000010
1011010110000110110100000111000001000000000000000000000000000000000010
1010010010111100000101111101101001000000000000000000000000000000000010
1011111011100101010000000110001011100000000000000000000000000000000010
1010011100000001011100011101101011100000000000000000000000000000000010
1010110110011011111001000100011001100000000000000000000000000000000010
1011010111111010010000111000110011000000000000000000000000000000000010
1011111011100011110000010111010111100000000000000000000000000000000010
1010110100001100101110011001001011100000000000000000000000000000000010
1011111100011100011101100111111111100000000000000000000000000000000010
1010101011110101011001100101110110100000000000000000000000000000000010
1010110001010001011100101100011001100000000000000000000000000000000010
1010111101101000110110101100001011100000000000000000000000000000000010
1011101111101000101011001010001101100000000000000000000000000000000010
1011101010000001101101010001000000000000000000000000000000000000000010
1010100101001111010001111000101011000000000000000000000000000000000010
1011000101111000000100011101000111000000000000000000000000000000000010
1011000100110001110111000000001011000000000000000000000000000000000010
1011000010001110111011100001110111000000000000000000000000000000000010
1010010101101000011010001010101100000000000000000000000000000000000010
1011000010001100000010010101001101100000000000000000000000000000000010
1011101110010011001100101001110000000000000000000000000000000000000010
1011010010011011010000000000101111100000000000000000000000000000000010
1010100101011011011010100011110000100000000000000000000000000000000010
1011011110101111011000101000000101100000000000000000000000000000000010
1011011101110000110001110111000101000000000000000000000000000000000010
1010000101000101110011111011110100100000000000000000000000000000000010
1010010101110001010100110010001100000000000000000000000000000000000010
1011011011100111100110100110101110100000000000000000000000000000000010
1011110011111110101000111111001110000000000000000000000000000000000010
1010010110111100010011011010000001000000000000000000000000000000000010
1010110111101110010100111101001110000000000000000000000000000000000010
1011001001111011110111011000011100000000000000000000000000000000000010
1010011010010010111011010111001001100000000000000000000000000000000010
1011111111010001011010001011001010000000000000000000000000000000000010
1010110111111111001101011110011011000000000000000000000000000000000010
1010100001111000100011110000101001000000000000000000000000000000000010
1010110010110001110010110111101011100000000000000000000000000000000010
1010010010000011101000100100001100100000000000000000000000000000000010
1010010101101110011101000010101011100000000000000000000000000000000010
1011001100111101100000101011110111000000000000000000000000000000000010
1011000001111100101010111010100111000000000000000000000000000000000010
1011010001111011011001111110100011000000000000000000000000000000000010
1011001101000101011110110010010010000000000000000000000000000000000010
1010000111111010011101010111110000000000000000000000000000000000000010
1011111001101111001011101100101101000000000000000000000000000000000010
1010011111000100111101011110000010100000000000000000000000000000000010
1011111011110010100100000001101000000000000000000000000000000000000010
1010011110001000110000001001011000000000000000000000000000000000000010
1011000100001101100011010000011110100000000000000000000000000000000010
1011000100111100111011110001001111100000000000000000000000000000000010
1010100000000100100000001111101111000000000000000000000000000000000010
1010110000000111100110000010011011000000000000000000000000000000000010
1010111101110110110001101111000110100000000000000000000000000000000010
1010101101000101111011111000000110100000000000000000000000000000000010
1011101011001011010110100111001110100000000000000000000000000000000010
1011110101010001101000010000111100000000000000000000000000000000000010
1010111110111011001010000011101000100000000000000000000000000000000010
1010100110111100000100000000100100100000000000000000000000000000000010
1011101101110001111101101000000011000000000000000000000000000000000010
1011010110010000010010110101011010100000000000000000000000000000000010
1011011111100000000000011101101010000000000000000000000000000000000010
1011010111111101001001001001011011000000000000000000000000000000000010
1010011011111110110100011101110001000000000000000000000000000000000010
1011111110111101111000101010001111000000000000000000000000000000000010
1011100011011110000110001100011100100000000000000000000000000000000010
1010110110011110111110101101000001000000000000000000000000000000000010
1011010011001000011010010111001011000000000000000000000000000000000010
1011100000100111100001101111111110000000000000000000000000000000000010
1010110011011101111011000101011000000000000000000000000000000000000010
1010111100101010011110001110001111000000000000000000000000000000000010
1011010000010000101010010101001100000000000000000000000000000000000010
1010100010111011110100101000110011000000000000000000000000000000000010
1010001100010011110101101010001010000000000000000000000000000000000010
1011011011010101111110111010001110000000000000000000000000000000000010
1010101010010100101001011000000010100000000000000000000000000000000010
1011111000101101000101000011010110000000000000000000000000000000000010
1010010111011011110010001001100111000000000000000000000000000000000010
1011110111110101111110010000100100000000000000000000000000000000000010
1010101000001011100001111101000110100000000000000000000000000000000010
1010111101110010111000100001101110100000000000000000000000000000000010
1011110010110000011110000101001101100000000000000000000000000000000010
1010110101001101111101111101100110100000000000000000000000000000000010
1010110000111001100100010100001101000000000000000000000000000000000010
1011101101100011001100101001101111100000000000000000000000000000000010
1011110011010010111001010001000000000000000000000000000000000000000010
1010100101111000101000001111011100100000000000000000000000000000000010
1010101011101000010011111001101110000000000000000000000000000000000010
1010100010001011011100100000011100000000000000000000000000000000000010
1011100011010011010001000011000011000000000000000000000000000000000010
1011111110001011100000101110010001000000000000000000000000000000000010
1011111111100011010010110110101101000000000000000000000000000000000010
1011110001000011110100000000000000100000000000000000000000000000000010
1010100010001011001101110011001010100000000000000000000000000000000010
1010101111001010100100110011010011000000000000000000000000000000000010
1011000011111000010101010010010100000000000000000000000000000000000010
1010110011100110111101000100101000000000000000000000000000000000000010
1010101111011010100101110011011000100000000000000000000000000000000010
1011001111010101100110110011010111000000000000000000000000000000000010
1011011110111000101011011000000010100000000000000000000000000000000010
1010000010110010011011010101100001000000000000000000000000000000000010
1010001001011011010111100011010000100000000000000000000000000000000010
1011010011110100110110100010010011000000000000000000000000000000000010
1011010111011101001010001100110110100000000000000000000000000000000010
1010101010101110001001010111101001100000000000000000000000000000000010
1010011010010111111000010100010100000000000000000000000000000000000010
1010111000111110001111101010000100100000000000000000000000000000000010
1011000011110011101001111100011111000000000000000000000000000000000010
1011110011100001100100010010001100100000000000000000000000000000000010
1010000111011011101001111101010001100000000000000000000000000000000010
1010111001100000010100110000000010100000000000000000000000000000000010
1010110010000001000110011100011110100000000000000000000000000000000010
1010110011110011001101111010110111100000000000000000000000000000000010
1010100001101101100110010101100000100000000000000000000000000000000010
1010001010001000101001010110100010100000000000000000000000000000000010
1010100010110011010010000111011011100000000000000000000000000000000010
1010111011000000111101001110111000100000000000000000000000000000000010
1011111011111001000110110011111000100000000000000000000000000000000010
1010101101110010000000111011111110000000000000000000000000000000000010
1010101101100000101110001111001110100000000000000000000000000000000010
1010101010001101010110010110100000000000000000000000000000000000000010
1011011110111101100111101001100000100000000000000000000000000000000010
1010001001111010010010011000111000100000000000000000000000000000000010
1010010110110001101101001000001100000000000000000000000000000000000010
1011100010110100110010101110001100100000000000000000000000000000000010
1010101001111111110100101110100100100000000000000000000000000000000010
1010111001110010011010011111010000000000000000000000000000000000000010
1011001001111100011111001100101111000000000000000000000000000000000010
1010001011100010110011010001111101000000000000000000000000000000000010
1011000100101011000101010010101110100000000000000000000000000000000010
1010101100111011011000010111111011000000000000000000000000000000000010
1011101110101110001100011010000001100000000000000000000000000000000010
1010101010110101110111010010000010000000000000000000000000000000000010
1010001100111010000000010001100000100000000000000000000000000000000010
1011111100011000100101010111011100100000000000000000000000000000000010
1011000010110110000001110100111111100000000000000000000000000000000010
1010001101000011110111011110010110100000000000000000000000000000000010
1010001101100000010010111000001111000000000000000000000000000000000010
1010101100010110111010111100100110100000000000000000000000000000000010
1010011000000101100011101100000011100000000000000000000000000000000010
1011100110111010101111001100101000000000000000000000000000000000000010
1010101101011111011010011011100000000000000000000000000000000000000010
1011101110101011111010111000001010000000000000000000000000000000000010
1011000111000110000111001000111100000000000000000000000000000000000010
1011100000111101001001010110000001000000000000000000000000000000000010
1011111011011101001010110111101111100000000000000000000000000000000010
1011101110101001111111110100101011100000000000000000000000000000000010
1010000001100001110001010110111100100000000000000000000000000000000010
1011110011100001101110000011001000000000000000000000000000000000000010
1011111111111010111001000111101100000000000000000000000000000000000010
1010100101000011110010010001101100100000000000000000000000000000000010
1010110110101101010011010011111110000000000000000000000000000000000010
1010100001111111011011010001001101000000000000000000000000000000000010
1010110101011111011011000011001100100000000000000000000000000000000010
1011110011000111111001010101010110000000000000000000000000000000000010
1010001011110100111111000110011101000000000000000000000000000000000010
1011101011101110101010010101100110000000000000000000000000000000000010
1010100111000111110000010111111000100000000000000000000000000000000010
1010111000001001010100110010000110000000000000000000000000000000000010
1010100000010111010101001100101101000000000000000000000000000000000010
1010101000100000011010011000111011000000000000000000000000000000000010
1010001010000010010000000000000110100000000000000000000000000000000010
1011011011111000010100000101010010100000000000000000000000000000000010
1011011000011111111100011001001110000000000000000000000000000000000010
1010011100110010000000101000011010100000000000000000000000000000000010
1011110011101010110000101000001101100000000000000000000000000000000010
1011011000111000110101011010000100000000000000000000000000000000000010
1011110111101011110111101001010001000000000000000000000000000000000010
1011101110101110010001111001011100100000000000000000000000000000000010
1010111101110011111111111000101110100000000000000000000000000000000010
1011000111111110110100010100110101000000000000000000000000000000000010
1010111110101101111100011100010100100000000000000000000000000000000010
1011101010100110000001110111111001100000000000000000000000000000000010
1011010110110011101110111011100100100000000000000000000000000000000010
1011011011110001010111000111011000100000000000000000000000000000000010
1010011011100011001001000101111100000000000000000000000000000000000010
1011000101101001111010010011010011000000000000000000000000000000000010
1010111010101111101110111010011001000000000000000000000000000000000010
1011001011100111000101101110001111100000000000000000000000000000000010
1010010100111110010001010110110011000000000000000000000000000000000010
1011011011111010000010111011110001100000000000000000000000000000000010
1011110100100101001010001010111010000000000000000000000000000000000010
1010111001011001001010100001001110100000000000000000000000000000000010
1010101101011001001000000010111110000000000000000000000000000000000010
1010001011111100010010101111100100100000000000000000000000000000000010
1010011000011101011010010010001100100000000000000000000000000000000010
1010101100100010000001010101100011000000000000000000000000000000000010
1010001101100111101000110101001100000000000000000000000000000000000010
1010110110111111101111111000001000000000000000000000000000000000000010
1011100010011000110000110010011110000000000000000000000000000000000010
1010011011110110010001011101100010100000000000000000000000000000000010
1010000110000000111101111111100010000000000000000000000000000000000010
1010011010001011110111101001010010000000000000000000000000000000000010
1010100110110110100001001100011011100000000000000000000000000000000010
1010110110000100111000001010101011100000000000000000000000000000000010
1011110101101000110101111000110000000000000000000000000000000000000010
1010110010111001001111001011101001000000000000000000000000000000000010
1010111011010010110001010110101111000000000000000000000000000000000010
1011110000110011011000001000011010000000000000000000000000000000000010
1010001011011100111100110010011001000000000000000000000000000000000010
1011001110011000100110110001000111000000000000000000000000000000000010
1010001110100000110110010101001110100000000000000000000000000000000010
1010110011000011001001001001000011000000000000000000000000000000000010
1010110110011101100101111100001000000000000000000000000000000000000010
1010001100101000101110000101101101000000000000000000000000000000000010
1010100100101101110001010101100100000000000000000000000000000000000010
1011111100111110000110010000000000100000000000000000000000000000000010
1010010111111000100000011111010001100000000000000000000000000000000010
1011001000011010000111000010100000100000000000000000000000000000000010
1010111110000101000011011011110010000000000000000000000000000000000010
1011110000100011000010010011001000000000000000000000000000000000000010
1010001010010100111111001010101010000000000000000000000000000000000010
1010001110010110101000000001101011100000000000000000000000000000000010
1011110111001110111010110110000110000000000000000000000000000000000010
1010000111000010110111001011001110100000000000000000000000000000000010
1010110011010000101000111010111000000000000000000000000000000000000010
1010000000110011100011100000100000000000000000000000000000000000000010
1010111110101001101000001001011101100000000000000000000000000000000010
1011001000110000111011101100101100100000000000000000000000000000000010
1011100000101111011000000001001100000000000000000000000000000000000010
1011000011110101001011100011101000000000000000000000000000000000000010
1010100001001110111111101100101001000000000000000000000000000000000010
1010010001100000011111001001000110100000000000000000000000000000000010
1011011110100101110001101001001110000000000000000000000000000000000010
1011001001001001001001110001001010100000000000000000000000000000000010
1010010001101010011110001101011111000000000000000000000000000000000010
1011101010000010100110000001001110100000000000000000000000000000000010
1010010010010000001001111010101000100000000000000000000000000000000010
1010001001001000010011100100011001100000000000000000000000000000000010
1010111100101010111001100000000111000000000000000000000000000000000010
1011000010110100011100111001000011100000000000000000000000000000000010
1010110011111101100100000000100100000000000000000000000000000000000010
1010010010111011110011011110000100100000000000000000000000000000000010
1010111010111111000100111101000100100000000000000000000000000000000010
1011011101111010010110100010001101100000000000000000000000000000000010
1011101111101101000101101000110011000000000000000000000000000000000010
1010000000111111110011110011010101100000000000000000000000000000000010
1011010110111101100000001000010110100000000000000000000000000000000010
1010100101111100010010110110000000000000000000000000000000000000000010
1010101011011000001101110001100000100000000000000000000000000000000010
1011001001011001111100101011001011100000000000000000000000000000000010
1010101111010110000000000011001110000000000000000000000000000000000010
1010010101100110111000010010101101000000000000000000000000000000000010
1011011110000001001101000010000111000000000000000000000000000000000010
1011101111110101110001011001101000100000000000000000000000000000000010
1010000110101001111010000001010101100000000000000000000000000000000010
1010100001111000111001111110010000000000000000000000000000000000000010
1011101101100001000111100101000010000000000000000000000000000000000010
1011001100111000000001100001100001100000000000000000000000000000000010
1010010011110001101000010001101101100000000000000000000000000000000010
1010100100110110110101011011101000100000000000000000000000000000000010
1010001011000001111010101011101000100000000000000000000000000000000010
1011100100110101110100010001011001000000000000000000000000000000000010
1010001111100101000001001010101001100000000000000000000000000000000010
1011111010000100001010001010001001000000000000000000000000000000000010
1011010011001010000000011101100100100000000000000000000000000000000010
1011101010111100010001011110101000000000000000000000000000000000000010
1010001100000111111010110100101101000000000000000000000000000000000010
1010101110110110011011101000001100000000000000000000000000000000000010
1010111110100111011100100101001001100000000000000000000000000000000010
1010000000110000010011001011000101000000000000000000000000000000000010
1010011101000100011101101011011000000000000000000000000000000000000010
1010111100011100000111100001010011100000000000000000000000000000000010
1011011001010001101101010000010001000000000000000000000000000000000010
1010001001101001110111111010111001100000000000000000000000000000000010
1011000000011101011100010110101000000000000000000000000000000000000010
1010110100101111010001111100111001100000000000000000000000000000000010
1011001110110100110110000010000110000000000000000000000000000000000010
1011010111111001101111111100000010000000000000000000000000000000000010
1011110100010111010001000010100000100000000000000000000000000000000010
1011100011101110000110011001001000000000000000000000000000000000000010
1010001110111100111100011111000100000000000000000000000000000000000010
1010111101101101100100010111010011100000000000000000000000000000000010
1011010010111000000010010101000100100000000000000000000000000000000010
1011011001101001011001110101100100100000000000000000000000000000000010
1010110010011011100001000110011101100000000000000000000000000000000010
1011000000101000011101001011100001000000000000000000000000000000000010
1011001110011110100101111110111111000000000000000000000000000000000010
1011000001011101111001011100000000100000000000000000000000000000000010
1010001010000101101011111100101111100000000000000000000000000000000010
1011110010101001010010110111100001100000000000000000000000000000000010
1011100101010100001010111101011100000000000000000000000000000000000010
1011111011010111111100100100011000100000000000000000000000000000000010
1011001010101011010000000011100000100000000000000000000000000000000010
1011111011001001001001001110011001100000000000000000000000000000000010
1011110010000000011101111101100010000000000000000000000000000000000010
1010000000011011101100000100111000100000000000000000000000000000000010
1011110111110001011011011010110001100000000000000000000000000000000010
1011001111111010001110101100100101000000000000000000000000000000000010
1011111100001010100100100110001001000000000000000000000000000000000010
1010101010100001111100101110101101100000000000000000000000000000000010
1010000111101111001100110111010101100000000000000000000000000000000010
1011010000001101110100011101011011000000000000000000000000000000000010
1011011010111101010100011000011011000000000000000000000000000000000010
1011011101101000110101000011010011100000000000000000000000000000000010
1011111010100101101001001110100001000000000000000000000000000000000010
1011111010011111011100000001111110100000000000000000000000000000000010
1010111101110101011100000110000010000000000000000000000000000000000010
1011110111100001010000100111001110100000000000000000000000000000000010
1011111011010101011011101001001001100000000000000000000000000000000010
1010101110001000110011010110111111000000000000000000000000000000000010
1010110110100101010110100110000001000000000000000000000000000000000010
1011101110101101101000110110011000000000000000000000000000000000000010
1011101100011011010111110010110001000000000000000000000000000000000010
1011100110101010000010111101010011000000000000000000000000000000000010
1011111011111011111111001010101100100000000000000000000000000000000010
1010110100011010101000110011111101000000000000000000000000000000000010
1011101010011001001111001001010111100000000000000000000000000000000010
1010001100001000110101010110111100000000000000000000000000000000000010
1011100100010100011100001100101011100000000000000000000000000000000010
1010100011011010000101101000101011000000000000000000000000000000000010
1010101001000110100000110111000110000000000000000000000000000000000010
1011011101100001001110100011111001000000000000000000000000000000000010
1011110110111100011000110100011011100000000000000000000000000000000010
1011101010000110111010010000001010100000000000000000000000000000000010
1011100010100011010110111011100100000000000000000000000000000000000010
1010011101010001111000100011010001100000000000000000000000000000000010
1010010101001101110111011011001110100000000000000000000000000000000010
1010011010010011111111010100001101000000000000000000000000000000000010
1010100100111000111101000000110100000000000000000000000000000000000010
1011010110010111100011000111011000000000000000000000000000000000000010
1011100100001011110001111101001110100000000000000000000000000000000010
1010011110110111001100101100001110000000000000000000000000000000000010
1010001100111101111110100110110001100000000000000000000000000000000010
1011100001101001100000101111100110000000000000000000000000000000000010
1011100111011101000001111101111110000000000000000000000000000000000010
1011110010100110100100101101010010000000000000000000000000000000000010
1010011111111000111011110010110001000000000000000000000000000000000010
1011101101110010000111011010000111000000000000000000000000000000000010
1011111010010100110000001100001100000000000000000000000000000000000010
1011001100001111110110011011101011100000000000000000000000000000000010
1011101110001001100011101100100011000000000000000000000000000000000010
1010101111101111110000100110101110000000000000000000000000000000000010
1011010010011110111100011011000001000000000000000000000000000000000010
1010100101011111101100110111000101100000000000000000000000000000000010
1010011101010110110111010101001001100000000000000000000000000000000010
1010111110010111110100000001000000000000000000000000000000000000000010
1011110111001111100111110101110011000000000000000000000000000000000010
1010110110111001111100010101010000100000000000000000000000000000000010
1011000101011111101110100000111010100000000000000000000000000000000010
1010101000111101100110000111111100000000000000000000000000000000000010
1011001101011101001011101111111100000000000000000000000000000000000010
1011100110011001001000100111111000100000000000000000000000000000000010
1011000101011111101110100000111010100000000000000000000000000000000010
1011101000101001001010000100000100100000000000000000000000000000000010
1011001010110110010001010011110110100000000000000000000000000000000010
1011101001000011011010000000111100100000000000000000000000000000000010
1010001010010001111110111011101101100000000000000000000000000000000010
1010001000111111100001110000100111100000000000000000000000000000000010
1011001010101011100110100110010111000000000000000000000000000000000010
1010100000000001001101001001100011000000000000000000000000000000000010
1011100100000100110000101101011000000000000000000000000000000000000010
1010110011001111011010110111010000000000000000000000000000000000000010
1010011010101001111000001100001000000000000000000000000000000000000010
1010110111011111110111011010000001100000000000000000000000000000000010
1011100110110100010100001011101101100000000000000000000000000000000010
1011100010001000101110110010000000100000000000000000000000000000000010
1010011101101000001010111010110111000000000000000000000000000000000010
1010001101110101111110001001111000000000000000000000000000000000000010
1010001000000101111110101101101001000000000000000000000000000000000010
1011111000000110001001111011000001100000000000000000000000000000000010
1010101000010111110011000000011011100000000000000000000000000000000010
1011001101111000011110000000000010100000000000000000000000000000000010
1011111110111101001011010111011010100000000000000000000000000000000010
1011111010010101000101001010010010100000000000000000000000000000000010
1010111011101110000001101101111000100000000000000000000000000000000010
1011011111010111111101101011100101100000000000000000000000000000000010
1011010110000110011010111111011001100000000000000000000000000000000010
1010000100011111010001000010000000000000000000000000000000000000000010
1010010111111111000010101101010110100000000000000000000000000000000010
1011010101001010101000100011001011100000000000000000000000000000000010
1010011001101001011001000110010011000000000000000000000000000000000010
1010101100011010100000000001001010000000000000000000000000000000000010
1011101100101011001111000010011000100000000000000000000000000000000010
1011001001100001100010101101000001100000000000000000000000000000000010
1010010000010100111011011110000010100000000000000000000000000000000010
1010111111100111110000000100010000000000000000000000000000000000000010
1011100110110111100000110111011001000000000000000000000000000000000010
1011110101111110010000100111011101100000000000000000000000000000000010
1011111000111000010110010111100000100000000000000000000000000000000010
1011101011111000101100011101011010000000000000000000000000000000000010
1011001101011010111000111001001100000000000000000000000000000000000010
1010110001100111011111000010011101000000000000000000000000000000000010
1010110000010110110111110011001110100000000000000000000000000000000010
1010011000101101010000111101110001000000000000000000000000000000000010
1011110011101100000010111000100101000000000000000000000000000000000010
1010011001101111001011011100100101100000000000000000000000000000000010
1010100011000111011000110010001011100000000000000000000000000000000010
1010011001000011010010010010001111000000000000000000000000000000000010
1010111010101000111001001101011001000000000000000000000000000000000010
1010001001111100000001000110111010100000000000000000000000000000000010
1011101110111010010010010011110001100000000000000000000000000000000010
1011010111101010111100001000100000000000000000000000000000000000000010
1011011000111010001011000001010111000000000000000000000000000000000010
1011111100100001011010100000000110100000000000000000000000000000000010
1011000010001110110101110011110110100000000000000000000000000000000010
1010111011011001111001001111011001100000000000000000000000000000000010
1011101110101010010110000101010100100000000000000000000000000000000010
1011110101101110010000110000111110000000000000000000000000000000000010
1010010111110110110010111100101010100000000000000000000000000000000010
1010101001001010111001010100011000100000000000000000000000000000000010
1011101001111110111001101110111010100000000000000000000000000000000010
1010001101111001010110011000010100100000000000000000000000000000000010
1010101000011100010100001110010010100000000000000000000000000000000010
1011000110101111000110001001101010000000000000000000000000000000000010
1010011001111000001000101010111000000000000000000000000000000000000010
1010101011101111110101010101000000100000000000000000000000000000000010
1010101010100010110010011111000101100000000000000000000000000000000010
1011011111110011000100000011101110100000000000000000000000000000000010
1010100111111000011100101100100101000000000000000000000000000000000010
1010011101000011111011111001111101100000000000000000000000000000000010
1011011101111010000001011100000011000000000000000000000000000000000010
1011111011110101001111011011010000100000000000000000000000000000000010
1010111011101001111001001010001010000000000000000000000000000000000010
1010111101111111110011010101011101000000000000000000000000000000000010
1011011100000111111000100000101001000000000000000000000000000000000010
1011111100010110001010010011011100100000000000000000000000000000000010
1011001011011001101011001011010011100000000000000000000000000000000010
1011011000001110110011011000000000100000000000000000000000000000000010
1011111011011101010000010010000101100000000000000000000000000000000010
1010110000011100111001000001001110100000000000000000000000000000000010
1011010111000100000001100011110111000000000000000000000000000000000010
1011111110001011110011010010100101000000000000000000000000000000000010
1011000100011111101011011100100110100000000000000000000000000000000010
1011101011001110000111101111101101000000000000000000000000000000000010
1011111011011110110100101110011001100000000000000000000000000000000010
1010111111110010111010100111101001100000000000000000000000000000000010
1010100001100110011000000100110110100000000000000000000000000000000010
1010111010010011000100010100101010100000000000000000000000000000000010
1011111001001100101001110010110000100000000000000000000000000000000010
1010111101000110101010110100010101000000000000000000000000000000000010
1010001110101011000001011110010000000000000000000000000000000000000010
1010010101001011111011011111000010100000000000000000000000000000000010
1010100110101011001111111101010110100000000000000000000000000000000010
1010000111100000100010111111000111000000000000000000000000000000000010
1010101111010001101011010100110000100000000000000000000000000000000010
1010110110111000010100101000000100100000000000000000000000000000000010
1011001010110111111101010101011011100000000000000000000000000000000010
1011100010100100011010000101110010100000000000000000000000000000000010
1010110001100100101110000001000000000000000000000000000000000000000010
1011111110110101001110100000101001000000000000000000000000000000000010
1011001010011110000111010011100011000000000000000000000000000000000010
1011111111111111011000000110001110100000000000000000000000000000000010
1010100101010000101111101110001100000000000000000000000000000000000010
1010001011011001111001111011101011100000000000000000000000000000000010
1011100101000010110010001110101111100000000000000000000000000000000010
1010011101011101100100001110101000000000000000000000000000000000000010
1010100111000000000001010001000011000000000000000000000000000000000010
1010101000011011110110101100000010100000000000000000000000000000000010
1010011110001111111000100111000100100000000000000000000000000000000010
1011011101001100110000010100111010000000000000000000000000000000000010
1010000101011101001010111000100000000000000000000000000000000000000010
1010111110001100110011111000100111100000000000000000000000000000000010
1011011011111101110101100011010110100000000000000000000000000000000010
1011101001011000111100110000110011100000000000000000000000000000000010
1010000000111010100100000110110000000000000000000000000000000000000010
1010011100110010110101101001100010100000000000000000000000000000000010
1011110101101001011010101110101111100000000000000000000000000000000010
1011011110000111100001110000101100100000000000000000000000000000000010
1010100011111110111000011111111111100000000000000000000000000000000010
1011101111011011011101101001110001100000000000000000000000000000000010
1011001101011011101000110110001101000000000000000000000000000000000010
1011000110001011001000100001000100100000000000000000000000000000000010
1011111011111010001011110111000111100000000000000000000000000000000010
1011000111000100001001100000101111100000000000000000000000000000000010
1010100010011011001110111000101010000000000000000000000000000000000010
1010001101111010110100101010010101100000000000000000000000000000000010
1010101011101111010001011001100101100000000000000000000000000000000010
1011110111010100101011011001111000100000000000000000000000000000000010
1011111011101001011100001101001100100000000000000000000000000000000010
1011000001000110100001011010110011100000000000000000000000000000000010
1010110001100011001111000000001111000000000000000000000000000000000010
1011101001011101100010101110011100100000000000000000000000000000000010
1011010101101110011000111000100010000000000000000000000000000000000010
1011101101010001110101001000101100100000000000000000000000000000000010
1011010110001010110100100010011101000000000000000000000000000000000010
1011111110100111100110101110011011000000000000000000000000000000000010
1011000010000011101000101001111101000000000000000000000000000000000010
1010010100101100010011000100000101000000000000000000000000000000000010
1010111100011011010111010000110011000000000000000000000000000000000010
1011000111111101111111010010001000100000000000000000000000000000000010
1011110000000011000000000000001110100000000000000000000000000000000010
1010100100111000111001000100110101000000000000000000000000000000000010
1010000001000101000000000101011111100000000000000000000000000000000010
1010100000100101001110001010010011100000000000000000000000000000000010
1010111111110011000000000110111010100000000000000000000000000000000010
1010110110110110000100010000010010100000000000000000000000000000000010
1010010100110010110010010110100000000000000000000000000000000000000010
1011111111111110011101111000111111000000000000000000000000000000000010
1011111011111101011110100000000010100000000000000000000000000000000010
1011000110010100111000110101100001000000000000000000000000000000000010
1010010010101010111111010100100010000000000000000000000000000000000010
1011101001101100111101101101001110000000000000000000000000000000000010
1011110101011110111010111111100000000000000000000000000000000000000010
1010110111111110110110010110010001100000000000000000000000000000000010
1010011111010010011110111000110000000000000000000000000000000000000010
1011110001000100001001110100111010000000000000000000000000000000000010
1010001011110011011110011001101111100000000000000000000000000000000010
1010011000110010111111100101100101100000000000000000000000000000000010
1010000010110101010100000000101110100000000000000000000000000000000010
1011111000100000011001100000011011100000000000000000000000000000000010
1010000000100011110011101001010110100000000000000000000000000000000010
1010010100110001111000111100000001100000000000000000000000000000000010
1010101101011111000000101001100100000000000000000000000000000000000010
1011111100100011011010100111110111000000000000000000000000000000000010
1010001001011110110011101101001011100000000000000000000000000000000010
1010001010010000000000110101011111000000000000000000000000000000000010
1011011011010100101001001001000010100000000000000000000000000000000010
1010100100101110011011110101111010000000000000000000000000000000000010
1011110100101011101010011110001100100000000000000000000000000000000010
1011101010110001101101010110001000000000000000000000000000000000000010
1011001001101101101100110100001100000000000000000000000000000000000010
1010111110000111111001000110001110100000000000000000000000000000000010
1011010010111011100001010001010001100000000000000000000000000000000010
1011011100111001110010001001101111100000000000000000000000000000000010
1011010011111100111000110001011111100000000000000000000000000000000010
1011001001001101010001000111100111000000000000000000000000000000000010
1010111110110100111101110000111010000000000000000000000000000000000010
1011101010001011010000011100000010100000000000000000000000000000000010
1011010011010011011100001000011000000000000000000000000000000000000010
1011000111000011011010100111100000000000000000000000000000000000000010
1010000111111110100111101101100010000000000000000000000000000000000010
1011010011101000001010010000010011100000000000000000000000000000000010
1010011111010010111110000000000001000000000000000000000000000000000010
1011010000101010010011100000011010000000000000000000000000000000000010
1010001011110011000111100110000010100000000000000000000000000000000010
1010111000100100001010111000010001000000000000000000000000000000000010
1010011110111100100001010010000011000000000000000000000000000000000010
1010110010100100101100000000010111100000000000000000000000000000000010
1010000001100100111101100110110001100000000000000000000000000000000010
1010111000110010000001001001011100000000000000000000000000000000000010
1010011001101110101101001011100101000000000000000000000000000000000010
1011010010011010001100000010001101100000000000000000000000000000000010
1010011111011000000010010101000100100000000000000000000000000000000010
1011101011100011110001111011010000000000000000000000000000000000000010
1010101100011101010001000101100110100000000000000000000000000000000010
1011101110101110110000011011001100100000000000000000000000000000000010
1010001010111000010111010011001000000000000000000000000000000000000010
1011100101101100111110100010101000000000000000000000000000000000000010
1011111110101100000111101010110110100000000000000000000000000000000010
1011111100101111110111101101010100000000000000000000000000000000000010
1011111001100100101110011010110100000000000000000000000000000000000010
1010011100100001011000101101100100100000000000000000000000000000000010
1011001010001010111100001010010110100000000000000000000000000000000010
1011001011100111110000011101101010100000000000000000000000000000000010
1010100001110110111000111001111001100000000000000000000000000000000010
1010010010000101111100111010011101000000000000000000000000000000000010
1010111010110000111100000111101001000000000000000000000000000000000010
1011011010100010011011010111000110100000000000000000000000000000000010
1011110011100010011001100100001001000000000000000000000000000000000010
1011101000100001000010111001010010100000000000000000000000000000000010
1011110110011110011010101010101010000000000000000000000000000000000010
1011101111110100010111001011100100100000000000000000000000000000000010
1011001000110110101000110100010011000000000000000000000000000000000010
1011111010000100101101000110011001100000000000000000000000000000000010
1010111111110101100000111010101111000000000000000000000000000000000010
1011111110000111110111011101000100100000000000000000000000000000000010
1010111101100111110011010101101110000000000000000000000000000000000010
1011101000111010001010000111101100100000000000000000000000000000000010
1010100111011111010011100010101100100000000000000000000000000000000010
1011001000100011010100111101100110100000000000000000000000000000000010
