1010011110101100000000101011010011110100101001010100111001100000100010
1011010101011101111111011100111100111000111010010011111111110111111010
1011001000110100111100001010011110100100110101001001011010110000110010
1011010110010110101000111001001001110001001111100011010111011010000010
1011010000001111110001101111010111100110000000000010011001011010010010
1011111000100001101110001100101101110011001000000000111101101100000010
1010000100001001111011001101011011011100101011110010100000110001100010
1011011110101010111110010001000011111111100111101100000101001110000010
1011100000100111101000100110011101101001001010101100010000000101100010
1010101100110010110110110110110010111001100101010111111011010101011010
1011000100011010110001001001000110101011000001011110110000100011100010
1011101111101001011011011010101001100010001010110100010101101010000010
1010100001000011110000011111011110010101100001110101100000100101110010
1010011001001111110111010000100101111100100111011110100111010001011010
1011100000001100011001011111111001100011111010001010110000000111111010
1010010010010100001111111011100101100111111010100111000000110010100010
1010101111100010001010111000101010110100101100111101110010100101101010
1010011100000111000011010011011101001100101100010110000001110110001010
1011000011000101111001100100111011000111011110001011111001011111000010
1011010010100101011100111001111101000001010010101111001011100011000010
1011011110010100101111111010000001110101001000101100110111011110000010
1010010101001111110000000001010100111011101110101111100001110101000010
1010001101010101111011000000111011110110100000111001000000011110011010
1011010011001000100111110111011010001110000100001010100111110000000010
1010011010010000100101101111010000110001101110010101100101011011011010
1011101111100111101111010100010100110001111101011100000010101111010010
1010101011000100001101001111101010001101101100011110101011110110001010
1010110110001000101101010010011000111001100010001000111001011011000010
1010010010111111011010011001100010011001100110010100101010100110100010
1010000000100111110110110100100110000000001011000110110100001100111010
1010001111111101100010000100101111110111001010001001100101111011000010
1010000101110001110000001000101010100010000110110100010111100011010010
1010111010101110010100001001101110101110011101010111000101110011000010
1010001000001110001101001000100011111100101100110110100110011111010010
1010001110110111001000101100000001000100111100110010011100100110001010
1011001010100001100000010100010111101101011100101110111100101101101010
1011110010101001110010100011011011010110011000011100101000100101000010
1010010100100100111010011001111011001111111100101110101110101101111010
1010111001100010100010000010111110000100011100010011000111000110011010
1011011010011001000001101001111101000011110101110111011110111101010010
1011000111111011100000010101100011000011110010110010011111011000001010
1011111010010101100011000000011010000000000100111100101111110010101010
1011000101010001011010000111010101000000100000100110001100001110101010
1011101110011000000110100000101100110000010001010101000011111010000010
1011001101110111100010001000011000100110010100010100010111011001111010
1010011000001011110010111001011001101100010001101100001100001011011010
1010111100110101101011000011000000001000100100110100001010100001100010
1011111111110110101000100000101000001110000010101011111111111101000010
1010101011010111001111100100001010000111100100111011110000011100001010
1011111110000111000001010000011010010001101010100011010101010001000010
1010100100011111010111011001111110001100111100101101101001010001110010
1011001111000000110011010100101111010101000010001011101001000111001010
1010000011101110101001011111001000111010100110000011111011011111001010
1011011101000110011000000100001100010001110100011110111001110011110010
1010100111000010001101100000111111000010101110110111011010100001010010
1011000001000101100001101101001000100100101011011001010010111001000010
1011010010001010101001011110011000111101101111011010110001111110001010
1010110101010100101100101110011100001101010000011111101001101100011010
1011010100010101101111110111010011000110100010000010111010100101000010
1010110111011010100111100000110001000001100001001111101010100010100010
1011011000011111100001011101001100011001010101010010000000001111101010
1010110011000000001010101011001010110101010000000011111001000100110010
1011101010000001110101001101000011101011100000100000101010010011101010
1011011001001100100000100001000011101000000101000100010000100111011010
1011010111010100101100011001110100110110010010011101011000110001001010
1010100100010010011001000100001100011101011000010111010110111101110010
1010010001100101111110011110001000011001011011011111110100001010010010
1010011101011010111000001100110101010000110010000011100000001100001010
1010000110111111001101101100110101011111101111011010010000100101011010
1011000011001110101001011101001011111000010001110001001100100101110010
1011100011101000100010011110001000011011011111010010011111010011000010
1010001010000010101001110010100000111011111111101110101001000010011010
1010101100000001110100110001110000000011111001110011111010100101001010
1011110101011110111110111101101110101110011011000010100010000011010010
1010001101000100101001111110011000100010111011111111111101001000100010
1010111100110101100001100110001100111100101011101111100101100001000010
1011101010101001001011011100111111001100000010101001111100000101110010
1011011101010011101100101011111010011000110001011010110000011010001010
1010000101011100000111101010101101001100011101001010010111001000110010
1010100101011010010010110110100011000101011101010100101100101100110010
1011100001100011000010011000101111100100101010011010000101001101001010
1010111001100010000100110111101011101011001101010001001111011111111010
1010010011110000001111110001000001101101000101110110110010010111011010
1011110011111011000001010010011101000001100101100101001000001000101010
1011011110011011110101101010000011111001011011011110110001011111111010
1011101011011001001001100100011011010100001010011100111110101111110010
1010001010011101101001100001110001001101100001001101100000100101111010
1010001100101001000000000011100011100111000100110100111010100001110010
1011101101101010111001110110010011001101010101001111111111101100110010
1010100101110000100010110010011011100000111111110111101001111010010010
1010110000010110001001010011111001100111111100100111110000101000010010
1011010100101010010010011101010010011001011110111101010001001000111010
1011100000001100001101111110010000011000110100111100100001010101000010
1010010101110010110010010010010110110111011110010100110100011110101010
1010111010100111100001001010000000110111101111100001111111101100111010
1010111000100000100100011110100000110011111010010101000000010111000010
1010111001001010100001110100111101010100100111101000110101001001100010
1011110010010110110001110000111011110101001110011000110011011001001010
1011111000011110110011101110010100100010110100110011101111101110011010
1011001001010010010000111110100100010011111010101001001100101111000010
1011101000001101100100000000101011101001010111111100100101001111000010
1010010111110000010001111110010101110110110011100010101011101000000010
1010110010011110000001010111001001000001001000011000101110100100011010
1011001111111001101010011011000101000110010111000000011101101010001010
1011011001101010111111110001110011000101000101101011001100011011100010
1011110001001110110111110010110101101110111110111111001111001010101010
1010101101000011011110110011011110101010111011111011111101111111111010
1010100111110100111100000001000110101010101011101111110100101100111010
1011100011110011011011101101100110000100111001111001100111010010111010
1011001001000100010100100000110010100110011010101101111110110100011010
1011110001101011011100000101010011111011110110011101101111110110001010
1010111110100011011001110011110000111010110011101111011111011011111010
1011011111011000110001010111110101010111101010101011010111100111001010
1011000111110000010100010110101111110101100010010110001000111101011010
1011010111011111011111010011010100011010101010000001110011100011101010
1011010101100001011000110010101010001001110001100111111101101111111010
1010001000001101011001010110011001000111011100111001011101000000111010
1011111101011101111000111111111000000001000011010101011101101100101010
1011100111111010101010110110011101000001100111011001111000100110110010
1010110000110111100011100011111110110010101101100010011011111100011010
1011010110010001000000111011011100011001001011100010001100101001011010
1011101010001101000100010000101010111011111010100111010111100001000010
1011010011011011110011011110011000000011111101001001011000110101001010
1010110010000011100111000100011001000110101001101101011111000100100010
1011100100110010000110000100011100101101101111011100001101110100101010
1010000000101001101000000000100000100111110100111000001100000110101010
1011101010010100001000100100001011010000111110001001110110001100000010
1011110011000000111100100101100000111001111100001011111111011001011010
