1010000011010100110011001111001100000010100100101001010011101000000010
1011010001100000101010010100110011001001111100000110110101011000000010
1010011100110011111001111111111101010110110001011000001010100000000010
1011101110100111111111110111001011101001101000000110100011100000000010
1011011111100011111101011101100101111011000000110010011011011000000010
1011011111111100111100011011111111100010010000001000101011011000000010
1011100000101010101111111001001101011110100101011000000010010000000010
1010001101001011010111110010101110011000000010011100010110011000000010
1011000110100000100100010001001001001011011010000000001000101000000010
1011001001011010011011011111111011111011011100011000100011110000000010
1011001101100001110110011111101000100001110000110010101001011000000010
1011111011111011011000100110110011010100111111000111000100001000000010
1011011111010101100100000000011000010000111010011000110101000000000010
1010001000010100110011110011000111010001000000000010100001111000000010
1011010100110111110101111011001010111000011111011010110011111000000010
1010001011100100000011001100101101000100111001101110001000100000000010
1011011111001001100110000010111000001000110001011011110100100000000010
1010011001110110011010111011111100000110000010100101011001011000000010
1011010001111011010100011111011111011010110010111001110101100000000010
1010010000111110111111100101101101000101100100011100010010110000000010
1011100001100111110011010001001011000110111010100100111001010000000010
1011111000000000110110100010111100100001001110000110001011001000000010
1011010110100001111011101100001111000011110110101110101110010000000010
1010110101010001000011110011011001000100000110000001101000101000000010
1011001011100111000011010011011110100000011000001001010001101000000010
1011101001001001110111100100101100000001111111110001010110000000000010
1011011100100001101011101100001101001001101010010000001010111000000010
1011111000010101101110001111011001100000001101111111101100111000000010
1011001000111010001110001011111101100111001001100001010011000000000010
1011001000111010100001101110100011011011011001000011010011001000000010
1010111101000010110111101101110101101100111010100100101110101000000010
1011001100101010110100010111111110111100110110111101001110111000000010
1010000100000110111101111001111011100101000111000100111001000000000010
1011101001101001000100101101101100111011001011110100101000010000000010
1011110000011101001111111010001100001101010100001110001011000000000010
1010011100001001001110010111110001000001101110011111101001011000000010
1011011011010010001010100000001010111010000011111101100011000000000010
1011110011000010111010000110000100010000101010001010110001000000000010
1011110011110000001111010000001110111100000000101110101111110000000010
1010100001000100010110111111001111100011001000001100111110100000000010
1011110001101000111010011111011101001100100000110000001101001000000010
1011010110000110010111010010010111101010111001111010110110101000000010
1010001100010110101000011010000000001001101010011000001011110000000010
1011100010111101101011010100010011010011011001001000100000101000000010
1010110110100011110110100100011100111101111010100010011001101000000010
1011011010010011100101110011000100011010111011111010101010010000000010
1011001001101000001000110110001001000001011110111010001101101000000010
1011111111001101111101001101110110000001110000110100110011010000000010
1010001011010010110000110111101101011011010001101011110101101000000010
1011000110011111000110100010011011100110111011010011000000001000000010
1011110000000011111011100010101100000111001101100000000101110000000010
1011011011000110111101110011101010000111011010111000110100101000000010
1010010011100011111011011101110000101111100110101101101111110000000010
1011001111101111100001111111101111110000011010111000110000101000000010
1010010100011010100011111110010010000101100100100011010001011000000010
1011110101100001100010001010100100101000011110000111000001010000000010
1010011011111010011110101011101100100000000110000010011011000000000010
1011111001011111110011111000110111000000011101100100100110111000000010
1010011010100101000100101110101010010110110110100100110110111000000010
1011111111110100100000001110011111001000000101111111110100001000000010
1011101011111011001111010010001000101010100000000010010011010000000010
1010101111001011111000001110110110101010001000011001001010111000000010
1010011101100111011101111001001110110001100011111110010001001000000010
1011111000110100101110011010111110000100110110001101011110111000000010
1011110101111111101101001110101001011100011010000011110111011000000010
1011111100001011011110001010001011101101100001100111111011011000000010
1010111001101101100000011110011010010110101100100110000110100000000010
1011011100100000100110110111010101010010011101110110111011000000000010
1010100111010111000011000011010010100101010100110111010000111000000010
1010001110110010101101000000010101001110001100110111000010101000000010
1010101111001011100001101100110000000100110000000010100000010000000010
1010111001100101111010100001111011000001100100000110000101000000000010
1010000110101110011011000110100011101100001000100001110111111000000010
1011100010010101111110101000111111111101000010011011010001110000000010
1010110011111100100111000011110010010110101111000000010000110000000010
1011100011010101011011110101110111000011100001110010110100001000000010
1010111010111110000011001111100001000100111000101000101111011000000010
1011100010001111001001100101110111011100101110101011000001101000000010
1011001111110111110101001010010111110101100010000111111010000000000010
1010101101011101011111010001110101100010000101001101110001101000000010
1010011110100110001110010111101010010011111101011010110111000000000010
1010100110010001000100001100001110000001111101111101101011001000000010
1011000110000101011001100111101011100101010101100111001110110000000010
1011101101011101001111000011000111110010000111101101111010001000000010
1011111000001010011110001000000011011000000110001111100001111000000010
1010110100011100110010101100111101000001000101010010100010001000000010
1011010000001110111011001011100101111101101011011011001001110000000010
1011010010010110100111111110010111001000111001000001101011101000000010
1010011011101101010111101001101101010111011100010000010100001000000010
1011010011110000100110000100000100111111000111010111100001001000000010
1011110010111000111011101111011101000010100011010011100100010000000010
1010011011011010010111011100000110001100110111001000111010110000000010
1011101100001110010100100010010110111110010110101010101001100000000010
1011010011100001001011101111101011011010101110000000101101000000000010
1011111010100100111011111111010011110011000100100100011010000000000010
1011010001011011000011100100100000101001010001110000001110011000000010
1011001111001000110100111011111000000011011110101100011101110000000010
1011000101101111100010000011011110101110111101100010011100110000000010
1011010111000000100100100111110000011110000100010100101000010000000010
1011010100110101110111001111010111001011100010111101001010000000000010
1011101110110110110100111111001011011001011000000111110000001000000010
1010110101101011111100100011111000011000011110100010011110100000000010
1011000101110001111100010011110010101010101101111000101110000000000010
1011110100111101100111010000011000110000010011111011111011101000000010
1011010110111000100011001001010011011011111101000000001110100000000010
1010111101100001101101101111101101111010010100010011010010001000000010
1011000101111011111010110110110111111000111001101001001010001000000010
1010001000111110111100011101011011110000101110101000001100010000000010
1011110111011000101111110111101011101110111111001010101111100000000010
1011011110101101111011011011011001101011001000111111111010001000000010
1011101101000101110011111000001100011110010111111011110001001000000010
1011001010101011111011110101010001111001100000101001000000010000000010
1010001010100110111010111010000100010100100110100100111101101000000010
1010100011010011001100010000010100101100111110000011000000101000000010
1011000001110011101110111111000000000000000101011100010000000000000010
1011111111101011101101111100100011111110111110001001001110111000000010
1010000011100111011110010101001101101011101110000000011110000000000010
1011111100100101011001001001110111000011011011100000110000001000000010
1011110000000000110101011101011101110001000110001011011010010000000010
1010101111101100110110000100011110100110101100000010010110101000000010
1010001001111010101111110000011100011100000000010011001111100000000010
1011011100100000010101011000111001001111000010100010110100010000000010
1010111011011100011000000111001010101010111011101110111101100000000010
1010011111100100110010011111110011100100110100000011001001110000000010
1010110110011001000101000000011001110110000001011111010001110000000010
1010111100101100001000001100101110110000110111000000101100111000000010
1011110000011111001100111001100001110111000010100110001111001000000010
1011001100110101110100000110010011010011000001011010010111111000000010
1010010011101100001001001101011111100011111000000000001011000000000010
1010100111001011101010101101011100011001001110010000100010101000000010
1011011110011110010100001110100010111011010010111111000100111000000010
1011011000111001111110011011110010100100000010111010101000110000000010
1011111000011010110001111101010010000110110100110101100111111000000010
1010100010000001001010101111101110011101111000101000000110010000000010
1011101001000111011000011111001110011111010010001001010110110000000010
1010111110101101100001001011111010001011000100110100100011010000000010
1011010010110100111000011010011000000000000000100100010111010000000010
1011011001001101111100011111101101010000111000001111000010010000000010
1011001010010111000101111111110101110011001010011100000011110000000010
1010100001101000100000111011011010101001001001010111100001000000000010
1010011001110011111110000111110001010100000010000100100010110000000010
1011111100001011101001001111100100000110000010101010010010100000000010
1010111101011111101001101110011101101011101101001101011111000000000010
1010000000101001101000010100011011001101011001110110000000001000000010
1010010010001010001101110111110010001000111100000111000111011000000010
1010000100110011101000101100011010100010010110001001010010101000000010
1010100011010101000100111001000001000111000011000110000000010000000010
1011100100111110010010111001101010011100011001110110001001110000000010
1011100011001001111011111000111011110011111000000100000110001000000010
1011110100101011111101001100011001000111110000101000001010001000000010
1011010101101101100110111111001100110110100011100101001100000000000010
1011110001111111000011010000000000011000000010110010010100110000000010
1011110111011001111001101000101011010110010000001001101011001000000010
1010111000010110100001111110101000110111100110100001001011111000000010
1011100001011101010011010100110010101100001000001000000110000000000010
1011111111011111100111000001111111011100111001101010010100100000000010
1010101110110011001111111001110111010100000010001011011011101000000010
1011011110010011000010011011111011100011110011101001001001011000000010
1011111001111100010100001010100100011000001110000010110110101000000010
1010011011110011001111111100100100110110001000100100011100011000000010
1010100010010110001110101000100001000000001001010000101100101000000010
1011111011110111000001001111110010111010110011100101110101111000000010
1011001100101010101010110010101101110100101011110001010110101000000010
1010011100111010110111101100011100101011001001011111111110101000000010
1010101000000011111011101011111110101100011010000000101101110000000010
1011000001101011110000110010010001001000110111101111001101010000000010
1011011011000101111000010110000101100101110000101001011101111000000010
1011011010001110000101111100110100010011010001111111011110101000000010
1011001100010101010110111110011011111100010001011110000100000000000010
1010001101011011100011011000011000100001110011010000100010001000000010
1010011000111000001111010011111111111011111000001000101111011000000010
1011001110100010100010001011001011111010001111011001111110110000000010
1011100111101101110101101110101001100110000101100000010011001000000010
1011111110010000101011111101111010110010010100101000001101011000000010
1010111001110011111101010011110110110010011001010111010111101000000010
1011011011010111100100011111000100111000000110100000101101110000000010
1011011111101010100010100100000010110011011000000101000010100000000010
1010010010000100001001110111100110001100011000001110111101000000000010
1010001101110000110110110001000000100010011101100101111000101000000010
1010111101011101100110000111111110110000010111101110101001111000000010
1011111000001010100100000001111010000011111001111100110011010000000010
1011011111001101011100100100010111001101001110011110100011000000000010
1011011110111000011100010001001101101010111011000011000010000000000010
1010100010001111110100000100010100101001100110100100101000001000000010
1011100101110110101010001101111110010011000000111100110010010000000010
1011101100010110010011110100101110001101010101110111110010111000000010
1010110100111000110110100010010001100001111001001000011000011000000010
1011010100110110110100111001011100100111101100000100011100100000000010
1010110111010001001111011101111100100000001010010101011010010000000010
1011111010101101110101111001001101010111000011010010010000100000000010
1010100110101110111001011000011011110110101101000000010100010000000010
1011011011010001100000110001010011010010000101111100100100000000000010
1010100010110111110001011111001011001100001111000100010010110000000010
1011001011100101101111100101111001010111011111110000000010010000000010
1010100100001001101100010111111011100011011000010110100110010000000010
1011000011110111100000101011110111110110000101001111101011100000000010
1011011010111011011101001011011110110100110111111100100000110000000010
1010001001100000011100111011010011101111001101010000000101000000000010
1011011111100011101111001010011011000010110001011011011000011000000010
1010110011000100011010100001000110100110110100110110011011111000000010
1011100111110010000001000011100110110100111101100001101001001000000010
1011111101110100001100111000010001110010011000001110111110110000000010
1011010001100011101010001100011011110011100110110011110101000000000010
1010010010011001001010010001010111010111111010111110111101011000000010
1011001100101010010100011111001110000011001010111101011010010000000010
1010001110011110101100110001111001100000001000100000110000000000000010
1010000011001100010011000101010000100101110011011001100001111000000010
1011010100011111111110110000100100000101001000101010010011110000000010
1011100010100110110100101100010011100010000011101110111010110000000010
1010101001111111000001001111111001010100000011110101110001000000000010
1011011110010010110001011011110101000010110111111000110010001000000010
1010001110111101010111010101111110011000101001100100101011011000000010
1011001001101010100100010101110010001010010111101100010000010000000010
1011101100010000011110000010000100010100000101111101001000100000000010
1011100101010010010001011101111111100000101010100101101100011000000010
1011110100111001001100001101001110000011101000011000011110111000000010
1011010111011111110001011000011111001010100010000100001001111000000010
1010110111100010000101100010110011100000001000011001110000000000000010
1011111100110011000000101100110000001000001110100111110000100000000010
1011011110101101111101100000011110001010100101011111100000101000000010
1011110011001101110001110110000110000000101010111100011111100000000010
1010001111101000011101110010110011101010011111001101110001010000000010
1010011011110111010100110101011001110001000110101111111000111000000010
1010101001011010010100111011100101111110111100010010110000001000000010
1011001101110000101101000110100100101011000000110011110000100000000010
1011101101101110011000101011111011001011110010010000111011110000000010
1010000111000010010100010011101000011010000100100100010001100000000010
1011111011110101110010110001100110010001101000001010101010111000000010
1011011101100000111101010111101100111010100011110110110000110000000010
1011110101011110101110010101101001111001010100001010010110100000000010
1011101001100111100101111011010100011011010110010110011001100000000010
1011110000111101110100101001010010101100000100100110100001001000000010
1011001101100111101100001000101101100001000010110110100011110000000010
1010010110101110100011010001011100101101000001000001010100110000000010
1011010000010010100110101111110111000000111110101001100000110000000010
1010111101111111010001011101100111110100101010010100010000100000000010
1010101000011101101101101110110011111100000111001110110000000000000010
1010001001101010100010111100101010010001001100001011001011000000000010
1010110010100011100011001101000001111110111100001001110100100000000010
1010100100110011000101111101100000111110000000010100000011101000000010
1010100100001111101010010100100101001011110010101000000111011000000010
1011100111111111111100110100110011111111111100001011111111111000000010
1010101110110111111111100010000001100011100001011011101010010000000010
1011100000000101001100101010111101111110101110011001110100101000000010
1011101011100101000011000101001011000001000010101111000000010000000010
1011000100100010001000011110011101100010000100000110100111001000000010
1011001001101001111111101001000101101010001010010000010100101000000010
1011000100111001011000110010111001000100011000010011010001111000000010
1011000001100110000000001101111001100011101011000011000000110000000010
1011000101100001100011100000010100110011111101100100100100000000000010
1011111010110001100001101000010100100000010010110000010100011000000010
1010111101010000101010101000100001111011011001100101101011110000000010
1011001011101111010111101000110101110110111101110011100000111000000010
1010101101010001101111110111010110101100011100100011010110110000000010
1010101010100010110011110111001111000101001111111011001110011000000010
1011100001000001100011100000010011000010010001100110100100100000000010
1010001100100011110111101001110100101101110110010001100100010000000010
1011100010100100000111110111001111111000010100010111001001101000000010
1010110111111011101111111101101011010100110110001000101010001000000010
1010001010011011101101000101100110101010110100101011101111001000000010
1010000100101001100010011000001100011101110001110110001111101000000010
1011101001010111111110111011110110010000110000110000100001101000000010
1011101111011110101100001010111010000011100110011000100101110000000010
1011001110111001101000111110000101111100011011000011001110100000000010
1010011100001000111010011000110000000011110110001010001010001000000010
1010101100010010111001100000000101000101000001000000100001111000000010
1011111111001110000001101110001010101011011011000100010010000000000010
1011001100111111101010111100010110111000001001101010111001100000000010
1011111110010001111010111010101101011101100011110000101001011000000010
1011100111110100000011110110000101101001000010011100100000000000000010
1011011011110100100001101101110100011110010100110000000111100000000010
1011101110111110110000101110010000111010001101100001010000011000000010
1011111110011000101101100010011001010000110100011101000010001000000010
1011111111110100111011101110111011100110100100101000011110100000000010
1011111010111010110000001100010010100110010011000100101110101000000010
1010101100011101010101001000111010000101000101101110110011001000000010
1011111000010100001111111011100000111100010111010110011011000000000010
1010111101100100101010110111011111100011000010011001000111100000000010
1010111011000000000100001001001100011011110111110111101010011000000010
1011110111010100011011101011101101000101000010101101011010111000000010
1011100000110010001001100001110010101100010110101010001100010000000010
1010110111001011010110101001010111101111100100101000000011110000000010
1011100001110111010001101011000000001000111110110101110111000000000010
1011011011111011111010111111101101011110111001011011110101011000000010
1011110011111010010110111000000000110100000010010110011111011000000010
1011010100000110111000101000001011010110101100011010111000000000000010
1010100111010111011001100001111100011101001011111111010011000000000010
1011111001111100101111011010000110011101110000010101000101101000000010
1011110100100011000011110111110110000100100000100000011010011000000010
1011000110111101110010011100111110010001101101101011001010001000000010
1010010100100101101101100101101001011011011110100001001001011000000010
1011011110110100100100110001111101000000010001000110100111101000000010
1011000000001001011010100011000100100001010111010010111010000000000010
1010010001000001010100101100111110010011000000110001010000100000000010
1011001101110010110011011101110010110110101100111010011111010000000010
1010010010100001110110100100010000001000111100000100010011111000000010
1010101100110101000110110000111000101100100001010110111000110000000010
1011010000101001101101111010111110011000001101110001010101110000000010
1011101111111011001111010100001101101001100010110000010001001000000010
1011011010001100011110011011110100100111011010100010101100101000000010
1010000111111100010011100000111110101110110101111000000100100000000010
1010001000001111111001101011010001100010011010001101010000000000000010
1010001110111011011111111010110100101101010010110110101111011000000010
1011011110011000000110000011100001110000101000000100101100101000000010
1011001001001101110110001100101010101111011111110010111000100000000010
1010000101100101010010111011001010000110100110011000110111000000000010
1010010000101110000101001110010101111011000001110101001111100000000010
1010001010110110100001111101100011010101000010011110001110011000000010
1011101111010100100000000100110110110101100011110010101101000000000010
1010011101100101000100010011010110011101010101100011110011001000000010
1011110011011110101001111011100101010011001111110011001011001000000010
1011101011110011010110110111000001000000000100011111011000111000000010
1010111011011111111011010100011010000011000011010001001000001000000010
1011110000011110110001110011110001100110101101100001110101010000000010
1010000111010100110011000011100000110110001001100001100111100000000010
1011111111111001100010101111010101111101110001110001011001110000000010
1011110111110010110011010001101011010010001110001011001100100000000010
1011100010010000010010111011010110010010101100000010111110111000000010
1011100101011100001011001011011101111100011110101001110010000000000010
1011100010101110011111110100111001110100001100000000010010100000000010
1011111011001001011001101011110110110001010011100101000010110000000010
1010001010101001100111111111000110100000100001000000111001011000000010
1011000011110011000110010011100101110101011011000011100010101000000010
1011101001101111011100000110111101011110010000001010110001011000000010
1011110111001101101110010110111001111111110110111100110110001000000010
1011111001101001000001000101001010111010000001001000011001011000000010
1010000011111001001001010100110001001100101110010111000010100000000010
1010010100011011100001001100101110001111001110000000010101010000000010
1010001101001100111111100011111111010000100000101011101110000000000010
1011010001011011011011100001111000011010100010101110011010010000000010
1010011111100001100000011100101011110001111110101110001100100000000010
1011001110101110110010101011111110010110000110100000010110000000000010
1011101101001111110000010010111100000111100111100011000010001000000010
1011110110111011110111111000000000011010101111001100110001111000000010
1011101011010001110101011010101000101010110111001110001000100000000010
1011011000000101011001110001100100010011001000110110001010000000000010
1010110001100101000110100010100100011000001111100010011100001000000010
1011100111101001001101100011000101111010111010001000000011101000000010
1011101001000100100100100100001100010000111101101000011010110000000010
1010100011000110111100000111101010100000010110000001101010011000000010
1010010000001111010011110010111100101101001111100010000101111000000010
1010011011101011010100100111111000111001000000000010100001001000000010
1011111111000110001110100100011101000101010100101011010100010000000010
1010110001110011011001100000001010011011110001111010110100110000000010
1010110111100101011111100000100101111001001101101000111011000000000010
1011001011111000110000111010011010101001001011011111111010110000000010
1010011111101010010101110111001101101110001010100000011101010000000010
1011101110010110111000000010111010110000000011011000011111111000000010
1011111001010010110011001110110111000100001110100101100010100000000010
1011001110100101101010101010001000111011000000001011100000001000000010
1010011100100110100001111011010101001110101111010100010101010000000010
1010100011110110011010010100110000000000010100010011111011010000000010
1010010001001010110000010010011100000101001100010010001001001000000010
1010101001010111111001010000110100011110011100010110010100111000000010
1010111110111111110010000010010111011111011000110010001001000000000010
1011100101010111111000011100111001010011111110011100001001110000000010
1011010000101110111111011111110100001101101010000110110011110000000010
1011010100111000010101100010100001011101011101010101110101110000000010
1011010010010110111001100000000010001010010111010001111011001000000010
1011111111110000110011101100101001001110001101000101001000001000000010
1011010110011110111011011010010011101010101111010111001001010000000010
1010111111010101001100101110101000011111011001010000011010011000000010
1011110011001011011110001011111000100100100001111101110011110000000010
1010101010011101100011000000011011110111110110000101010101100000000010
1011101001011100001000100010011101010000001011011110001000111000000010
1011001110010101111101101011001010010001100111110000001110110000000010
1010110010010101010101111001111110011111010011101001010000010000000010
1010110111111001111111100011000100011011111111010100111101100000000010
1011110001010100101000011011011000000010100011010001000001011000000010
1010100110011111101000111010001010000000100111111110101110000000000010
1010101100011111001110100111001010011111010010001110110101110000000010
1011110010011111111011001101001000101111010011101100001111011000000010
1011111000110011011111111001001100110110101000111101000010111000000010
1010101101100111101000111010000001100000100000100101100101101000000010
1010111101011110011111111011001011111011001001001110000000100000000010
1011111111011010101010010011111100110111100010001111101000011000000010
1011001101101100101111101111101000010011111101000010010010011000000010
1011111110110101011000011111110000100001010010010001000011011000000010
1011110100110010000011111111101010001000101110101110000001110000000010
1010010010110111101101110110101100111011001110011001011111010000000010
1011011100001101111100101110111000110001110110111011101111000000000010
1011111111010010010000111011000110001011110001010111101001010000000010
1011010010010010011011100101100000000001110001101000101111010000000010
1011100101110111101011010111000110101010000001001000110101100000000010
1010100010101011111100011101011011010001100010110001100010111000000010
1011110110110101010010011111111100001001100111011100101010110000000010
1011010110111100011110101110100110011110011110101101111011101000000010
1011111110010110111111011011101101111000101111101110110010000000000010
1010110100000000100100100111001011110101100101111111011011001000000010
1011000111111110111111110111010101111001000000001100001010001000000010
1010011011100110010110011111011111010101011011011011011110100000000010
1011001000011101010110100010010100100000010101111000111100101000000010
1011000111110100001111000010101111101111110010010000101011101000000010
1010010011111101101111100001001101111100000001110000101010010000000010
1011011100100111101110111111111100011000010111001011110110100000000010
1010010110110010011111000111101101110100001100010011011110111000000010
1010111011111010101110110011001111010010011000100101110011001000000010
1011000111011101011101011000100010110010101001011101101010111000000010
1011000100001010100010001010100101101000001110101101000010010000000010
1010100011001101111001100100100000100111000100001000111111101000000010
1011111111010010011001110111011010000111100110111001011010111000000010
1011010001110101000111001110101011111101001101011000101000000000000010
1011001000111011010011001101111100100000011110010111100101101000000010
1010011010010101010010011101100001011111000100001101111110101000000010
1010100000010110111001011101111000011100100111100100001000110000000010
1010100101101011001001100110101110000000010001001011101100011000000010
1010110101001111010010001101000000000100100001110011001010011000000010
1010100001110001110001011100110000100101000000001011101101001000000010
1011000111101101111100000010110000101011010000000100100100011000000010
1010101101011101111101100101101111001011100011101000011000111000000010
1010000110000101101001111101110100101010110000000001011101101000000010
1011000010110010101111011100000101100011100000111000001111101000000010
1011010101100000011101001110010101010110010111110110111001110000000010
1010001101010110000100110100001000000001000001110110000110001000000010
1011010110010101101100101100001110010010111111010010110111110000000010
1010000011000001001110110111100101101110011111011111010101110000000010
1010011110011100010100001111110100001010101011111101011100110000000010
1010001011011100000010100001101001101100010001101010101001001000000010
1011111010001010011001011000101110100111010101000111011011111000000010
1011010101011011100011000101111101010111001011010101000001001000000010
1011101010101011001111000000100100000001000010111001111110110000000010
1010011000010010100001100110000110111010011001001010100101111000000010
1011110001011111011000011110110001011100001101010001001100010000000010
1010101011010100000011000010011001000111000100011010001000100000000010
1011111011101111011111110111011010100010001001001001110101101000000010
1011000010010101010011010010101011100111111001100100100001100000000010
1010101100011011111110000000111001001001011010000100001110110000000010
1011011101100111011000100111000011101111100110101011001000010000000010
1010010101111101111111110110111011000001001101001001111100010000000010
1010110101111100001110000110100000000011010010010010100010001000000010
1010000110010000010010010000100000101110101011010010000111110000000010
1010111000000001011011011011010011000000100000001000111010000000000010
1010001101110100001111110111100000010000100110110010000000000000000010
1011000011100001011100000101010100110010010100000110101010001000000010
1010010010101000111100000001001011000101001101100000100010000000000010
1011100011010100000100101010011100001000111100100111000010100000000010
1010101110101000111011101111010101010000110010101100011100111000000010
1011110110101000110000100110001111111111101011011010101100010000000010
1010100010100010000001011010111001001100110111110001001100110000000010
1011001010010011011011010100000100001110110110001100000010001000000010
1010011111000100100001000111001111111000001010001010001010100000000010
1011000110111001111010100111010111100101011100001010000010011000000010
1011101110011000011000000110010110000101010101001001010101100000000010
1010110110111000101100111101010110000100011010010001110000001000000010
1010111011001110110010111101000000011011001101010100000100111000000010
1011011100011111110110111000011101100111010100011100111000011000000010
1010111010101101010110101110110000101001011111100101010111101000000010
1011010010100000100011111001000101100110111001011000101111010000000010
1010011010001100101110010100011100100110000000000101011001001000000010
1010110110001111111100100001110101000100101101010101011100110000000010
1010001110011100111110110110001111100010110011100000001110110000000010
1010101000001101111111011001010100011101101000011100011110101000000010
1010110111101101010110000110001111111011001011001010001000100000000010
1010011101111111001110011101101111100000001000010001001100110000000010
1011110010110000101010011110011100100000110000101100001101100000000010
1010111011011011000010001011000010000000000110011101001010100000000010
1011000010101100010110110000010110100000001100000011100111000000000010
1010111001011001000100011000110101100011011011011101110001001000000010
1011101000001011100111001101011010101010101010101100111000101000000010
1011010110000011101001011001011011010000000010011011011101101000000010
1011000111011111101100100101111000100101001101010101100011001000000010
1011110110100101001011111000101000101000011110101100010001000000000010
1010000000011111110101101110100111100011101110101101110010000000000010
1010011000110101101110111111000111100001110000010100000010101000000010
1011100111110001011101100011100000010000011111101101000000111000000010
1010111000000101110010100111110111001101001010110001111110011000000010
1011010001000010101101100100111000110001100000010000100110001000000010
1011011101111011100000001111011000000001110110101010110101110000000010
1011111110111011000001010011000001101100111111101100101000010000000010
1011110101101010011111101111011111000001010111100100100010110000000010
1010101001010110001110011000001001101111000110101110111010110000000010
1010111001100111111010011011000110100000010111010101100010011000000010
1011101100001111111001111111100111100001001101010110110111110000000010
1011010000011000110111111000010000100010100100000101110011000000000010
1011101000101001001001011000101000110101101110101001010110101000000010
1010011001101011001001101101000100011000110111010101010010100000000010
1011111011110111100011011011000101100110011111100011111011010000000010
1011000010010110111111010000001110101110101011101101110010101000000010
1011010111101110110001100110110000000010011100001101101000000000000010
1011101100111001000111100011010110111110100101110111101110010000000010
1011111101111110101110010100000010001110000011100000001001011000000010
1011011110000111000001010100101001011011000010001101000110101000000010
1010001000111100100111110100000110100000111110001010010001111000000010
1011111101110101111100010100011110001000010100011101101010110000000010
1010100101100101111110101101010000001011100001100110010100111000000010
1010000000101110101101010000111011111111000110101001101110100000000010
1010111110111111001000011101010011010100010010010111000001110000000010
1010110001111011111100000110001100000000000011010100111110100000000010
1011110000110011111011011100110000010110100010110011010000010000000010
1010111000110111001100000010001011101011010010011100011110000000000010
1010100101001110000101100011110000001100001100001110010010100000000010
1011111111111101000110101100100101100010111010010011101010110000000010
1011110110011111010111011101011110011001111011000110111000110000000010
1011111100010111001100011000100111001001000101111010110111111000000010
1010100100111010000011100101011010011110100000110000101010110000000010
1011101100000100101110100000111101001110110000111011101000101000000010
1011011111111111001010011100111000011010110011010110100001010000000010
1011110101010100101100110101110100000011101111000001010011001000000010
1010001001100001010001000111010011001010101000000101100100110000000010
1011001001101111101110000100001101101001001111011100010110110000000010
1011010110101111001101100000110001001101000111010100001100000000000010
1010001111101011010111111011000001101001100010100010001001000000000010
1010111111010110100101001100011100101010111011001111000111110000000010
1010100000111111101111001111101111001101101010110101111000111000000010
1011011110010100000000010001110001001101001011100101001100011000000010
1010111000111010010001101010101100110110110000100100000011010000000010
1011100011000110011010101101010110101011001100100110000111000000000010
1010000111001000101100111010000001011001111001011111010110111000000010
1011010011111110111001100111000011100110001110011111101010100000000010
1011111000100111000111111101011000000000010000111001100010110000000010
1011011000010110101101110111000110100101000101001111010101000000000010
1010101111111100001100110111111001010011001011001100111001111000000010
1011100011100111101110100011000100111110000110110010100100111000000010
1010001110000011111010111011011101000100001001110110101010101000000010
1011010001011101101110011001101101111010011000000010001101010000000010
1011111011011010101111011110111000001000001110010110110000101000000010
1010010011111100011100110100011100010100100001011100011001100000000010
1011111110011110010001011001011000000000010001111101010000001000000010
1011110100111110100000101011100001100100111100101000000111011000000010
1010110011011000111010111000111100100111001011111101010011011000000010
1010111001111100001010011100111110100010011101000011010101000000000010
1011111111010111110111100101011010011000010100011010100010011000000010
1010111100100010100010100110010000010010011100100010000101101000000010
1010110010001111101110010101011101001100000111010100000011111000000010
1011110011010010111111101010001110010101101110010010101100000000000010
1011111110111001111101100101011111111100001011000100100010011000000010
1010011000110111111011110110110010011010000101110111100101101000000010
1011101001111110000100001100100111000000010000110110000010111000000010
1011011111111110110011010000011010011000111011010100110110001000000010
1010010011110110001111100000101100100001100000011100101001101000000010
1011110111011100101100111000110011001111111001110010100100100000000010
1011100101111101110101011100001000101000101011110110110001101000000010
1011111001001111011101110011001011010101100000011111110000101000000010
1010111110000110011111000010100110100010000001001110101000000000000010
1011110110011010100101010101111100111010001110011110010001010000000010
1011000001100110100100001110101011010010000110101011100111000000000010
1011111000100000101101110110010010000011100111000111100001100000000010
1011010011000100111111111101001110010110101111101001101000100000000010
1011100000111101011011110101000001110110001011011011111011000000000010
1011101110111000111101111101111000100000100010000011010111001000000010
1011101010101110111011100110000010100010101001110011111001001000000010
1010111001100010010111010100011000111110110000001100100001100000000010
1011110110101011001000111111001001110010100011000010100111011000000010
1010011000001100010101101000011111110000100011011000111100000000000010
1010001010100111001011010101110000000011111001000111100010001000000010
1011110011011000011001111111011110111110010000100001001101010000000010
1010100100100111010101001110011000101011000101010000100100011000000010
1011011101110101011101010010001111101010001000010110100110101000000010
1011001111010110001111010101011111111001101101101101011010000000000010
1011101101100101101010001110111110000000010001101110001101110000000010
1011010100111000111111000001011011111010101111110100100000001000000010
1010001000110101111001101101101111111110011101010110000101000000000010
1010010101010111111001101111011100000001111100100001111100100000000010
1010111000101101101010110001101111010100000011110101100011001000000010
1011010101101000011101010110011100101010101010000010001100110000000010
1010110111011111101010101000111001011010100010100101100001100000000010
1011111110010010001111100101110100001110011100110000101010100000000010
1011101011011010010011111010001011111111111101110101000100001000000010
1011111111011101010000110001001111000110010010010111011010010000000010
1011011100010111101011011111010101001010000110101100100010011000000010
1011001110100110111111011001110111111111011000100001001111001000000010
1010111101111011010000011011111101000011110100100101100011001000000010
1010110010011111111010110010011110100110100111111100100101110000000010
1010111000111100000110001101101011010000011110001000011000110000000010
1010010110000000110110000001000110001001010011111011010110001000000010
1010001100111111010000101010010110111001110000110110100001010000000010
1010011011111101101111100101111010001011011110010010111111000000000010
1010110011001101100100011101001111110000001101001110100000000000000010
