1011100100100000010110000000110011000000000000000000000000000000000010
1011101001010010110101111011000010100000000000000000000000000000000010
1010000010110101110000010011111101100000000000000000000000000000000010
1011100100011000001110101001000100000000000000000000000000000000000010
1010101001100001001100100010110011000000000000000000000000000000000010
1011111100001011001010111010101010000000000000000000000000000000000010
1010000010111011010001010011011000000000000000000000000000000000000010
1010110000100011011101111001001010100000000000000000000000000000000010
1011111000010000010101001001100101000000000000000000000000000000000010
1011100011110100101010111100010111000000000000000000000000000000000010
1010000001110010001111000011010110000000000000000000000000000000000010
1010100101000100001000101001010010100000000000000000000000000000000010
1010001100100010000001110100011011000000000000000000000000000000000010
1011111000010111010011111110101010100000000000000000000000000000000010
1010101110111100111010011110010101100000000000000000000000000000000010
1011000000001000001110001001101100000000000000000000000000000000000010
1011100111010011011101010111110110100000000000000000000000000000000010
1010111011001011101010000100000100000000000000000000000000000000000010
1011011001111101111111111101100000000000000000000000000000000000000010
1011100100010110011110111001111001000000000000000000000000000000000010
1010101110010011000101110101101011000000000000000000000000000000000010
1010110000001010011001010110110101100000000000000000000000000000000010
1010000111011011001001101001111001000000000000000000000000000000000010
1010110110010111010010101000100111100000000000000000000000000000000010
1011111101010111010001000101000001000000000000000000000000000000000010
1010000101010110011000011101011011000000000000000000000000000000000010
1011000001010101101111110101010001100000000000000000000000000000000010
1010101111100010010101100011110110000000000000000000000000000000000010
1011000000001111110001010001110100000000000000000000000000000000000010
1010111000010101111110000001101101000000000000000000000000000000000010
1011100110101000100000000001110100000000000000000000000000000000000010
1010001100110100011100100011110011100000000000000000000000000000000010
1010011110111011111101011111111101000000000000000000000000000000000010
1010101010010111000111100000111101100000000000000000000000000000000010
1011011101111100000000000010010100000000000000000000000000000000000010
1011001110111111000000000011010011000000000000000000000000000000000010
1010111110000010011011001010101111100000000000000000000000000000000010
1011001011100001000011100010111000000000000000000000000000000000000010
1010000000100010100101000111110001100000000000000000000000000000000010
1011010001100010011101010010111010100000000000000000000000000000000010
1010101111100000100001001111100101100000000000000000000000000000000010
1011001110111100110110111000101111000000000000000000000000000000000010
1010000101110001011010110100010111100000000000000000000000000000000010
1010001111101111101000010110001010000000000000000000000000000000000010
1010001101111010100100010110001001000000000000000000000000000000000010
1011011011001011100101001110100101100000000000000000000000000000000010
1011011111000100101100110111011011000000000000000000000000000000000010
1011101010000010101010010001101011000000000000000000000000000000000010
1011010000010001001010010100000100000000000000000000000000000000000010
1011001111111000001100011111100101000000000000000000000000000000000010
1011011011001010101111001000010110000000000000000000000000000000000010
1010111110110110100011001111100011000000000000000000000000000000000010
1010110111111011101010010110001011100000000000000000000000000000000010
1011011000000100000011011011011101000000000000000000000000000000000010
1011000010101000001101011000100010000000000000000000000000000000000010
1010011000110011000010100110100100100000000000000000000000000000000010
1011011011010110100011011010011000100000000000000000000000000000000010
1010001100001101111000001101110111100000000000000000000000000000000010
1010101000100011001100111100010011100000000000000000000000000000000010
1011000011000100111100110100100010100000000000000000000000000000000010
1010101110010111011010111010011010100000000000000000000000000000000010
1010000011101111001101001111001011000000000000000000000000000000000010
1011100000011011101011100011011001000000000000000000000000000000000010
1011110011001010111011011101111010000000000000000000000000000000000010
1010010000111111111011101010010111000000000000000000000000000000000010
1010000010010011100011011111011100000000000000000000000000000000000010
1010000110000011101001000001010000100000000000000000000000000000000010
1010011000100110110000101010111010000000000000000000000000000000000010
1010001010110010100010000100011000100000000000000000000000000000000010
1011001010100011010011110001011000100000000000000000000000000000000010
1011011001001100101011101101000010000000000000000000000000000000000010
1011111110101011010101001001000010100000000000000000000000000000000010
1011001100010101011001000001010111100000000000000000000000000000000010
1011100000000100110111100000101000000000000000000000000000000000000010
1011011100001111110110001111011111100000000000000000000000000000000010
1010101111100111011000111010110001000000000000000000000000000000000010
1011011101100001111010110110101011000000000000000000000000000000000010
1010100011010110100001100001000111000000000000000000000000000000000010
1011111010111101011000101001100111000000000000000000000000000000000010
1011111000111011010101000010110110000000000000000000000000000000000010
1010001000101000001111100110011110100000000000000000000000000000000010
1010111111000111011101100101111010000000000000000000000000000000000010
1010011100010111100010111011100010100000000000000000000000000000000010
1011100000001011111001001111001010000000000000000000000000000000000010
1010011000101011110001001001000001000000000000000000000000000000000010
1010111010011101001110010010111000100000000000000000000000000000000010
1010000000100101100010101110001000100000000000000000000000000000000010
1010100010100011101100001000100011100000000000000000000000000000000010
1011100100101001010101001110001011000000000000000000000000000000000010
1010000100000001111010110110000100000000000000000000000000000000000010
1011000010011001101000001101000111100000000000000000000000000000000010
1011111101001101101110111000011100100000000000000000000000000000000010
1011101011000010101000000000011101100000000000000000000000000000000010
1010000001001100000000111101111011100000000000000000000000000000000010
1010000001110111110101100111111011100000000000000000000000000000000010
1010110011100110100001010001100100100000000000000000000000000000000010
1011101011101110101000001110111010000000000000000000000000000000000010
1010001101100100111001000100111100100000000000000000000000000000000010
1011101011110001000011001110100101100000000000000000000000000000000010
1011010101000000011011000001010001100000000000000000000000000000000010
1011100110011100110100100100101111000000000000000000000000000000000010
1010100001000111111000100100011000000000000000000000000000000000000010
1010110111110010110111001001000110000000000000000000000000000000000010
1010110110000110100011001011010111100000000000000000000000000000000010
1011101001010011010111000100011110000000000000000000000000000000000010
1011110101000110111011010101010000000000000000000000000000000000000010
1010101111100011101101000000011111100000000000000000000000000000000010
1011001111011100001100001010101000100000000000000000000000000000000010
1011111110111001101111010100001100100000000000000000000000000000000010
1011100001100111100101011001101000100000000000000000000000000000000010
1011100011010010000000110000100110000000000000000000000000000000000010
1011000111001101010001001011100001000000000000000000000000000000000010
1010000010100000111100100111101001000000000000000000000000000000000010
1010000001101110100010111000100011100000000000000000000000000000000010
1011111010000001010110011000001011000000000000000000000000000000000010
1010111100100001011111101110110010000000000000000000000000000000000010
1010100110100000000110110110001111000000000000000000000000000000000010
1011001111110111100110010010010010000000000000000000000000000000000010
1011111100011110000000100110110100000000000000000000000000000000000010
1011011111011101110101111001110011100000000000000000000000000000000010
1011000010001110111110100011101001000000000000000000000000000000000010
1011101011101000001001110000110110000000000000000000000000000000000010
1011010110000100111110010110110100100000000000000000000000000000000010
1011010101111001000100111101111100100000000000000000000000000000000010
1011001000101111110010111000100011100000000000000000000000000000000010
1010000110110011101110110110111100000000000000000000000000000000000010
1010111011111001101100100101000100100000000000000000000000000000000010
1010101000000001100111101111001110000000000000000000000000000000000010
1010000111010001000110010111110111000000000000000000000000000000000010
1010100110001101010010110000100100100000000000000000000000000000000010
1011000000111100011000001110001011100000000000000000000000000000000010
1010111001100000101001000001111110100000000000000000000000000000000010
1011010010010011011011001100101011100000000000000000000000000000000010
1011000010111110111000001001000001100000000000000000000000000000000010
1011010010100101001000011111000101000000000000000000000000000000000010
1010110001110010100000100010100110000000000000000000000000000000000010
1010000010101010101000111000000100100000000000000000000000000000000010
1011011000010101110101110001010001100000000000000000000000000000000010
1011110110010111000010010001100110000000000000000000000000000000000010
1010101101000101010000011001000000100000000000000000000000000000000010
1011101010000011111001110010111111000000000000000000000000000000000010
1011000010010010010110110101011110100000000000000000000000000000000010
1010000000000100000000110100011111000000000000000000000000000000000010
1010101110100101110101010100010000100000000000000000000000000000000010
1010111100010010001010101100110011000000000000000000000000000000000010
1011001101010110001001010100010101000000000000000000000000000000000010
1011000000100000011111000011100101000000000000000000000000000000000010
1011110101111100100110001000011011000000000000000000000000000000000010
1011110011100111100010110001011100000000000000000000000000000000000010
1011100111000001101000011000010001000000000000000000000000000000000010
1011010000000001111011000110111101100000000000000000000000000000000010
1011110111000101000100101101011101100000000000000000000000000000000010
1011001100100001100000010011111001100000000000000000000000000000000010
1011011000000111001001101010011111000000000000000000000000000000000010
1011110011001001010110000100111110100000000000000000000000000000000010
1011100101110110000011111011111110100000000000000000000000000000000010
1010000011101000011110011100111000100000000000000000000000000000000010
1011100100011010100111010111110110100000000000000000000000000000000010
1011100000100101100001001001111000100000000000000000000000000000000010
1010001100010000101011100101101110000000000000000000000000000000000010
1011100101100100100100000000110000100000000000000000000000000000000010
1010100101110000110110110011000111100000000000000000000000000000000010
1011100001101110101001011000101000100000000000000000000000000000000010
1010101111011001001011111111111110100000000000000000000000000000000010
1010000000011101110100010110011000000000000000000000000000000000000010
1011100001100010111101111000111111000000000000000000000000000000000010
1011011101111011110011100011001000000000000000000000000000000000000010
1010110010111101110000110110011000100000000000000000000000000000000010
1011111011001100110111100010001010000000000000000000000000000000000010
1010111111001011101011011001110110000000000000000000000000000000000010
1011011001110011100000000000110101100000000000000000000000000000000010
1010111010010111010101010101001000100000000000000000000000000000000010
1010000001111101010111010010001011100000000000000000000000000000000010
1011011001000101111001010001010010000000000000000000000000000000000010
1011100111110011100111010001100101100000000000000000000000000000000010
1011011011100010001101011011010100100000000000000000000000000000000010
1011101000111100001000010111101111100000000000000000000000000000000010
1011000011000000101011110101001110000000000000000000000000000000000010
1011001010101010100111101111110111100000000000000000000000000000000010
1011001101010000001000000111100110100000000000000000000000000000000010
1011010011111001000110100001001011100000000000000000000000000000000010
1011111011110010111111011101101001000000000000000000000000000000000010
1011001001111100010011100000110111000000000000000000000000000000000010
1010110001110101011000110110111000000000000000000000000000000000000010
1011100111100011101000000011100110100000000000000000000000000000000010
1010101100110110100101010101101110100000000000000000000000000000000010
1011011011110010001000010000011110100000000000000000000000000000000010
1010110111001011001010100100000000000000000000000000000000000000000010
1011011000000110111010100100101010000000000000000000000000000000000010
1010000001100000011010101010001000100000000000000000000000000000000010
1010001011011110101011111001100010100000000000000000000000000000000010
1010000100011100011011001110100100100000000000000000000000000000000010
1010110100111101000110101110101111100000000000000000000000000000000010
1011011110011101100000001000110100100000000000000000000000000000000010
1011100001100001101011000101010111000000000000000000000000000000000010
1010111101000010110011011110000001000000000000000000000000000000000010
1011011111110000000001111010111111100000000000000000000000000000000010
1010101001011001010000011111100110100000000000000000000000000000000010
1011100111110101111011010100011010100000000000000000000000000000000010
1010101111101110111011101110010100000000000000000000000000000000000010
1011001100010101011001000001010111100000000000000000000000000000000010
1011101100001010001100101000110100100000000000000000000000000000000010
1011001010111011101111100011001010100000000000000000000000000000000010
1011111100001001100101110101110111100000000000000000000000000000000010
1010001011011000111000101001001001000000000000000000000000000000000010
1010000100001110011001001000000000100000000000000000000000000000000010
1010011001101011110001001011010101100000000000000000000000000000000010
1010011010010000000011000011100000000000000000000000000000000000000010
1011000111001000000111000001101101000000000000000000000000000000000010
1011110111011100010011101111001000000000000000000000000000000000000010
1011101101001011100011011101000011100000000000000000000000000000000010
1011011111000100111110111100100001000000000000000000000000000000000010
1011000001110111110111101000000101100000000000000000000000000000000010
1010001000101000001001100101101001000000000000000000000000000000000010
1010011000001011100111110110001110000000000000000000000000000000000010
1011010101001011010010111000010101000000000000000000000000000000000010
1010101011010110000100010000101100000000000000000000000000000000000010
1010001111101000001001000101101111000000000000000000000000000000000010
1010010111010010100000010111101011000000000000000000000000000000000010
1011001100000101010000001000000000000000000000000000000000000000000010
1010001010110110010010000111111001000000000000000000000000000000000010
1010101110011011010100111101011100100000000000000000000000000000000010
1011101101111001100001110000100011100000000000000000000000000000000010
1011101001001001000000101100000001000000000000000000000000000000000010
1010111011001110010011110110101001000000000000000000000000000000000010
1010111110111111010111110101010110000000000000000000000000000000000010
1011111011111101101111011110011010000000000000000000000000000000000010
1011011010100110110101111001001110100000000000000000000000000000000010
1010111110111111010010000100111111100000000000000000000000000000000010
1010001100100011000100110001001111100000000000000000000000000000000010
1011111001111011011010110000001101100000000000000000000000000000000010
1010011011110011011101110101110000100000000000000000000000000000000010
1011101001111010111110011001111001100000000000000000000000000000000010
1011011001011110100011110001011010000000000000000000000000000000000010
1011110101001010101110101100010101000000000000000000000000000000000010
1010110011110000000011010100100100100000000000000000000000000000000010
1010111010101111111010111010001010100000000000000000000000000000000010
1010010011101000111110101101101010000000000000000000000000000000000010
1010000111011100101111110000000100100000000000000000000000000000000010
1011100000100101000010011010100101100000000000000000000000000000000010
1010011110100000110001011101100011100000000000000000000000000000000010
1010101011100100011000110110100111100000000000000000000000000000000010
1011101101111011111010100110000100000000000000000000000000000000000010
1011100111001100111011101110101101100000000000000000000000000000000010
1011010111111110000011111111110001000000000000000000000000000000000010
1010111111100000000001000001000111000000000000000000000000000000000010
1011001110011001011011100111111010100000000000000000000000000000000010
1011111101000001101010000010010110100000000000000000000000000000000010
1011000101101010010100010000000001000000000000000000000000000000000010
1011011011101011001100011101000100000000000000000000000000000000000010
1011101110000001111011000011000001000000000000000000000000000000000010
1011100111101101110100000000111000100000000000000000000000000000000010
1010110100100000010011011101010100100000000000000000000000000000000010
1010011110010010110010101011101001100000000000000000000000000000000010
1011100000000101011011010110000010000000000000000000000000000000000010
1011001000111000000100100110111111000000000000000000000000000000000010
1010011010001000011111111101100101100000000000000000000000000000000010
1011100111100010000110010010110101000000000000000000000000000000000010
1010111001110100110010000110100011000000000000000000000000000000000010
1010111110001001110011011110001010000000000000000000000000000000000010
1010101011111001011111000110000101100000000000000000000000000000000010
1010000100100000100000101000100101000000000000000000000000000000000010
1011010101011110001010000100000010000000000000000000000000000000000010
1010100110000010111100000010011100000000000000000000000000000000000010
1011010111111001100111000011110100000000000000000000000000000000000010
1011100110100010110110010101111001000000000000000000000000000000000010
1011010100111001001101001111100001000000000000000000000000000000000010
1010101110011111100011000101100110100000000000000000000000000000000010
1010011111110011101111111101110000100000000000000000000000000000000010
1010110011000100000110101001101001000000000000000000000000000000000010
1010010011001011011010111110011000000000000000000000000000000000000010
1011110100000001010011010011100011100000000000000000000000000000000010
1011110110001110110101110011110000100000000000000000000000000000000010
1011110011101111010001000100001101000000000000000000000000000000000010
1011000011010000110010111100101100100000000000000000000000000000000010
1010010111000011011001010110011001100000000000000000000000000000000010
1010010110000000010001111010110110000000000000000000000000000000000010
1010011011100100001000000010111001100000000000000000000000000000000010
1010111100011000010011001000111000100000000000000000000000000000000010
1011100010000000001010101000001001000000000000000000000000000000000010
1011000101101010101000101000010010000000000000000000000000000000000010
1011110001100100001001111011110100100000000000000000000000000000000010
1011000000001010011101010000010001100000000000000000000000000000000010
1011111111100011010001111011101011000000000000000000000000000000000010
1011110100111100000101100001001011000000000000000000000000000000000010
1011101010100111011010101111011011000000000000000000000000000000000010
1011100000101001001011001111101111100000000000000000000000000000000010
1011101110001011110100110001101010000000000000000000000000000000000010
1011110000110010101111000001010100000000000000000000000000000000000010
1010001001111110111000000110100001100000000000000000000000000000000010
1010100000010110010111110111011110000000000000000000000000000000000010
1011011110000000001011111001011011100000000000000000000000000000000010
1011010010100000010111010001101001000000000000000000000000000000000010
1011011001100111110000110011011111000000000000000000000000000000000010
1010111010111100110010100010111110000000000000000000000000000000000010
1011001010111001000100001110110010000000000000000000000000000000000010
1010001011101111110000111001101011100000000000000000000000000000000010
1011111000000000010011100110111011100000000000000000000000000000000010
1011000010000001010110110000110111000000000000000000000000000000000010
1011101000111001101011011111110000100000000000000000000000000000000010
1010011001101001100010101110101110000000000000000000000000000000000010
1011001101111001010001110111111000100000000000000000000000000000000010
1011110001010001011110111101111100100000000000000000000000000000000010
1011100001101101000111001000011100000000000000000000000000000000000010
1010011100000101100010111100000110000000000000000000000000000000000010
1011000000110001011111011011000001100000000000000000000000000000000010
1010010011100011000101010110101011000000000000000000000000000000000010
1011010001001110100110110111001101100000000000000000000000000000000010
1011011110011011100011011100010011100000000000000000000000000000000010
1011110011110100000110010100010110000000000000000000000000000000000010
1010110010111110000111000101010000000000000000000000000000000000000010
1011100000011011100110100111100011100000000000000000000000000000000010
1011001101110011010011010101001110100000000000000000000000000000000010
1011100101110101110100111100100110000000000000000000000000000000000010
1011000111111100011111010101011000100000000000000000000000000000000010
1010101100101010010010011101101111100000000000000000000000000000000010
1011100000110110000010100101110010000000000000000000000000000000000010
1011100011110010101000111000000001100000000000000000000000000000000010
1010000000100100110011001000011100000000000000000000000000000000000010
1011100001111100001111001110001011000000000000000000000000000000000010
1010111001100110111001111000110111100000000000000000000000000000000010
1011000001100111011010000111101101000000000000000000000000000000000010
1011100010001100110010001101101010100000000000000000000000000000000010
1010011101011101111011101110010111000000000000000000000000000000000010
1010110111110110100111010101001100100000000000000000000000000000000010
1011100000000101110010101000110100000000000000000000000000000000000010
1011101100110100010010010110100110000000000000000000000000000000000010
1011100000110100011100100101111011100000000000000000000000000000000010
1011011000101010011100001010011110100000000000000000000000000000000010
1010101000010101110110101010100011100000000000000000000000000000000010
1010111100101000110000000110001101000000000000000000000000000000000010
1011000001001110010010101101111010100000000000000000000000000000000010
1011101100000100010110111110000110100000000000000000000000000000000010
1010011011111101110101100010100110100000000000000000000000000000000010
1010101011001011100010101000110000100000000000000000000000000000000010
1010101100101101101100111101100011100000000000000000000000000000000010
1010100010010100111111100010101100000000000000000000000000000000000010
1011100101110101111101100010111110100000000000000000000000000000000010
1011101101101111001101101110101101100000000000000000000000000000000010
1011111111110101111011111110111000000000000000000000000000000000000010
1011110111000000111110101011101000000000000000000000000000000000000010
1010010100010001111000111010001100100000000000000000000000000000000010
1011000011100101100100010001010110000000000000000000000000000000000010
1010101101000111010110100000111011100000000000000000000000000000000010
1010101011110000101100111100111011000000000000000000000000000000000010
1010000100100101110101110100111101100000000000000000000000000000000010
1010001101111101001000011100011001100000000000000000000000000000000010
1011001101100100011110100010011100000000000000000000000000000000000010
1010000101110010000100001100011011000000000000000000000000000000000010
1011001101010001011010010110100110000000000000000000000000000000000010
1011101001100001110011011100011000000000000000000000000000000000000010
1010110101000100000000011100111010000000000000000000000000000000000010
1011110110001100101110010011001101000000000000000000000000000000000010
1011000011100100100011100111000001000000000000000000000000000000000010
1010100010111101011001011001011000100000000000000000000000000000000010
1011100001001000101101100001001011100000000000000000000000000000000010
1010011000010001001011100001001100100000000000000000000000000000000010
1010010000110000010011011111010010100000000000000000000000000000000010
1010101000000001100110111110111000100000000000000000000000000000000010
1010010000100110011000110000101101000000000000000000000000000000000010
1011011011111110111101010001111110000000000000000000000000000000000010
1011010010010110111000111010010000000000000000000000000000000000000010
1010011111101101110001011110001101100000000000000000000000000000000010
1010011010011100100110110010000101100000000000000000000000000000000010
1011011011010101101001010011011101100000000000000000000000000000000010
1011110011110110001000111110010000100000000000000000000000000000000010
1010111101011011000111111100001001000000000000000000000000000000000010
1010010110111100010001010001001101000000000000000000000000000000000010
1011000100101011001001000111010111000000000000000000000000000000000010
1010111110011001101001100100000110100000000000000000000000000000000010
1010001011010011010011000111101001100000000000000000000000000000000010
1011001110111111101101000101011110000000000000000000000000000000000010
1010001101111101100100101101110011000000000000000000000000000000000010
1011010110110000000001101111011101000000000000000000000000000000000010
1010010011110110101010101011111101100000000000000000000000000000000010
1011110001001000010000111111000101100000000000000000000000000000000010
1011000011110011001001100001001100100000000000000000000000000000000010
1011101111011000100111111101000001100000000000000000000000000000000010
1010101100011001111001101101100100000000000000000000000000000000000010
1011101010101000011111110111101010100000000000000000000000000000000010
1011000000010001110100111001010100000000000000000000000000000000000010
1010111101011101011111001011000100100000000000000000000000000000000010
1010001000101111111100001001101001000000000000000000000000000000000010
1010001011011001111101111110011010100000000000000000000000000000000010
1010101011111101110111110001010100000000000000000000000000000000000010
1011100100101111011100000011111101100000000000000000000000000000000010
1011000010101101100010111101110111000000000000000000000000000000000010
1010101001110101100100101010111000000000000000000000000000000000000010
1010101001101111011010011111111111100000000000000000000000000000000010
1011000010111110111000001001000001100000000000000000000000000000000010
1011001100011010011100110101111100000000000000000000000000000000000010
1010000011101011000001001011000010100000000000000000000000000000000010
1010000000011111011111011010110011000000000000000000000000000000000010
1011111100100101110000000011001100000000000000000000000000000000000010
1010000111011100000010110100010111000000000000000000000000000000000010
1011001011101001010011111110001011100000000000000000000000000000000010
1011111011000110000010001011001000000000000000000000000000000000000010
1010011110000110010010011000011010100000000000000000000000000000000010
1011110001111100000011101111110000100000000000000000000000000000000010
1011101000010011000111111101100000100000000000000000000000000000000010
1010001000100110100100000111111011100000000000000000000000000000000010
1010001011000101110010010100011110000000000000000000000000000000000010
1010011000111001010110010010000000000000000000000000000000000000000010
1010010110101011000011010011011101100000000000000000000000000000000010
1011101000110111101001101000110000000000000000000000000000000000000010
1010001101011100111000011010001010100000000000000000000000000000000010
1010000111101111110100010100000011000000000000000000000000000000000010
1010111000101100111010001001010011000000000000000000000000000000000010
1010011001100110010101001101011000100000000000000000000000000000000010
1010110101001100000110111011000100000000000000000000000000000000000010
1011011010111011100001111100111000000000000000000000000000000000000010
1010101010101010110011100000100001100000000000000000000000000000000010
1011001100101010100011100101100100000000000000000000000000000000000010
1011010000110101011110110010011100000000000000000000000000000000000010
1010111010110110001100011101001110100000000000000000000000000000000010
1011111101101100000010010000001100100000000000000000000000000000000010
1010101110000001101110111111111100100000000000000000000000000000000010
1011010000100000010001110101001101100000000000000000000000000000000010
1010011001111011000100111100011001000000000000000000000000000000000010
1010101010111000111111110000110001000000000000000000000000000000000010
1010101100011111010000011100001001000000000000000000000000000000000010
1010111011111010011000010101100011100000000000000000000000000000000010
1010010101001111100101101010100001100000000000000000000000000000000010
1011010100011111101000100010110010000000000000000000000000000000000010
1010000101101111001101111010101100100000000000000000000000000000000010
1010010110111101000100001111001100000000000000000000000000000000000010
1010011000011110101000110010101010100000000000000000000000000000000010
1010011110000101111111000110010001000000000000000000000000000000000010
1011000110110110111100011110111100100000000000000000000000000000000010
1010010111110100000101100011001001000000000000000000000000000000000010
1011001000101000001111111111001100000000000000000000000000000000000010
1010001001011110010111001110100100100000000000000000000000000000000010
1010001011101000100011010110010101100000000000000000000000000000000010
1010110110100010111100000110101111000000000000000000000000000000000010
1011011000100011011111110001100100000000000000000000000000000000000010
1011011010011101001110011000111001000000000000000000000000000000000010
1011001000100001010010100101101011000000000000000000000000000000000010
1011010011000011111011101010000011100000000000000000000000000000000010
1010001101110110010100011101110000100000000000000000000000000000000010
1011111100011101000111001010100001100000000000000000000000000000000010
1010110110000100101000100100101010000000000000000000000000000000000010
1011111110011101010110110110100001000000000000000000000000000000000010
1011010110011101011000111101011010100000000000000000000000000000000010
1011111011010111011011001101110111100000000000000000000000000000000010
1011010100000010010100011100000000000000000000000000000000000000000010
1010100110110101001101100011111110000000000000000000000000000000000010
1011110111001101001000010001000001000000000000000000000000000000000010
1010111000001100010010101110010110000000000000000000000000000000000010
1010100110100010101100111101000010100000000000000000000000000000000010
1010010100011101001011100001011100100000000000000000000000000000000010
1011010010111101001101011001010010100000000000000000000000000000000010
1011110111111110001010001110101110000000000000000000000000000000000010
1010101001111100100100000000001010000000000000000000000000000000000010
1011001100110010001100011100101100000000000000000000000000000000000010
1010001110010001101000111111100011100000000000000000000000000000000010
1011001001101111110010110010011101100000000000000000000000000000000010
1010110111110100000101111010101110100000000000000000000000000000000010
1011001000110110000000111100000101000000000000000000000000000000000010
1010001101001011101100011010001001100000000000000000000000000000000010
1010010010000111100010110110010000000000000000000000000000000000000010
1011111111110111000000101000001100000000000000000000000000000000000010
1011001011101010101011010010100101100000000000000000000000000000000010
1010001011010011000100010010110100100000000000000000000000000000000010
1010010010010000111000100101011110100000000000000000000000000000000010
1011001011010001010000111001111001100000000000000000000000000000000010
1011100110111101000011111010010011000000000000000000000000000000000010
1010011101100010111001010100100100100000000000000000000000000000000010
1011101101101010100000110000101010100000000000000000000000000000000010
1011111010101101110100011001111101000000000000000000000000000000000010
1010001011111110000101101110000001000000000000000000000000000000000010
1011011010010000110001011001110100100000000000000000000000000000000010
1010001000110001101110101000101100000000000000000000000000000000000010
1010011101010111101110001100110110100000000000000000000000000000000010
1011101111010110001011010000100001000000000000000000000000000000000010
1011000100011110111011010001101010100000000000000000000000000000000010
1010000111101111100100001101101100000000000000000000000000000000000010
1010010101111011000010111000011010100000000000000000000000000000000010
1011110110101000101000001111000001000000000000000000000000000000000010
1010100000100111110110110010011011100000000000000000000000000000000010
1011111111101001010000011011001001100000000000000000000000000000000010
1011011011101001111010100100010101000000000000000000000000000000000010
1010110001001011011000110101110110100000000000000000000000000000000010
1010001100000111110001110001111101000000000000000000000000000000000010
1010111000000111010001010011000011000000000000000000000000000000000010
1011100100101110100101101001001101000000000000000000000000000000000010
1010000110010000101111011000101111100000000000000000000000000000000010
1011101111101001101101111001000100000000000000000000000000000000000010
1011001100011100110111010011111101100000000000000000000000000000000010
1011010001100010010000100010100100100000000000000000000000000000000010
1010100110010000001110110100001001000000000000000000000000000000000010
1011110111110001000100110011110000000000000000000000000000000000000010
1010000111000010100111001101100101100000000000000000000000000000000010
1011001001001111110101110010101110100000000000000000000000000000000010
1011010000111011001010011011110110100000000000000000000000000000000010
1011001111100010011000110010001000100000000000000000000000000000000010
1010000100110111001011010000101111000000000000000000000000000000000010
1011011010101001111101000011000001000000000000000000000000000000000010
1010100101110110000111000011100101000000000000000000000000000000000010
1010011100101111011111111110010001100000000000000000000000000000000010
1010000011011110001011000101010111000000000000000000000000000000000010
1011110110001111011001001100110110000000000000000000000000000000000010
1011001110010001001000101110011100100000000000000000000000000000000010
1010011100110101011001110001010110000000000000000000000000000000000010
1011011001001111001010101110001011000000000000000000000000000000000010
1011111110010101011101000100100101000000000000000000000000000000000010
1011001010010101101000100101111001100000000000000000000000000000000010
1011111110011111111110110101000110000000000000000000000000000000000010
1010010001010000010000100011000010100000000000000000000000000000000010
1010000110111110100010100010110101100000000000000000000000000000000010
1011010101100100010001111101100011100000000000000000000000000000000010
1010101000101010101000111001101101000000000000000000000000000000000010
1011000100101111001100000100101010000000000000000000000000000000000010
1010001101010011101110001000110010000000000000000000000000000000000010
1010111101111111110110100010011000000000000000000000000000000000000010
1011100110111000100011100100000010000000000000000000000000000000000010
1010001011110010010001001110001111100000000000000000000000000000000010
1011001001110101110000001110100000000000000000000000000000000000000010
1011100101101010111011011000001011100000000000000000000000000000000010
1011100111001000000000110011010011100000000000000000000000000000000010
1010111010010011110011101010001101100000000000000000000000000000000010
1010111110101010100001011101011100000000000000000000000000000000000010
1011110111110001011101111011001111000000000000000000000000000000000010
1011100101010001001000001001100111100000000000000000000000000000000010
1011101000000111100110110000000100100000000000000000000000000000000010
1010000111011000101000101100010110100000000000000000000000000000000010
1010000110101101110001011001001111100000000000000000000000000000000010
1010100100010000110001110101100111000000000000000000000000000000000010
1010101010100001000001111110111010100000000000000000000000000000000010
1011010111010000101010100110001100100000000000000000000000000000000010
1011101011000010011100101000111100100000000000000000000000000000000010
1010011110010111000000101001101100100000000000000000000000000000000010
1010100010110100001011111100000001000000000000000000000000000000000010
1011100011100101110101100100101111100000000000000000000000000000000010
1011111111110000000000011011101110100000000000000000000000000000000010
1011110010100111011000101001000000100000000000000000000000000000000010
1011000111001000101001000110000010100000000000000000000000000000000010
1011110001001110001100000100010110100000000000000000000000000000000010
1010011101111000011101001000011111000000000000000000000000000000000010
1010010001000110000100001100011010000000000000000000000000000000000010
1011111000000011111111011011100011000000000000000000000000000000000010
1010101100010110101010001101100101000000000000000000000000000000000010
1010001010100100010110110100011111100000000000000000000000000000000010
1010001011001101011001111001111100000000000000000000000000000000000010
1011000111000100001111110110110001000000000000000000000000000000000010
1010010111100111110101100000111111100000000000000000000000000000000010
1010110010101001011111101100111001100000000000000000000000000000000010
1011111111001011110101001011000100100000000000000000000000000000000010
1010111101000100100111011000000000000000000000000000000000000000000010
1010100101110111100010010111001010000000000000000000000000000000000010
1011001100111000011111101110011000100000000000000000000000000000000010
1011001010011110110101110100101011100000000000000000000000000000000010
1010100101011010001011010011011101000000000000000000000000000000000010
1011001100110110010011011101010000000000000000000000000000000000000010
1010000101000101100001101011011100000000000000000000000000000000000010
1011001010110111000000110001110111000000000000000000000000000000000010
1011001100010101010111101110110101100000000000000000000000000000000010
1010011010110010010000000010110010000000000000000000000000000000000010
1011111100010100011011111100111100000000000000000000000000000000000010
1011101111011011010101010011110000000000000000000000000000000000000010
1010011001100101010111110111110011000000000000000000000000000000000010
1010010001110011010001001110110001100000000000000000000000000000000010
1010001010001100011010110011011100000000000000000000000000000000000010
1011101111110010010101001011101000100000000000000000000000000000000010
1010001001111110100101110100111011000000000000000000000000000000000010
1011000001010001101010001100000000100000000000000000000000000000000010
1011001101000001010010100111001010000000000000000000000000000000000010
1011000010101000001101011000100010000000000000000000000000000000000010
1011101110000100100010011011011100000000000000000000000000000000000010
1010010001110010111011100010110001000000000000000000000000000000000010
1011110110011010110111000111111110000000000000000000000000000000000010
1011101000010000011001101110100111000000000000000000000000000000000010
1011110101111010111011000110111010100000000000000000000000000000000010
1010111000100111110010110101000000100000000000000000000000000000000010
1010110010100011111111110010010010000000000000000000000000000000000010
1011100000110011001001011011110001100000000000000000000000000000000010
1011100100010000111011000000111010000000000000000000000000000000000010
1010110111010011110100101101001111100000000000000000000000000000000010
1010100011111000010011100100110100100000000000000000000000000000000010
1011100011110101111001001010011111100000000000000000000000000000000010
1010100101010110100010001101010100000000000000000000000000000000000010
1010110011011010100000111001010010100000000000000000000000000000000010
1011101111101111101101110111101101100000000000000000000000000000000010
1011111011100001101011001000101011000000000000000000000000000000000010
1010001101010101000101100011111000000000000000000000000000000000000010
1011101001101111100110111101101011000000000000000000000000000000000010
1010111100001001110110010100010000000000000000000000000000000000000010
1011110001010101111001011001111111100000000000000000000000000000000010
1011000001111100110101001111111011000000000000000000000000000000000010
1011111110011011010101100101110000000000000000000000000000000000000010
1010001111110100100101110001110001000000000000000000000000000000000010
1011110001010111000100000011100000100000000000000000000000000000000010
1011101000101010111110001101111111100000000000000000000000000000000010
1010010100000000100000101001111110000000000000000000000000000000000010
1011010101111101011001001111001011100000000000000000000000000000000010
1011111100100110100110011101001000000000000000000000000000000000000010
1011011101101110010101110011100110100000000000000000000000000000000010
1010010001011011101011111110000001100000000000000000000000000000000010
1011010101111101011001001111001011100000000000000000000000000000000010
1011111111110010000001001101000000100000000000000000000000000000000010
1011001100111100011010010101000111100000000000000000000000000000000010
1011011000101000110100111011001001100000000000000000000000000000000010
1010110010100011100100110011101011000000000000000000000000000000000010
1011111011101010000101010110101101100000000000000000000000000000000010
1011001101001101001011010001110110100000000000000000000000000000000010
1011010000010000010111100011000000000000000000000000000000000000000010
1010111001101011110010100010111010000000000000000000000000000000000010
1011110110110001010000011010111111100000000000000000000000000000000010
1011101001111110111001111001001010100000000000000000000000000000000010
1010000111101001001011011100100111100000000000000000000000000000000010
1011001000010000110001101010000101000000000000000000000000000000000010
1011110100000000001010001101010101000000000000000000000000000000000010
1011101100010010101000111000000111100000000000000000000000000000000010
1011100100101000111001111000101110000000000000000000000000000000000010
1010001010110110100010100011001101000000000000000000000000000000000010
1010011011011010111111001011010101000000000000000000000000000000000010
1011101001010110111010101101101100100000000000000000000000000000000010
1010010101101100111011100101000101100000000000000000000000000000000010
1011111010111111111111100011111111100000000000000000000000000000000010
1011001010111000011100001000000111000000000000000000000000000000000010
1010110001100011011010011101100111000000000000000000000000000000000010
1010110110000110001110100110000001000000000000000000000000000000000010
1011101111001011011101000010010011100000000000000000000000000000000010
1010001000000101101110000000011101000000000000000000000000000000000010
1010111100110111110010100010110100100000000000000000000000000000000010
1010111111001110000101100111110100000000000000000000000000000000000010
1011000000000000101101011100100100100000000000000000000000000000000010
1011001000001000111001001101101110000000000000000000000000000000000010
1011110111111011001110000110011101100000000000000000000000000000000010
1011101010011111100011000001110000000000000000000000000000000000000010
1011010111011000101101010010110010000000000000000000000000000000000010
1010000100011001111000101010001111100000000000000000000000000000000010
1011111110111100001001000110000001000000000000000000000000000000000010
1010010100010001101110001011100100100000000000000000000000000000000010
1011100000100110011001010010101011100000000000000000000000000000000010
1010110100001011000101010000001110000000000000000000000000000000000010
1011101000000010011010010011001110100000000000000000000000000000000010
1011100000010111111110001011100000100000000000000000000000000000000010
1011010101110111001001111001101110000000000000000000000000000000000010
1011110101110111100111111101010011100000000000000000000000000000000010
1010000010000100011010000000111000000000000000000000000000000000000010
1011111001010010010101000010010111100000000000000000000000000000000010
1011100101010001001011010011100101100000000000000000000000000000000010
1010111111001001010101110111011011100000000000000000000000000000000010
1011100111100010010000110101111110000000000000000000000000000000000010
1010100110001010111111010000100010100000000000000000000000000000000010
1010111101100010100000110110100100000000000000000000000000000000000010
1011011011011010010001011111011010100000000000000000000000000000000010
1010001010000111011101101111111001000000000000000000000000000000000010
1011011011010110110110010101000110000000000000000000000000000000000010
1010000110111000000101100101011011100000000000000000000000000000000010
1011101000000000110000001111111010100000000000000000000000000000000010
1010010001010011010011101000001111000000000000000000000000000000000010
1011011001010110100101100001000110100000000000000000000000000000000010
1011010111100010111001100001001000100000000000000000000000000000000010
1010000111000001010011101010100000000000000000000000000000000000000010
1010101111010001110010111100100111000000000000000000000000000000000010
1011001100111001111100000111010110100000000000000000000000000000000010
1011001101110011001100100000101011100000000000000000000000000000000010
1011010100010000110010001100100001000000000000000000000000000000000010
1011011000000011001011111101100101000000000000000000000000000000000010
1011001100011001111101101000101100100000000000000000000000000000000010
1010010111110101000010111111110110000000000000000000000000000000000010
1010101100011100110100001101101101100000000000000000000000000000000010
1010110010000000101011101101001100000000000000000000000000000000000010
1011101001000010111101101100001100100000000000000000000000000000000010
1010000010111111100010011001110111000000000000000000000000000000000010
1010010001110101011010101000001100000000000000000000000000000000000010
1010111111000110011110101011011100100000000000000000000000000000000010
1011111100110111100110011001000010100000000000000000000000000000000010
1010000010011100110000010011011011000000000000000000000000000000000010
1011010011100110111110111000011000100000000000000000000000000000000010
1010000111110000101101100110101111000000000000000000000000000000000010
1010100011100010110100010100111111000000000000000000000000000000000010
1010001010001110001011001001001111000000000000000000000000000000000010
1010110000101101111011111111111000000000000000000000000000000000000010
1010111100001000000010000110101001100000000000000000000000000000000010
1011100111011110001011010111100101100000000000000000000000000000000010
1010111010000100010000001101101110100000000000000000000000000000000010
1010001000110011101010101010111100000000000000000000000000000000000010
1011110011111001101100001001110000000000000000000000000000000000000010
1010101101100011000111110111000011100000000000000000000000000000000010
1010111100110000111000000011101000100000000000000000000000000000000010
1010101100011011001011000111111100000000000000000000000000000000000010
1011010011011001110010110011011100100000000000000000000000000000000010
1010001011100100110001011001100001100000000000000000000000000000000010
1011100001010001100000110001001010100000000000000000000000000000000010
1010001011011001111100110111110001100000000000000000000000000000000010
1010100011111111010000101010111011000000000000000000000000000000000010
1010110011110010010111000000101001000000000000000000000000000000000010
1011001011101100010100101000110001100000000000000000000000000000000010
1011001100001010111010011100011001000000000000000000000000000000000010
1010001010110100100000011100101110000000000000000000000000000000000010
1010000101010011001001011100101100100000000000000000000000000000000010
1011110010110101001011111000011001100000000000000000000000000000000010
1010100101100111001111110100010100100000000000000000000000000000000010
1010000000010101111110100011100101000000000000000000000000000000000010
1010111111001001010111110000011011100000000000000000000000000000000010
1011000011101100101110010110011010000000000000000000000000000000000010
1010010011110111000100101111110110100000000000000000000000000000000010
1011010001100001000100001011101000100000000000000000000000000000000010
1010101100101101010001100001111000100000000000000000000000000000000010
1010010001111101110110111101011111100000000000000000000000000000000010
1010011010101001100100010110111110000000000000000000000000000000000010
1010001000101001000010000111100100100000000000000000000000000000000010
1010101100001100001101010000011110100000000000000000000000000000000010
1010010111100000001001001001010101000000000000000000000000000000000010
1010010110111111011100110010100010000000000000000000000000000000000010
1011010101110110001110010111000101000000000000000000000000000000000010
1011101011100101111010010101010000100000000000000000000000000000000010
1011000011111101010100111101100111100000000000000000000000000000000010
1011000000011101000000000101001011100000000000000000000000000000000010
1010010011000110111001011110110000100000000000000000000000000000000010
1011111111110011110110110101101100100000000000000000000000000000000010
1010101011101101001010111011111101100000000000000000000000000000000010
1011101101100001100010001000101110100000000000000000000000000000000010
1011001111111011010101000000100110000000000000000000000000000000000010
1010010010100000111011011010100101000000000000000000000000000000000010
1010001011101011001000000101000101100000000000000000000000000000000010
1010001101011100011111101011010111100000000000000000000000000000000010
1011011111101010110111110000010100100000000000000000000000000000000010
1011111011111101000000010001111100100000000000000000000000000000000010
1010000011101101110001101011010101100000000000000000000000000000000010
1010010111011010011101110000000100000000000000000000000000000000000010
1011011001000001100011100100101111000000000000000000000000000000000010
1010010100000000010101110100010011000000000000000000000000000000000010
1011100001110100110001011110010100100000000000000000000000000000000010
1010111001000110011101010101010000100000000000000000000000000000000010
1011010001111100010000101000011000000000000000000000000000000000000010
1011100000001101110011110011010111100000000000000000000000000000000010
1011100111110010100100100000001011000000000000000000000000000000000010
1010111010111000101011001111010111000000000000000000000000000000000010
1011110100101101101100001111001011100000000000000000000000000000000010
1011101110111101101100010011000011000000000000000000000000000000000010
1010010110101101101111011011101111000000000000000000000000000000000010
1010111011110000111110100101000001000000000000000000000000000000000010
1011110111001101000111001111101100000000000000000000000000000000000010
1011010000001100010100100010111110100000000000000000000000000000000010
1010111010011010100111011110011101000000000000000000000000000000000010
1010110001101001111001101110001001000000000000000000000000000000000010
1011110010010101110110000111110001100000000000000000000000000000000010
1011011001110100101010000000100101000000000000000000000000000000000010
1010111001111011100110011100111101000000000000000000000000000000000010
1011001100001001100000000101001101000000000000000000000000000000000010
1011010010011100101100001011110011000000000000000000000000000000000010
1010100011010111010100001010101110000000000000000000000000000000000010
1010110101010010001011110000100110000000000000000000000000000000000010
1011001000111011110000101100111111100000000000000000000000000000000010
1010011110001000000110100110111111100000000000000000000000000000000010
1011001011010101010001000010001110100000000000000000000000000000000010
1011101100001100001101111000000111000000000000000000000000000000000010
1010111011110000010101001010111110000000000000000000000000000000000010
1010010011001101111001110101101110100000000000000000000000000000000010
1011010111001110110001110100111011000000000000000000000000000000000010
1011001100101011001010010000101001000000000000000000000000000000000010
1010100010110100010110110001000011100000000000000000000000000000000010
1011001000000010010111101011101101000000000000000000000000000000000010
1011100101101010110000001010110110000000000000000000000000000000000010
1010001111101101001011110000100000000000000000000000000000000000000010
1011000000110101111100001011110010100000000000000000000000000000000010
1010111000110010101110001010101101000000000000000000000000000000000010
1010011011100101101010100011010000100000000000000000000000000000000010
1011111100100000101011110111001011000000000000000000000000000000000010
1010000101010100101010100110011111100000000000000000000000000000000010
1011000100101100110111101011110011000000000000000000000000000000000010
1010011100111000010001101111110101100000000000000000000000000000000010
1010101101111011111100011101110010100000000000000000000000000000000010
1011110101110110111101110101011101000000000000000000000000000000000010
1011000011101111000101000110110000100000000000000000000000000000000010
1011101011110111000011001011000001000000000000000000000000000000000010
1011010001101111111010100001000010100000000000000000000000000000000010
1010010101111001011000101011100110000000000000000000000000000000000010
1011111101101110000110110001110100100000000000000000000000000000000010
1011011000000111111011010011100000100000000000000000000000000000000010
1010001011101011110100001111010011000000000000000000000000000000000010
1010110001000100000000011000111101000000000000000000000000000000000010
1011111000000100111111100011111011100000000000000000000000000000000010
1011010110111101111011001111000001100000000000000000000000000000000010
1011010000111010100011111111000011100000000000000000000000000000000010
1010111111000111111100001011010110000000000000000000000000000000000010
1010010110100000100000100101101010100000000000000000000000000000000010
1011100000010101101000100011000011100000000000000000000000000000000010
1010101001110110101010110111010110100000000000000000000000000000000010
1011111100000001100100011011101010000000000000000000000000000000000010
1011111010001010010101011100011001100000000000000000000000000000000010
1011111000110011010110110111011101000000000000000000000000000000000010
1010011110000111101010010100100000000000000000000000000000000000000010
1011101001010001100000110010000010100000000000000000000000000000000010
1010111011101000100011011100010111000000000000000000000000000000000010
1010111101000111011000101011001110000000000000000000000000000000000010
1011011011000001101001110110100100000000000000000000000000000000000010
1010110101111011101101100111011000100000000000000000000000000000000010
1010101000001001100111110010111111100000000000000000000000000000000010
1011011101100101011101011100001001100000000000000000000000000000000010
1010000011100111111101010100011101100000000000000000000000000000000010
1011111110011100100110101000111110000000000000000000000000000000000010
1011101100001101111010111110100100000000000000000000000000000000000010
1011000101100000100000011000110111100000000000000000000000000000000010
1011111001100001100101011010000111000000000000000000000000000000000010
1011100011100011100110011001101101100000000000000000000000000000000010
1010000000011101101100010100000001000000000000000000000000000000000010
1011000000100101101111011110111010100000000000000000000000000000000010
1010101110000001001011110000111000000000000000000000000000000000000010
1011101001001101010101100111100100000000000000000000000000000000000010
1010011101011001111001111001000101000000000000000000000000000000000010
1010011001011101011001011101100101100000000000000000000000000000000010
1011010110010011010000100001011011000000000000000000000000000000000010
1011011000010101010010010001100011000000000000000000000000000000000010
1010010100111111011100011011101110000000000000000000000000000000000010
1010011101101001101101010100010011100000000000000000000000000000000010
1010100010000101001110100011010011100000000000000000000000000000000010
1011001111001000001111000010000110100000000000000000000000000000000010
1011100100111001110100011000100110000000000000000000000000000000000010
1011001011101000101001110101100100100000000000000000000000000000000010
1011100000010100111001110101001000100000000000000000000000000000000010
1011011011010001011000010000100011000000000000000000000000000000000010
1011101100110101110001110000011110000000000000000000000000000000000010
1010111011111111111001111110000000000000000000000000000000000000000010
1010110011010110001101100111100101100000000000000000000000000000000010
1011001000011111010111100000011010000000000000000000000000000000000010
1011001101010111010011000111110000000000000000000000000000000000000010
1010110101100110011100011101101100100000000000000000000000000000000010
1011000110110110100000111100101111000000000000000000000000000000000010
1011100100101010001000000010010110100000000000000000000000000000000010
1010000110111110110010111110001000000000000000000000000000000000000010
1010111001110011011100010010001100000000000000000000000000000000000010
1011001110010100100001010010111111000000000000000000000000000000000010
1011000101111010011011010111010010100000000000000000000000000000000010
1011100001001111111010111100100001100000000000000000000000000000000010
1010110000111001001011111100000000100000000000000000000000000000000010
1010010111001000000000110010110010000000000000000000000000000000000010
1011010111000111011101011100010001000000000000000000000000000000000010
1010101100000110111101001110101110100000000000000000000000000000000010
1011101111011110000010101001010000000000000000000000000000000000000010
1010101010101100000011100100111001000000000000000000000000000000000010
1011000000100111011011111011010001000000000000000000000000000000000010
1010100011000000111111101001111110000000000000000000000000000000000010
1010100110011110111010101101100000000000000000000000000000000000000010
1010011000100100111110111100101101000000000000000000000000000000000010
1010110010110110010001010000100011000000000000000000000000000000000010
1010101011001000010100010111111100100000000000000000000000000000000010
1011100110111101001011001101000010000000000000000000000000000000000010
1010011011110111011111111100110001100000000000000000000000000000000010
1010101100010111011111100100001111100000000000000000000000000000000010
1010011000111101110101010101100001100000000000000000000000000000000010
1010101101101000110111000111101111100000000000000000000000000000000010
1011110110101111010101010110000100000000000000000000000000000000000010
1011000001110101110001111111101010100000000000000000000000000000000010
1011000000100110000100011111101100000000000000000000000000000000000010
1011110011011100011101010011110011100000000000000000000000000000000010
1010001011000000000010010000000100000000000000000000000000000000000010
1011101001011101111001110111000110100000000000000000000000000000000010
1010000101101101010111100101100110000000000000000000000000000000000010
1010111010110010001000100111001111100000000000000000000000000000000010
1011001000000111001011011000010010000000000000000000000000000000000010
1010011101101001101001011110111010100000000000000000000000000000000010
1010111010111110101100010011101110000000000000000000000000000000000010
1010111011001010001101000101000000100000000000000000000000000000000010
1010001111001001011110100010100010100000000000000000000000000000000010
1010111011001011000011110111101011000000000000000000000000000000000010
1010011101110110100001000101010010000000000000000000000000000000000010
1011011011100010000001101101000010100000000000000000000000000000000010
1010001110100111101010000000000111000000000000000000000000000000000010
1010110001101010010101010110111010000000000000000000000000000000000010
1011001110011111100001111000110000100000000000000000000000000000000010
1011011111101000110101110101000111100000000000000000000000000000000010
1010101010100110001010000110111011000000000000000000000000000000000010
1010100011100010110001000011100100100000000000000000000000000000000010
1011110110001011101001000100101011100000000000000000000000000000000010
1011110000011001101011110110001000100000000000000000000000000000000010
1010000111111100000000010010110010000000000000000000000000000000000010
1010101110110010110101011000100010000000000000000000000000000000000010
1010011010010111111001011101000101000000000000000000000000000000000010
1010100100010111000100111111111111100000000000000000000000000000000010
1010010000000110010010111000111101000000000000000000000000000000000010
1010100111001011100111101100111111000000000000000000000000000000000010
1011100101111101011100111001100001100000000000000000000000000000000010
1010110101001110001010110011111010000000000000000000000000000000000010
1011000101011100011100110101011011100000000000000000000000000000000010
1010001111110001100000011100011101100000000000000000000000000000000010
1011110001101111011110111110100001100000000000000000000000000000000010
1010100111100110011110110011101010100000000000000000000000000000000010
1010110100001100001101010111001110000000000000000000000000000000000010
1010101001010001011001001111110100100000000000000000000000000000000010
1010011111111100000110101100101000100000000000000000000000000000000010
1010011110110000010100101111011000100000000000000000000000000000000010
1010000101111001001000100101001111100000000000000000000000000000000010
1011011000001000100000100010010101000000000000000000000000000000000010
1010111011011100011110110100101010000000000000000000000000000000000010
1011001110010101010111110110011101100000000000000000000000000000000010
1010010100010010110000001100011110100000000000000000000000000000000010
1011100000000101011100010011110111000000000000000000000000000000000010
1011011000011011100100000110000010100000000000000000000000000000000010
1010110011110101010010100011110001100000000000000000000000000000000010
1010101100011001101001101111011001000000000000000000000000000000000010
1010000010001101101111111110010011000000000000000000000000000000000010
1010001100111110010101100101010011000000000000000000000000000000000010
1011011100100001010010010110000001100000000000000000000000000000000010
1011011110011101000010111101100010000000000000000000000000000000000010
1011111110011000001100001110110101100000000000000000000000000000000010
1010001101001100000110110101100011100000000000000000000000000000000010
1011111110001010110110000011111010100000000000000000000000000000000010
1010001010111100010011101011001000100000000000000000000000000000000010
1011010101011110110100000011001000100000000000000000000000000000000010
1010100010001001101101010001011000000000000000000000000000000000000010
1011110000110111101000100011110010000000000000000000000000000000000010
1011100000101110011011111001000000100000000000000000000000000000000010
1010101011001101111000001111001111000000000000000000000000000000000010
1010000010101000001001001011111010000000000000000000000000000000000010
1011010101010001001110011101111001000000000000000000000000000000000010
1010100001011111000100110101011010000000000000000000000000000000000010
1010011100101100001110111010001010100000000000000000000000000000000010
1011000100000000101100111011111101000000000000000000000000000000000010
1010010011100011011100110110010011100000000000000000000000000000000010
1010011110111101100101001010111101100000000000000000000000000000000010
1011111010000001110110110001010111000000000000000000000000000000000010
1011010010001010110001000110101110100000000000000000000000000000000010
1011111000011010111001110011101001000000000000000000000000000000000010
1010000000001100111100101010100011000000000000000000000000000000000010
1010011101111000110110101011110001000000000000000000000000000000000010
1011101110001101011010110100110100000000000000000000000000000000000010
1011001101111011110001000100001110100000000000000000000000000000000010
1010011011101111000001011101111000000000000000000000000000000000000010
1011111000000011000101100101100000000000000000000000000000000000000010
1010111110001100101011011100110001100000000000000000000000000000000010
1011011111001010101010101010001101000000000000000000000000000000000010
1010111011001010011110100000110010000000000000000000000000000000000010
1011000010001000111000101101110111000000000000000000000000000000000010
1011001100110111111111101001110100000000000000000000000000000000000010
1010110111110010101011001011110111000000000000000000000000000000000010
1011111010110111101001001011100101100000000000000000000000000000000010
1010011101110010010011000100101111000000000000000000000000000000000010
1010000011110110011001011101100101100000000000000000000000000000000010
1010011100010110101010001011011111100000000000000000000000000000000010
1010010101101111110010101000111010100000000000000000000000000000000010
1010111101101100011011111101100000100000000000000000000000000000000010
1010000111100001001101010011100101100000000000000000000000000000000010
1011110100001011101111000110000011100000000000000000000000000000000010
1011010011011000000010001011111000000000000000000000000000000000000010
1010001110101111010111110010101001100000000000000000000000000000000010
1010010100101101011011110011110010100000000000000000000000000000000010
1010100011100000111100010100101110100000000000000000000000000000000010
1011111111000001110001011111110001100000000000000000000000000000000010
1011001001001000110001000010111100100000000000000000000000000000000010
1010111011011101101011000011000111100000000000000000000000000000000010
1011000000110000110100000110100111100000000000000000000000000000000010
1010001001011011111101011101110101100000000000000000000000000000000010
1011010111010011111010111000001011100000000000000000000000000000000010
1011110101000011110000010000110011000000000000000000000000000000000010
1011100111010100000111110000011100000000000000000000000000000000000010
1010000011111110011010011101010100100000000000000000000000000000000010
1011011111001011001000001101000100000000000000000000000000000000000010
1011100100100111111100111101111100000000000000000000000000000000000010
1010001011000000010011011010001111000000000000000000000000000000000010
1011001101000011111010111000001001100000000000000000000000000000000010
1011000110101011100101001100011110100000000000000000000000000000000010
1011000110110011111111011011100001000000000000000000000000000000000010
1010000010101100000111111010110011000000000000000000000000000000000010
1011000000000111111100101010011010100000000000000000000000000000000010
1010001100111101000110100111011110100000000000000000000000000000000010
1010011110000100110010001111100000100000000000000000000000000000000010
1011010110101100110100010011111111100000000000000000000000000000000010
1011101001001011001000111111001110100000000000000000000000000000000010
1010001001011111010100100100000110000000000000000000000000000000000010
1011010011101011111110000110110000000000000000000000000000000000000010
1010110101111010111000000100010010000000000000000000000000000000000010
1011001110001011001100100010011001000000000000000000000000000000000010
1010011110011111110011110110101100000000000000000000000000000000000010
1011110110001100110101010101010000000000000000000000000000000000000010
1011100101111010101100101111001101000000000000000000000000000000000010
1011100110010010100001100011000111100000000000000000000000000000000010
1010101101011100101100111000010011100000000000000000000000000000000010
1011010100011011010101000110100001000000000000000000000000000000000010
1010001001000001100001000111001001000000000000000000000000000000000010
1011101010000001100110000110110010000000000000000000000000000000000010
1010110010110000010000000011000010100000000000000000000000000000000010
1011001010001011000100011111100000000000000000000000000000000000000010
1011001001000111000001011101111111000000000000000000000000000000000010
1010101010011011011110000101000010100000000000000000000000000000000010
1010110001001110101010001111000101100000000000000000000000000000000010
1011101000110101001100101100100000000000000000000000000000000000000010
1011000101110110011011011011000011100000000000000000000000000000000010
1011010100011001101001101101100011100000000000000000000000000000000010
1010101011011101001100001111101000100000000000000000000000000000000010
1010110111110100110001110111000001000000000000000000000000000000000010
1011000110100101011101000111011100100000000000000000000000000000000010
1010001110000100011000110110110010000000000000000000000000000000000010
1011011010000111110101110110011111100000000000000000000000000000000010
1011000110111111101000010110101011000000000000000000000000000000000010
1010101110001100001110101010011110100000000000000000000000000000000010
1010101001111111000101110111101000000000000000000000000000000000000010
1010111011000000100110100101110101100000000000000000000000000000000010
1010100001100111100100110000010100000000000000000000000000000000000010
1010101011001001011100110110001100000000000000000000000000000000000010
1011001101110001100100000001101001100000000000000000000000000000000010
1011100111000000111001011010100000100000000000000000000000000000000010
1011000110110000011101011000001100100000000000000000000000000000000010
1011101000101011011100111001110111000000000000000000000000000000000010
1010110001111110011010000010001001000000000000000000000000000000000010
1011110110101111011000101001001011000000000000000000000000000000000010
1010011111100100110000010000000100000000000000000000000000000000000010
1010001111111011100000110111000001100000000000000000000000000000000010
1010001101110110001001101110111111100000000000000000000000000000000010
1011101110101110111100101011101100000000000000000000000000000000000010
1010110111000000111100110100110010100000000000000000000000000000000010
1011011010111010100100110011000000000000000000000000000000000000000010
1011110011000010101000010011111011100000000000000000000000000000000010
1010010010101011000001100111001110000000000000000000000000000000000010
1011100000011001111110111110110110000000000000000000000000000000000010
1010000011111111011001011001010001000000000000000000000000000000000010
1011111011000011000010011100100101000000000000000000000000000000000010
1011010011100000000110110101111011000000000000000000000000000000000010
1010101000001111110101011010111110000000000000000000000000000000000010
1011010000011110001001110100101101100000000000000000000000000000000010
1011010101011110011000000011110100100000000000000000000000000000000010
1010001110100100010101101100000101000000000000000000000000000000000010
1010011000101010110111100011000111000000000000000000000000000000000010
1010011101011011111011100111100010100000000000000000000000000000000010
1010011100110111001010010101011011100000000000000000000000000000000010
1011010110000101110111000000001110100000000000000000000000000000000010
1011110110011011011000011101010110000000000000000000000000000000000010
1011110111001111001000011001111011000000000000000000000000000000000010
1011101100001001100101000011100011000000000000000000000000000000000010
1010100111110001100111010110000111000000000000000000000000000000000010
1011110110001100110101001101101100000000000000000000000000000000000010
