1010011101111011101111101111011111000000000000000000000000000000000010
1010010001011000111100000011010011000000000000000000000000000000000010
1011101001011110011001101101100000000000000000000000000000000000000010
1011001010100001100000011100000010000000000000000000000000000000000010
1011100001111111100110000101101011100000000000000000000000000000000010
1010100111010101111011101010011011100000000000000000000000000000000010
1011011101000011011111001010010011100000000000000000000000000000000010
1010000100001110001101101011100010000000000000000000000000000000000010
1010011000001111000000110110111101100000000000000000000000000000000010
1011111001001000110110111001011010100000000000000000000000000000000010
1010101001111100111111001101110010100000000000000000000000000000000010
1011100101000100011010010010100100100000000000000000000000000000000010
1011111101000011101000010111111010000000000000000000000000000000000010
1010010111000111011100011110111111100000000000000000000000000000000010
1011110101101101111100011010111000100000000000000000000000000000000010
1011100000110100110101010011011000100000000000000000000000000000000010
1010100111000101000101100111100111000000000000000000000000000000000010
1010100111001001110101001100001110100000000000000000000000000000000010
1010100001111011101101110011101111000000000000000000000000000000000010
1011100011010101000110110111011101000000000000000000000000000000000010
1010000110110100100111100010110110100000000000000000000000000000000010
1010000110000101011101010011111000100000000000000000000000000000000010
1011001011001000101100111010111001000000000000000000000000000000000010
1010110101000011110011100001111011100000000000000000000000000000000010
1010101000111000010101011101111111000000000000000000000000000000000010
1011101100011010111100101100101111000000000000000000000000000000000010
1011010110001000111101100001101101000000000000000000000000000000000010
1010111100011100100000110011001100000000000000000000000000000000000010
1010010110010011011001101000110110000000000000000000000000000000000010
1010000100101001101001111000000001100000000000000000000000000000000010
1011011111100101010010111110110000100000000000000000000000000000000010
1011010001011100101111001011110101100000000000000000000000000000000010
1010011100001000011110110001000111000000000000000000000000000000000010
1011100110000001010111100011110101000000000000000000000000000000000010
1011110100000001110001000100111000100000000000000000000000000000000010
1010010010011111111001010001111100000000000000000000000000000000000010
1010111110111011010000100010111000100000000000000000000000000000000010
1010000011000010000011100011000100100000000000000000000000000000000010
1010101110101110001000011011101000000000000000000000000000000000000010
1010111010101111010011101111011100000000000000000000000000000000000010
1011011010110100000100100100001000000000000000000000000000000000000010
1010011000011001111111010001011011100000000000000000000000000000000010
1010100100110100101001000001111011100000000000000000000000000000000010
1010000001011110111110100100011001000000000000000000000000000000000010
1011000100111001000100101100011011000000000000000000000000000000000010
1010110101001100101011110011010101000000000000000000000000000000000010
1011011011111001010001011111011101100000000000000000000000000000000010
1010011110110011001010101010001010000000000000000000000000000000000010
1010001100111101011101011100010011000000000000000000000000000000000010
1010000001010111010001101000101111100000000000000000000000000000000010
1011000001001101010100000001111110100000000000000000000000000000000010
1010000100111001111110100011111000100000000000000000000000000000000010
1011001101110001111001011100000110100000000000000000000000000000000010
1010111010111101111010100111110010100000000000000000000000000000000010
1010110001000100100001111101110001100000000000000000000000000000000010
1010101010111000100010100001101000100000000000000000000000000000000010
1011110010100010001101100000111001100000000000000000000000000000000010
1010001001100010011111111110101011000000000000000000000000000000000010
1010001001010011110111100001111000100000000000000000000000000000000010
1011110100111101000000100111111100100000000000000000000000000000000010
1011011100000000010100101110100101000000000000000000000000000000000010
1011010001011110101011000000011011100000000000000000000000000000000010
1010110001100100100111100000010010000000000000000000000000000000000010
1011000100110001001110100000111111000000000000000000000000000000000010
1011100110001001000111100100111110100000000000000000000000000000000010
1011111100001001000001101000101011000000000000000000000000000000000010
1011111010010111110101100010100100000000000000000000000000000000000010
1010101000010111110101111110111100100000000000000000000000000000000010
1011001010001011000011111111111110000000000000000000000000000000000010
1010000011110011000010110101110001000000000000000000000000000000000010
1010101001100010011111101110101101000000000000000000000000000000000010
1010001100000110001010001110110111000000000000000000000000000000000010
1011011011101100101001011010000101000000000000000000000000000000000010
1011100110001100111101101001010101100000000000000000000000000000000010
1010000001010000001111100000100010100000000000000000000000000000000010
1011111100001111010110100001011001000000000000000000000000000000000010
1010101011010011110001010010001010100000000000000000000000000000000010
1010101101001111001011101110110110100000000000000000000000000000000010
1010101110110000010011111110100111000000000000000000000000000000000010
1010010110100001100100011011111100100000000000000000000000000000000010
1010100010001111110110011100100011000000000000000000000000000000000010
1011100001000110110101001111000111000000000000000000000000000000000010
1011001110001110100000010011011100100000000000000000000000000000000010
1010110101111101001111100000000010000000000000000000000000000000000010
1011111000110011110000101100011100100000000000000000000000000000000010
1010101000100000011111100001110010100000000000000000000000000000000010
1011000000100000010110110000110111100000000000000000000000000000000010
1011101000000001000011011010011111000000000000000000000000000000000010
1011100110000011111101000101101100000000000000000000000000000000000010
1010100111010110011100111010010110100000000000000000000000000000000010
1011101011101001000101010110111000000000000000000000000000000000000010
1010110100000010000101100101100010100000000000000000000000000000000010
1011101101010001000111000110001010000000000000000000000000000000000010
1010011100011001110111110000101011000000000000000000000000000000000010
1011001101000001011111010010111001100000000000000000000000000000000010
1011101111101001000111001110000110100000000000000000000000000000000010
1010010010111100110101111110101010100000000000000000000000000000000010
1010110001000011001100101111010101000000000000000000000000000000000010
1011101010100111110110111111011011100000000000000000000000000000000010
1011001110110001101111010101011110100000000000000000000000000000000010
1010101000001111011100111011111101000000000000000000000000000000000010
1010010001010111001011101111111011100000000000000000000000000000000010
1011011000011001111010010001101100100000000000000000000000000000000010
1011001110100010101101101110111110100000000000000000000000000000000010
1010010011000001010101010010000110100000000000000000000000000000000010
1011111101101111010000111000011101100000000000000000000000000000000010
1010100100011111100011111111001111100000000000000000000000000000000010
1011101000000101010111110011011111100000000000000000000000000000000010
1011011010000011100010111001011101000000000000000000000000000000000010
1010110100001000100010000000100110100000000000000000000000000000000010
1010111111001110011110001001011111000000000000000000000000000000000010
1010110100001110111001110000111011000000000000000000000000000000000010
1010100000010101101001011110100010100000000000000000000000000000000010
1010110100000101010100001011001111000000000000000000000000000000000010
1011111000011110110011001110011100100000000000000000000000000000000010
1010101101101101001111010011101001100000000000000000000000000000000010
1011110000111001110110000011100101000000000000000000000000000000000010
1010111010010101110111100001101101000000000000000000000000000000000010
1011011010000111000011101101110100000000000000000000000000000000000010
1011001101101010100001001011111001000000000000000000000000000000000010
1010010001111001000101101010011110100000000000000000000000000000000010
1010010111001100000101010001101111100000000000000000000000000000000010
1010110110010001101011101000001011100000000000000000000000000000000010
1010001110100100101111011011011111100000000000000000000000000000000010
1011111110000000111011000011010100100000000000000000000000000000000010
1011111111010100110101101000100110000000000000000000000000000000000010
1010011110111011101001100011111011000000000000000000000000000000000010
1011001000100101101011011011000001100000000000000000000000000000000010
1011000010100110010001001101010101000000000000000000000000000000000010
1010101100010010100001101111100101000000000000000000000000000000000010
1010110011111101110001110010110001100000000000000000000000000000000010
1010101101001111101011111000010111100000000000000000000000000000000010
1010100010110000011111001000111101000000000000000000000000000000000010
1011001101000000000001100000111001100000000000000000000000000000000010
1010010110010011000110000001101101100000000000000000000000000000000010
1010010000001101110011101010111011100000000000000000000000000000000010
1010100010000001011001011111111110000000000000000000000000000000000010
1011100110101111000000000001101111000000000000000000000000000000000010
1010100011010011010110111100011111100000000000000000000000000000000010
1010001010101111100110111011111111100000000000000000000000000000000010
1011100010000010011011010110111010000000000000000000000000000000000010
1010111011110101010110100100111111100000000000000000000000000000000010
1010001011000110111100000110001000000000000000000000000000000000000010
1011111000010111110111111101110000100000000000000000000000000000000010
1011110101111000000001101000100111100000000000000000000000000000000010
1011010000011001000000001000000110000000000000000000000000000000000010
1011101010011101101110110000100010000000000000000000000000000000000010
1010000101110101110011001011001110100000000000000000000000000000000010
1010010100100000000001110001010000100000000000000000000000000000000010
1011100001000001011010001101101010000000000000000000000000000000000010
1011011101101010010111110011100101000000000000000000000000000000000010
1011000011010111011011100001101100100000000000000000000000000000000010
1011000110111011100110101100000101100000000000000000000000000000000010
1010010010010000000011011001000010000000000000000000000000000000000010
1011011110100001001110110100110001000000000000000000000000000000000010
1010010100110100101111011011011100100000000000000000000000000000000010
1011011011100100101100010110000100100000000000000000000000000000000010
1010011100000011000110001011101101100000000000000000000000000000000010
1011110010011001010101100110111011100000000000000000000000000000000010
1011111101000111101101011010000011100000000000000000000000000000000010
1011000001100001001110101011111100100000000000000000000000000000000010
1010001101100001010000100000011100100000000000000000000000000000000010
1010101101001000111111101110101010100000000000000000000000000000000010
1011010101101000101001000100000010000000000000000000000000000000000010
1010011110101101001001010110000001100000000000000000000000000000000010
1011011000100111010010111011100011100000000000000000000000000000000010
1010011100011101100011010010001011100000000000000000000000000000000010
1011011001000000111110100011100000000000000000000000000000000000000010
1010000010010110010011100011001101000000000000000000000000000000000010
1011000110101010011001001010011100100000000000000000000000000000000010
1011101010000100000100100010101111100000000000000000000000000000000010
1010111101111101010111100000001100000000000000000000000000000000000010
1010010100000011100001111001110000000000000000000000000000000000000010
1011011111000010010011010000111101100000000000000000000000000000000010
1011110101011110100010011110101111100000000000000000000000000000000010
1011001100001010011000101100110100000000000000000000000000000000000010
1011001110100000000001001010011010100000000000000000000000000000000010
1011101001101001110000110010001110100000000000000000000000000000000010
1010100110001101110000100110101111000000000000000000000000000000000010
1010110001110110111010101000011100000000000000000000000000000000000010
1010000011101000100110011100010010100000000000000000000000000000000010
1010110100101110010100100001111100000000000000000000000000000000000010
1011010110011001010011110011010110000000000000000000000000000000000010
1010001110100101010101101001010010100000000000000000000000000000000010
1011100100010010011101100001100100100000000000000000000000000000000010
1011001010100011000001111110001010100000000000000000000000000000000010
1011100101011010000110000110111110100000000000000000000000000000000010
1011011111011000011111101100101101000000000000000000000000000000000010
1010010010100000100110011101101010100000000000000000000000000000000010
1011101010101000100110111010111010000000000000000000000000000000000010
1011110000111010010100100011001010100000000000000000000000000000000010
1011100101000101110111010011101110100000000000000000000000000000000010
1011101110101110111001000100001001100000000000000000000000000000000010
1011001001000101001000011110111011100000000000000000000000000000000010
1010100100110011110110111100011110000000000000000000000000000000000010
1011000100101101100101100101001111100000000000000000000000000000000010
1010000000111001111010001101111011100000000000000000000000000000000010
1010111001100010110011001000100011100000000000000000000000000000000010
1011001110000100110110111101010011000000000000000000000000000000000010
1010100000110100010110001110101010100000000000000000000000000000000010
1010100100100110110100010100111010000000000000000000000000000000000010
1010001001001111100110101111111101000000000000000000000000000000000010
1011100111110111110110011110111000000000000000000000000000000000000010
1010111011010101110111010101010100100000000000000000000000000000000010
1010100100100100010100011000011001000000000000000000000000000000000010
1010111110001001101111011110101101100000000000000000000000000000000010
1010001000000000111110101001001100100000000000000000000000000000000010
1010101101011100001000011110100000100000000000000000000000000000000010
1010111100111111110111010110000000000000000000000000000000000000000010
1011011000010101100010010000011000100000000000000000000000000000000010
1010011010110101001000001001001111100000000000000000000000000000000010
1010000111001101011100010011110001100000000000000000000000000000000010
1010011000100001111111101101010100100000000000000000000000000000000010
1011010101011000100101100110010101000000000000000000000000000000000010
1011010011001100101011110101011100100000000000000000000000000000000010
1010000110110001001011100110000010100000000000000000000000000000000010
1010111110100111011000111100111100100000000000000000000000000000000010
1010100001011111111101011110100101100000000000000000000000000000000010
1011101001000111100100001101001001000000000000000000000000000000000010
1010001111000010100010110101110101000000000000000000000000000000000010
1010010000100000101011101000011101100000000000000000000000000000000010
1010111001001010101010001101111101100000000000000000000000000000000010
1011110010010111011100100110100101000000000000000000000000000000000010
1010000110100110000001100101111000000000000000000000000000000000000010
1011111100000001011101100111111101000000000000000000000000000000000010
1011101000000011011011011111101111000000000000000000000000000000000010
1010100101100001011010011000111000100000000000000000000000000000000010
1011100100101110111101101001111011000000000000000000000000000000000010
1010011000001110001110101000111100100000000000000000000000000000000010
1010111001101110100001110110010001100000000000000000000000000000000010
1011010110110100011100000111110011000000000000000000000000000000000010
1011000001101101100001000111101110000000000000000000000000000000000010
1011000000100011001100100101101110100000000000000000000000000000000010
1010101110101101011011101001000111000000000000000000000000000000000010
1011111000110001011010110101111101100000000000000000000000000000000010
1010001001111000111101011001011010100000000000000000000000000000000010
1010001101100101111111001100100001100000000000000000000000000000000010
1010010010001010011111011101100001100000000000000000000000000000000010
1011111100101110000100110010110101000000000000000000000000000000000010
1010101001100001110011000101101001000000000000000000000000000000000010
1010111100010010101111111111110110100000000000000000000000000000000010
1010001100001101000101000100000000000000000000000000000000000000000010
1010000010001100100101111100111010000000000000000000000000000000000010
1010110010001001101110100101010010000000000000000000000000000000000010
1011111000100101001100100100010111000000000000000000000000000000000010
1010010000100010101100010000100001100000000000000000000000000000000010
1010011100100001000011111001110111100000000000000000000000000000000010
1011110011000101000000001111111011000000000000000000000000000000000010
1011101000110001000110010001011111100000000000000000000000000000000010
1011011101010101101001001110110000100000000000000000000000000000000010
1011101011010001100100110101110000100000000000000000000000000000000010
1011010000110010101011001000010000100000000000000000000000000000000010
1010100100111110010101100011001001000000000000000000000000000000000010
1011111011101011000000101110111100000000000000000000000000000000000010
1011111010011111110011111000011011000000000000000000000000000000000010
1011111001000110111011011111110001100000000000000000000000000000000010
1010111000010001011001011101100111100000000000000000000000000000000010
1010011000101000001110011100010111100000000000000000000000000000000010
1010001101001001111100010100000011000000000000000000000000000000000010
1011010100101100101111111001100010100000000000000000000000000000000010
1010011111111111000110110110111101100000000000000000000000000000000010
1010101110101000110100111101010011100000000000000000000000000000000010
1011001010010000011011101000001101100000000000000000000000000000000010
1011111101110000101010011101110011000000000000000000000000000000000010
1011100100101110001000001001100110000000000000000000000000000000000010
1010001010100101000110110110100011100000000000000000000000000000000010
1010100110110101000110111110111101100000000000000000000000000000000010
1010001100010000000000001011101111100000000000000000000000000000000010
1010101001010100111011101000110111100000000000000000000000000000000010
1011001010111010100101000011101001000000000000000000000000000000000010
1010000100000111100011101000001001000000000000000000000000000000000010
1011001101111010001110100110000110000000000000000000000000000000000010
1011100001101101001110010001101111100000000000000000000000000000000010
1011110000110100010010000110000111100000000000000000000000000000000010
1011011000101011011110010011001000000000000000000000000000000000000010
1010101000000011010010001111000000100000000000000000000000000000000010
1011000001100100000011010000011001000000000000000000000000000000000010
1011001010010110001110100011011000100000000000000000000000000000000010
1011101010110110010111110110100101100000000000000000000000000000000010
1011101010011010111010000110110110000000000000000000000000000000000010
1011001000101001000100011111010011000000000000000000000000000000000010
1011101111100110000001110001100111100000000000000000000000000000000010
1011011011101101111000010001011011000000000000000000000000000000000010
1011011001011101111011011010100110100000000000000000000000000000000010
1011010001000011110110101101011110100000000000000000000000000000000010
1010100000100100001101011010111011000000000000000000000000000000000010
1010101010011101011101011101000001100000000000000000000000000000000010
1011100100100011111010010100110110100000000000000000000000000000000010
1011010111001001110011100110000010000000000000000000000000000000000010
1011110000100111110001110011101100000000000000000000000000000000000010
1010111101001000110110111101010111100000000000000000000000000000000010
1011011010001110101111100100110110100000000000000000000000000000000010
1011001110010111111110001000001010100000000000000000000000000000000010
1010111010000000100101010000100110000000000000000000000000000000000010
1010101110010110011101000011000101100000000000000000000000000000000010
1011111000010011010111010000010000100000000000000000000000000000000010
1011110000111000101000101100111011100000000000000000000000000000000010
1010111010000010110010101100101101000000000000000000000000000000000010
1011000010100100011010011001011011000000000000000000000000000000000010
1011000010001110010001111001111001000000000000000000000000000000000010
1010110100101110100110001101011111000000000000000000000000000000000010
1010110011000010101010001101011111100000000000000000000000000000000010
1010011001110010010101110110111110100000000000000000000000000000000010
1010110111000101001110011001011000100000000000000000000000000000000010
1011010111010000101100111110110001000000000000000000000000000000000010
1010000010100011000000111110110000000000000000000000000000000000000010
1010000011101100000011100000101101000000000000000000000000000000000010
1010000000111110111100010111010100000000000000000000000000000000000010
1010001110001111110101001010111000000000000000000000000000000000000010
1010110101110100110110110110000101000000000000000000000000000000000010
1011111001110011010101001010001111100000000000000000000000000000000010
1011100001010010011110010101100100000000000000000000000000000000000010
1010111110010111000000100011011010100000000000000000000000000000000010
1010101101001010100010001110110011000000000000000000000000000000000010
1010101101011100010001011100011000100000000000000000000000000000000010
1010101011011000110101010110001111100000000000000000000000000000000010
1011000011111011010000001101100110000000000000000000000000000000000010
1011110001010000100111111011100010100000000000000000000000000000000010
1011001101110110010101010010001101000000000000000000000000000000000010
1011100011000000101110011010001110100000000000000000000000000000000010
1011111110000111000100101111110000100000000000000000000000000000000010
1010111101100000000100110000010110000000000000000000000000000000000010
1010110111111010010010011010111011100000000000000000000000000000000010
1011000010001011100101111100000101100000000000000000000000000000000010
1010101100100011110011111100010100000000000000000000000000000000000010
1010110001011000100101010111100011000000000000000000000000000000000010
1011001010001010101101001111010011100000000000000000000000000000000010
1010001011010100100100011000100010100000000000000000000000000000000010
1011001111010000000101111011010111000000000000000000000000000000000010
1010000000101001000010000000000111000000000000000000000000000000000010
1011100010111001000001011011111011000000000000000000000000000000000010
1011000110000100001110111110100100000000000000000000000000000000000010
1011010001101110000011111110111010100000000000000000000000000000000010
1011111110000101001111111111011001000000000000000000000000000000000010
1010000111010101100010000110000001100000000000000000000000000000000010
1011000101001110000111001110111011100000000000000000000000000000000010
1010000111100100000100111100000110000000000000000000000000000000000010
1010010000100001000111000000101100100000000000000000000000000000000010
1011000101001111001101011111110100000000000000000000000000000000000010
1010010000101101000011100010111011100000000000000000000000000000000010
1011001000001101101010010100101100000000000000000000000000000000000010
1011010100100111000111110100001000100000000000000000000000000000000010
1010111111111110101011110000010110100000000000000000000000000000000010
1011100000100001110110101111011111000000000000000000000000000000000010
1010011010011001100111011110101011000000000000000000000000000000000010
1011001111100101010011001110101010100000000000000000000000000000000010
1010100100001010101001000010010100000000000000000000000000000000000010
1011101000100000011110011111111001100000000000000000000000000000000010
1011011110001001001101100010001010000000000000000000000000000000000010
1010001101100011100011110010000110100000000000000000000000000000000010
1010110001100110101111111010001101000000000000000000000000000000000010
1011010101110100000100101010011011000000000000000000000000000000000010
1011101110000110001011111101100100000000000000000000000000000000000010
1010011101100100000010001010010111100000000000000000000000000000000010
1010110110111011011010001011011000100000000000000000000000000000000010
1010000011010100010101010011001101000000000000000000000000000000000010
1010110101011100000000011100111001000000000000000000000000000000000010
1010001001101101101000100010011110000000000000000000000000000000000010
1010010011011110000110111101110101000000000000000000000000000000000010
1010110000110011000011101110001011000000000000000000000000000000000010
1011101010010100001101010011011111100000000000000000000000000000000010
1010101101111110100101011000000011000000000000000000000000000000000010
1010000010101011001010111111100001000000000000000000000000000000000010
1011001000010001001111010100011000000000000000000000000000000000000010
1010101001101101000001010100111010100000000000000000000000000000000010
1011001100011011100001111110110001000000000000000000000000000000000010
1011110101001011101110100011011101000000000000000000000000000000000010
1011001010000010001011110101011111100000000000000000000000000000000010
1011111110001101001100011001011001100000000000000000000000000000000010
1010010101110011110111011101110010100000000000000000000000000000000010
1011101010001001010100001010111010100000000000000000000000000000000010
1011111110011100100101111000010010000000000000000000000000000000000010
1010111001101100000111111011001011100000000000000000000000000000000010
1010110110011001000111001011110011000000000000000000000000000000000010
1010101111010111110111001001101111000000000000000000000000000000000010
1011111110100101000110111100001101100000000000000000000000000000000010
1010000110001110100000111000000100100000000000000000000000000000000010
1011110100011110101100010100010110000000000000000000000000000000000010
1010110001001001111001001011111010100000000000000000000000000000000010
1010001111011100001011011010001010000000000000000000000000000000000010
1011100111111101000011010100101100000000000000000000000000000000000010
1010011011000000110101111001111001100000000000000000000000000000000010
1011101000000100110111011011011011100000000000000000000000000000000010
1010110100101001110011110100110110100000000000000000000000000000000010
1010100101011111011000100001100000100000000000000000000000000000000010
1011110010011101111111110101011110000000000000000000000000000000000010
1010101010111000111000110011110011100000000000000000000000000000000010
1011000100111111111110011010100110100000000000000000000000000000000010
1010000011010110110001000100110010000000000000000000000000000000000010
1011010001110001000110110101000100100000000000000000000000000000000010
1010010000010100101011001001100010000000000000000000000000000000000010
1011110111001000000110011000111011100000000000000000000000000000000010
1010101101001011111110000101110101100000000000000000000000000000000010
1010000100011011111001011001010101100000000000000000000000000000000010
1010101001101100100110011011011011100000000000000000000000000000000010
1011000001111011100100110101110010000000000000000000000000000000000010
1010001001000000010000101000000001100000000000000000000000000000000010
1010110011010110011101110001010011000000000000000000000000000000000010
1010000000000000011001010001111110100000000000000000000000000000000010
1010110000011001010010101101111101100000000000000000000000000000000010
1010100000001000010001100111000111000000000000000000000000000000000010
1011000010001111101100111100110001100000000000000000000000000000000010
1011101000000110001010111111111110100000000000000000000000000000000010
1011100111111010101001111100100010000000000000000000000000000000000010
1010001011000101010101000100000011000000000000000000000000000000000010
1010001011000000011010110100000111000000000000000000000000000000000010
1011110001100000111000000101101100100000000000000000000000000000000010
1010001010000000001100111100100011100000000000000000000000000000000010
1011110000111100001000001101010111100000000000000000000000000000000010
1010011100100011101010000101101111100000000000000000000000000000000010
1011001000100011101000100010111110100000000000000000000000000000000010
1011011010001010101010111100110101000000000000000000000000000000000010
1010001010100111110000011011111011000000000000000000000000000000000010
1010111111010111010000100001100001000000000000000000000000000000000010
1011100110000110110100011111100101000000000000000000000000000000000010
1010111111010011000001001111111110100000000000000000000000000000000010
1010010111101000101110101110011100000000000000000000000000000000000010
1011010101000000100101000110001001100000000000000000000000000000000010
1010000101111110100010001101101000000000000000000000000000000000000010
1011010110101000100011001010110111100000000000000000000000000000000010
1010001001100111110111100101001111100000000000000000000000000000000010
1010000000000101001110001110111101000000000000000000000000000000000010
1010101011100101011110011111000111000000000000000000000000000000000010
1011111010001101100110000111101001000000000000000000000000000000000010
1010001111101100000110101110100111000000000000000000000000000000000010
1011111000001011101110001110111111000000000000000000000000000000000010
1010101110101000101111010111001010000000000000000000000000000000000010
1010010010000101100111011111111111000000000000000000000000000000000010
1010110100001111101001101011001001000000000000000000000000000000000010
1011111100010100100000111100111110100000000000000000000000000000000010
1010000101010000010111000010100010100000000000000000000000000000000010
1011111001101110001111000011011011000000000000000000000000000000000010
1011101110101100001001101001110010100000000000000000000000000000000010
1010111010110110100101100111011000000000000000000000000000000000000010
1010100000001000100100001001100001000000000000000000000000000000000010
1011001100001100100000101000100101000000000000000000000000000000000010
1010100000100111110001110101100011000000000000000000000000000000000010
1011101101010010110110011110111111000000000000000000000000000000000010
1010011010011100000111010010101011000000000000000000000000000000000010
1011100000001001101001011000111101000000000000000000000000000000000010
1011101010011001011100100001110110100000000000000000000000000000000010
1011100010001101110001111100010110100000000000000000000000000000000010
1011000000010000000110010110001101000000000000000000000000000000000010
1011011111100010001010110110101001000000000000000000000000000000000010
1011110001101010110101010001010011000000000000000000000000000000000010
1010011001111001100110111111011000100000000000000000000000000000000010
1011100110110100001110101111110110100000000000000000000000000000000010
1010001001001011011101011010001100100000000000000000000000000000000010
1010001111010111000110100110101011000000000000000000000000000000000010
1010000100001110000000111110111001000000000000000000000000000000000010
1010101011100000101100010110100000100000000000000000000000000000000010
1010000000000010011100010001011101000000000000000000000000000000000010
1011010100011010000011100000110011100000000000000000000000000000000010
1010100111101001100100000000000011100000000000000000000000000000000010
1010111010001010011110110111110100100000000000000000000000000000000010
1010001110111000101010100100011101000000000000000000000000000000000010
1010001011001011000011100101011010000000000000000000000000000000000010
1011111001111001001101111010011111000000000000000000000000000000000010
1010110010100010101110100011000011100000000000000000000000000000000010
1010010101011001010010111111010110100000000000000000000000000000000010
1010100100010000010010101100101101100000000000000000000000000000000010
1010101001000001101101110011101100100000000000000000000000000000000010
1011101000110010110101100100100110100000000000000000000000000000000010
1010011100001010001000101000010011000000000000000000000000000000000010
1011000110110001111010000110101110100000000000000000000000000000000010
1010100101110010010110111110010110000000000000000000000000000000000010
1011100100110110111111110111001110100000000000000000000000000000000010
1010001111010000001010111110010011000000000000000000000000000000000010
1011010111101100111110101001100111100000000000000000000000000000000010
1010001101000100001110101111111100100000000000000000000000000000000010
1010011100001101110000011100100011100000000000000000000000000000000010
1011010111101001000011010011110101000000000000000000000000000000000010
1011100011000110000100011111011110100000000000000000000000000000000010
1010001100101001001000110110010110100000000000000000000000000000000010
1010111000110011000110100111011101100000000000000000000000000000000010
1011111000000000011001011011010111000000000000000000000000000000000010
1011100101000100010101100000100110100000000000000000000000000000000010
1011000011100111001111001101101100100000000000000000000000000000000010
1011001101110101001110000000110100000000000000000000000000000000000010
1011110011011100011111100101011110000000000000000000000000000000000010
1011110011011001100110111011101101100000000000000000000000000000000010
1011001001100110111001111010010101100000000000000000000000000000000010
1010010010111001000100111011001011100000000000000000000000000000000010
1011001100001101110001101001110001100000000000000000000000000000000010
1010011101001010110111110011111010000000000000000000000000000000000010
1010110111000010010000110001011011100000000000000000000000000000000010
1010011011111100010010100101000000100000000000000000000000000000000010
1010000100010100111110001100110010000000000000000000000000000000000010
1011010001111010011100010010010101100000000000000000000000000000000010
1011100110101101011000010001110011100000000000000000000000000000000010
1010100100001100000101011101011111000000000000000000000000000000000010
1011010001110011000111100001100011100000000000000000000000000000000010
1010111110010100111110011010111000100000000000000000000000000000000010
1011001011001011001001011001110010100000000000000000000000000000000010
1010110001111000111000000100000011000000000000000000000000000000000010
1010010000101000011010101110101010100000000000000000000000000000000010
1011011011010010101100101011110110100000000000000000000000000000000010
1010100100010101010010100000011111100000000000000000000000000000000010
1011010000110000000011011001110000000000000000000000000000000000000010
1011100100101100011001111101000101100000000000000000000000000000000010
1010110111000000100010110110111010100000000000000000000000000000000010
1010000011101000000101011101100101000000000000000000000000000000000010
1010111010100111000010001100111110000000000000000000000000000000000010
1010111101001111001110001110000000100000000000000000000000000000000010
1011010011010100101110101010010100100000000000000000000000000000000010
1011010101100000000001100010010001100000000000000000000000000000000010
1011111110011101111010100101110000100000000000000000000000000000000010
1010010111101100011000000110100111000000000000000000000000000000000010
1010001010000000101010100110111101000000000000000000000000000000000010
1011101011001010011111111101100001000000000000000000000000000000000010
1011100110010100110110000110011000000000000000000000000000000000000010
1011101001001111010001001101001011000000000000000000000000000000000010
1010101111111001001001011100010111100000000000000000000000000000000010
1010100001011000011111011110000000000000000000000000000000000000000010
1011101111001011000110101111101111000000000000000000000000000000000010
1011111001100100100010111100011101000000000000000000000000000000000010
1011111000111001011110110010001110000000000000000000000000000000000010
1010101001100000000110000000010010100000000000000000000000000000000010
1010001011000001101010101101101110000000000000000000000000000000000010
1010110110110000001010101110001011100000000000000000000000000000000010
1011010000010010110100100010000100000000000000000000000000000000000010
1011011100001110111110000000111100100000000000000000000000000000000010
1011010010011000101110111001011110100000000000000000000000000000000010
1010011111010100000010101111001011000000000000000000000000000000000010
1010001110011100100001100101000111100000000000000000000000000000000010
1010101001001111110011101101011000100000000000000000000000000000000010
1011011101000001111001110011111100100000000000000000000000000000000010
1010010111010110000011000011101100100000000000000000000000000000000010
1011110010110110110100110011000100000000000000000000000000000000000010
1011010001010010101101111101101100100000000000000000000000000000000010
1011011010011001001011001110101000000000000000000000000000000000000010
1010010100110001110011011111110000100000000000000000000000000000000010
1010010111110101001111101010001100100000000000000000000000000000000010
1011110100000001000111011000011000100000000000000000000000000000000010
1010110001010010000111111010011011100000000000000000000000000000000010
1011101101110101110110100111010000100000000000000000000000000000000010
1011110101111110110111011011110010100000000000000000000000000000000010
1010111010010101100111100001100011100000000000000000000000000000000010
1010111110011000000010011011101101000000000000000000000000000000000010
1011011001001010111101100111001000100000000000000000000000000000000010
1010111100100011000101010100001001100000000000000000000000000000000010
1011100000010111101111011000101110000000000000000000000000000000000010
1011010000010000100101000011011100000000000000000000000000000000000010
1011011101000011010001101101100111100000000000000000000000000000000010
1011110110010111000100100101100011000000000000000000000000000000000010
1010010010100100100001110001110011000000000000000000000000000000000010
1011101011010011010100001111011001000000000000000000000000000000000010
1010011100101011001110100111111010100000000000000000000000000000000010
1010010001000101110010011111011010100000000000000000000000000000000010
1010001010000111011011000010011010000000000000000000000000000000000010
1010111111001001101101000011001100100000000000000000000000000000000010
1011010001110101100011011100011000100000000000000000000000000000000010
1010000000111101000000010000111011000000000000000000000000000000000010
1010011110100101110100001001001000100000000000000000000000000000000010
1010010100101111100111111101111111000000000000000000000000000000000010
1011011000010101100101110110001110000000000000000000000000000000000010
1010111001000110000101100000101000100000000000000000000000000000000010
1010010111110011100001000111101111000000000000000000000000000000000010
1011111100010100001101110101100000000000000000000000000000000000000010
1010100100011111100000011001111010100000000000000000000000000000000010
1011111101111011000001010110001011100000000000000000000000000000000010
1010100000011010001000001110010101000000000000000000000000000000000010
1010001100011000000111001111100101000000000000000000000000000000000010
1010010000100000010101110100100111000000000000000000000000000000000010
1011100011000001001000010010011100100000000000000000000000000000000010
1010000011010010101001000101010110100000000000000000000000000000000010
1011010100101111001011000000100001100000000000000000000000000000000010
1011000010000100111011001111001000100000000000000000000000000000000010
1011101100110001011001110011100111000000000000000000000000000000000010
1010000111000000011001111110010111000000000000000000000000000000000010
1010001100101001110010001001110010100000000000000000000000000000000010
1011000010111101011110101001000111100000000000000000000000000000000010
1010011000010100001010011101100111100000000000000000000000000000000010
1010000100000010010111001100010101000000000000000000000000000000000010
1010011011000001010010000111100000000000000000000000000000000000000010
1010010111011110011000001111011110100000000000000000000000000000000010
1010101010001110000011000100000101000000000000000000000000000000000010
1011011110100010101000010010101111100000000000000000000000000000000010
1010001110100101011110110011010111000000000000000000000000000000000010
1010101010010001000110111101111111100000000000000000000000000000000010
1010000100010011001100001001110000000000000000000000000000000000000010
1010111110001001000010101100011100100000000000000000000000000000000010
1010100101100101000100011111001011000000000000000000000000000000000010
1011111011000111001011101110011100100000000000000000000000000000000010
1010110011010010011110000111001001000000000000000000000000000000000010
1011011011011111100001000111010110000000000000000000000000000000000010
1010011000000001001111110000011000000000000000000000000000000000000010
1010001101111000011110010111110011100000000000000000000000000000000010
1010110010000101011110010111100101000000000000000000000000000000000010
1010111000001101000010011110101100100000000000000000000000000000000010
1010000011111110010010101100100100000000000000000000000000000000000010
1011100011010001010101100101110011100000000000000000000000000000000010
1010100111010110010101101011110111000000000000000000000000000000000010
1011110000001100000001000011000110000000000000000000000000000000000010
1011000110001111000111110100101111000000000000000000000000000000000010
1010010001110010000011010011110000100000000000000000000000000000000010
1011110110111111110101101100110110000000000000000000000000000000000010
1011101000000111010010101010001110000000000000000000000000000000000010
1011100110001010000011101001111001100000000000000000000000000000000010
1011001100100000100000001010000001000000000000000000000000000000000010
1010010100000110001001011111010111000000000000000000000000000000000010
1011001100111011101010010001100011100000000000000000000000000000000010
1010000011011111101101011011101000100000000000000000000000000000000010
1011011101111010110110010111001111100000000000000000000000000000000010
1011111111010001100101001111010010100000000000000000000000000000000010
1010000111110011000011100001101100000000000000000000000000000000000010
1011011101000101111111101111010010100000000000000000000000000000000010
1010000000101110111110100000001110100000000000000000000000000000000010
1010011000111111001110010110011001100000000000000000000000000000000010
1011010101010000111011000011100001000000000000000000000000000000000010
1010110101000100101110110010100110100000000000000000000000000000000010
1010010010111011011110010101010101000000000000000000000000000000000010
1011000101000000100000011111111101100000000000000000000000000000000010
1011001110110101011001011111111010100000000000000000000000000000000010
1010011110001010010111011101010011100000000000000000000000000000000010
1011010001101001011011110101011000100000000000000000000000000000000010
1011001101010001100011111111000110100000000000000000000000000000000010
1010111110011011111001000101110101000000000000000000000000000000000010
1010011111001101111000101011100101000000000000000000000000000000000010
1011001111100000010001011111100100100000000000000000000000000000000010
1010000110100100001011101010101011100000000000000000000000000000000010
1011101110000011001011101111010010100000000000000000000000000000000010
1011001101000011110100011011101101000000000000000000000000000000000010
1011000101111011110001010011100000100000000000000000000000000000000010
1010100001011101000000101111100101000000000000000000000000000000000010
1010011001101011110111110000000010100000000000000000000000000000000010
1010010011010101001000100111111000000000000000000000000000000000000010
1011101011111001001010011101111100100000000000000000000000000000000010
1010010100101000101101110011101010100000000000000000000000000000000010
1010000011000010001010111011001010100000000000000000000000000000000010
1010111011101110110110010000100000100000000000000000000000000000000010
1010001010010011001101100011000100100000000000000000000000000000000010
1010010001011010110100111111001001100000000000000000000000000000000010
1011011010110000000101100110101111000000000000000000000000000000000010
1011111101000101010100000011111100100000000000000000000000000000000010
1010001011010100111010110101111110000000000000000000000000000000000010
1010000001000110001110011001110101100000000000000000000000000000000010
1010101110101010000001110110101011000000000000000000000000000000000010
1011110010001100110101101011110010000000000000000000000000000000000010
1011110011101010111100101010111011100000000000000000000000000000000010
1010101011001110010110001111100111000000000000000000000000000000000010
1010000111100001010111101100011111000000000000000000000000000000000010
1011100101001011110010010010101010100000000000000000000000000000000010
1010100101111111010101111011100110000000000000000000000000000000000010
1010010110000111000111111100011000000000000000000000000000000000000010
1011101101000001001001110010010000000000000000000000000000000000000010
1010110010010000100110111101110110100000000000000000000000000000000010
1010010000000011101000100010010110000000000000000000000000000000000010
1011011011011000001101011001000110100000000000000000000000000000000010
1010101111110100001111110101010011000000000000000000000000000000000010
1011110110011001101010011000110101100000000000000000000000000000000010
1011111110011110101110011000000100000000000000000000000000000000000010
1010110110000011101011110110110010000000000000000000000000000000000010
1010010010011010101011111111010001000000000000000000000000000000000010
1011100101111100110011111111110100000000000000000000000000000000000010
1010010100000111111110011100111111100000000000000000000000000000000010
1011110111101111111000100011101011100000000000000000000000000000000010
1010001010100100001010100010010110000000000000000000000000000000000010
1010110001111100001000001111100110100000000000000000000000000000000010
1011010111111111010111111000010101000000000000000000000000000000000010
1010000110010101000110100110110000100000000000000000000000000000000010
1010111011010010001011010111000011000000000000000000000000000000000010
1011101101000101100011110100011111000000000000000000000000000000000010
1010110010100011010101001111100101100000000000000000000000000000000010
1010110100110100110010111010101010000000000000000000000000000000000010
1010111110100001011111000101001110100000000000000000000000000000000010
1010000100111101000001011100001111100000000000000000000000000000000010
1010111111010100010011010101011111000000000000000000000000000000000010
1010011000100110011100110010100000000000000000000000000000000000000010
1011000011110011000111110001001111100000000000000000000000000000000010
1010100100011011011010011100111111000000000000000000000000000000000010
1011000001110000101110111101110011100000000000000000000000000000000010
1010101110111101111111001010110011100000000000000000000000000000000010
1010101010101011000110100100010011000000000000000000000000000000000010
1010000100101111101001011101110011100000000000000000000000000000000010
1011010000000101011101011110101110100000000000000000000000000000000010
1011001101111101000101011100000011000000000000000000000000000000000010
1010000011100001110110101111100001100000000000000000000000000000000010
1011101111111011000010111110010001000000000000000000000000000000000010
1010001101010110110011001000110101100000000000000000000000000000000010
1010001000001101011100111000110101100000000000000000000000000000000010
1010111010110000001010010011101110000000000000000000000000000000000010
1011001000010010001110011001110111000000000000000000000000000000000010
1010000100100000110100010100111000100000000000000000000000000000000010
1010001001110100111010001010000110000000000000000000000000000000000010
1010000101010010010000001101110011000000000000000000000000000000000010
1011001111000100100111011101101001000000000000000000000000000000000010
1011000001000101111100010100100101100000000000000000000000000000000010
1010001011111100110100110001011110100000000000000000000000000000000010
1011110111010100000011110101101010000000000000000000000000000000000010
1010011001001010101111111001010011000000000000000000000000000000000010
1010001110111011011111010001001001000000000000000000000000000000000010
1010011011001010110000001001101010000000000000000000000000000000000010
1010010111011011111010011101000001000000000000000000000000000000000010
1011000111111000110101000011011101100000000000000000000000000000000010
1010011000000110001011000001010011000000000000000000000000000000000010
1011000110000100011011101111010010100000000000000000000000000000000010
1011011110110010101101001100011011000000000000000000000000000000000010
1011011001110010000100111001001100000000000000000000000000000000000010
1010010010010000000101010000001110100000000000000000000000000000000010
1010001101001111010000011101110011000000000000000000000000000000000010
1011101101011100011011011101011001000000000000000000000000000000000010
1011110001111000100001000110010000100000000000000000000000000000000010
1010000110000110001010101111100111000000000000000000000000000000000010
1011010110000001010100111101111110000000000000000000000000000000000010
1011001110100100111101100000110101100000000000000000000000000000000010
1010010111010010000100001110101000000000000000000000000000000000000010
1010001000011110000111101011111100000000000000000000000000000000000010
1010101011101110111001011011110011100000000000000000000000000000000010
1010010100011100010110010111011111100000000000000000000000000000000010
1011010100001100001010101001101001000000000000000000000000000000000010
1010011011110110011010100011101100100000000000000000000000000000000010
1010010011001001011110011110010111000000000000000000000000000000000010
1010111100110001111010011100011011000000000000000000000000000000000010
1011100001000101010001001111101110100000000000000000000000000000000010
1011001111001011010011101111010100000000000000000000000000000000000010
1010111101110101100111001110110111100000000000000000000000000000000010
1011011111111010001111010110010101000000000000000000000000000000000010
1010001010101101010101000100110001000000000000000000000000000000000010
1010000111111100010011111000111101100000000000000000000000000000000010
1010011110011111111111011110011010000000000000000000000000000000000010
1010010011011100111101101101101000000000000000000000000000000000000010
1011110000100101100011010101011111000000000000000000000000000000000010
1011100010101111001001101100110000000000000000000000000000000000000010
1010111010010001010111111101011110100000000000000000000000000000000010
1011100101110000011001110110010000000000000000000000000000000000000010
1011100100110110111000010011010000000000000000000000000000000000000010
1011000101010101000101101110001010000000000000000000000000000000000010
1010101000100011000001100010101111100000000000000000000000000000000010
1010000111000010110010000001000010100000000000000000000000000000000010
1011010001100100010001100000100011100000000000000000000000000000000010
1010011101001111100010000110101110000000000000000000000000000000000010
1011100110101100010000110101000000100000000000000000000000000000000010
1011111010111010100111000101001111000000000000000000000000000000000010
1010001001100001110110111011010101000000000000000000000000000000000010
1010011111001011110100111110001010000000000000000000000000000000000010
1010101111001101100001110100011111100000000000000000000000000000000010
1010001101000110010110011010001000100000000000000000000000000000000010
1011111001000101011010100101010100000000000000000000000000000000000010
1010100000111101000101011111011110000000000000000000000000000000000010
1010110000010101010110111110010011100000000000000000000000000000000010
1011100110100010000110110111100000100000000000000000000000000000000010
1011000110010011010000111110001010000000000000000000000000000000000010
1011011101101100111100000010011010100000000000000000000000000000000010
1011000100100000010011100001010011100000000000000000000000000000000010
1011111101000101110111101010101110000000000000000000000000000000000010
1011101001000000001000000101011101100000000000000000000000000000000010
1010100111101001001100100111110110000000000000000000000000000000000010
1011011000011000000111101100101000000000000000000000000000000000000010
1011100100110011010001101000111111100000000000000000000000000000000010
1010111100110001011001101110000010100000000000000000000000000000000010
1011111110001001001010100001010100100000000000000000000000000000000010
1011110100000100011001110111011110000000000000000000000000000000000010
1011101100010000000110000011001011000000000000000000000000000000000010
1011110101000111101011110001100010100000000000000000000000000000000010
1011100101010101010011010011100010100000000000000000000000000000000010
1010111010011111101101111111111100000000000000000000000000000000000010
1011101110111000000101001101100101100000000000000000000000000000000010
1011110001011100101101000110101011100000000000000000000000000000000010
1010101010101000101101101000000001000000000000000000000000000000000010
1011100100100111010100100110110001100000000000000000000000000000000010
1011011101110110110110101011010110100000000000000000000000000000000010
1011111001110010001010001011100010000000000000000000000000000000000010
1011010110110101010110001001110111000000000000000000000000000000000010
1011111110010001011101101011110011100000000000000000000000000000000010
1011110111001100011111111110110110000000000000000000000000000000000010
1011100111010000011100000001111000000000000000000000000000000000000010
1010001010010010010111110100010110100000000000000000000000000000000010
1011100000010010110010100001101011100000000000000000000000000000000010
1010010111101100111010011011010110100000000000000000000000000000000010
1010000000110001001011001100001111100000000000000000000000000000000010
1010000011000010010100001001101111000000000000000000000000000000000010
1011100110100110011111110010101010100000000000000000000000000000000010
1011000000001000001101100001111111100000000000000000000000000000000010
1010011011100010000111110011001011000000000000000000000000000000000010
1010010110101110110011001001111001000000000000000000000000000000000010
1010010001001011010000011011101100100000000000000000000000000000000010
1010001110000110011001011101001111100000000000000000000000000000000010
1010000010010010001010101001101000000000000000000000000000000000000010
1010101011101000110010010100001011100000000000000000000000000000000010
1011000010010101001111001111011011000000000000000000000000000000000010
1011011101010110101101001101000111000000000000000000000000000000000010
1010000111110100011100001010101000000000000000000000000000000000000010
1010011111110010111111111111111000100000000000000000000000000000000010
1010010100000100000110001101111111100000000000000000000000000000000010
1011011101111110010011100010000111000000000000000000000000000000000010
1010100100001001101010101000011110000000000000000000000000000000000010
1010011001100100110111011001100001100000000000000000000000000000000010
1011000011011110000110011111110001000000000000000000000000000000000010
1011100100011101010101011100001001100000000000000000000000000000000010
1011010001000001001010101111111111100000000000000000000000000000000010
1011000101000111101000001100000001100000000000000000000000000000000010
1010000110000101111111111011110100000000000000000000000000000000000010
1011111111001010100000101100111101000000000000000000000000000000000010
1010010010100011001001011101010001100000000000000000000000000000000010
1011101101100010010111010001101010000000000000000000000000000000000010
1011000011011100101110000010111110000000000000000000000000000000000010
1010111110101100111100111110000000100000000000000000000000000000000010
1010000011100101001111111011000001000000000000000000000000000000000010
1011110110010000100000111001111000100000000000000000000000000000000010
1010101010010100110011011010001111100000000000000000000000000000000010
1010110011110111000111001101111000100000000000000000000000000000000010
1011100011100101011100101111001110000000000000000000000000000000000010
1011011110110010000011101100100101100000000000000000000000000000000010
1011001100111001111000011111010010000000000000000000000000000000000010
1010011010001000000101011100010010100000000000000000000000000000000010
1010010101000001110001111100010001100000000000000000000000000000000010
1011110110100001111001100100101000000000000000000000000000000000000010
1011011110100111011010101010110110000000000000000000000000000000000010
1011011000010100110011011011111011000000000000000000000000000000000010
1010110011010001011110110111011111100000000000000000000000000000000010
1011011010001100111101101110111101000000000000000000000000000000000010
1010001110001101001010101000100001000000000000000000000000000000000010
1011011011000001010111010101111111100000000000000000000000000000000010
1010011001001001011111100111011000100000000000000000000000000000000010
1011011111000100100111100101000000000000000000000000000000000000000010
1010011100001101111111111100101000000000000000000000000000000000000010
1011010011100110100100010010010011000000000000000000000000000000000010
1010011001011110111100111111011111000000000000000000000000000000000010
1010010010100011100100101010101101100000000000000000000000000000000010
1010011010001000110011101001011000000000000000000000000000000000000010
1011100000001101110001010111100001000000000000000000000000000000000010
1011101010101111000001101000101010100000000000000000000000000000000010
1011010100111001100111000101011101100000000000000000000000000000000010
1010001011010111110110000001001111000000000000000000000000000000000010
1010110001000001001011110001010010000000000000000000000000000000000010
1011110000000101001010000011111010100000000000000000000000000000000010
1011000111100100011111101010101111000000000000000000000000000000000010
1010011000100000001001110110001100000000000000000000000000000000000010
1010011100011111001101111100000101100000000000000000000000000000000010
1010001011000100010110101010111111000000000000000000000000000000000010
1010101100101000011110010011100010100000000000000000000000000000000010
1011001011001100011010110110000011000000000000000000000000000000000010
1010110000111100100000110111001000000000000000000000000000000000000010
1011010001101111011100000101101101000000000000000000000000000000000010
1010100001011100110011001100101110100000000000000000000000000000000010
1010010011100011000011111010100100000000000000000000000000000000000010
1011010111011101010110010011100111100000000000000000000000000000000010
1011111100110101010111101111011101100000000000000000000000000000000010
1010011010010000110111110000111110000000000000000000000000000000000010
1011110101101001000011011011111100100000000000000000000000000000000010
1011000011001110010101101111101101100000000000000000000000000000000010
1011011000000011000100000101101111100000000000000000000000000000000010
1010110011000111010011101100111111000000000000000000000000000000000010
1011001111100001001001000100000000000000000000000000000000000000000010
1011101110111000101011111010001111100000000000000000000000000000000010
1011001101111001011001010001111111100000000000000000000000000000000010
1010110000100010110000100101110110100000000000000000000000000000000010
1010010000111110100001001001111110100000000000000000000000000000000010
1011100001110100110101001111101110100000000000000000000000000000000010
1011001001100101011101011111001000100000000000000000000000000000000010
1010010001010000110011100010001001000000000000000000000000000000000010
1011110110100101110010101101010010000000000000000000000000000000000010
1011000101101111101011001110011110100000000000000000000000000000000010
1011110111010100110110001011111111100000000000000000000000000000000010
1010110000011000010000000100010100000000000000000000000000000000000010
1010110010001100000100100000000101100000000000000000000000000000000010
1011010110011010100100000111110010000000000000000000000000000000000010
1010010100101001001001110110000011100000000000000000000000000000000010
1010010011011011100010111110111100000000000000000000000000000000000010
1010110100111101110110001100101001100000000000000000000000000000000010
1010000100011111101000000010001001000000000000000000000000000000000010
1010001111110001011110000001100000100000000000000000000000000000000010
1011100011010100111101110111011010100000000000000000000000000000000010
1011111011101110100011110011000001100000000000000000000000000000000010
1010011101110100111100011011001011100000000000000000000000000000000010
1010101001110000010101101011000100000000000000000000000000000000000010
1010101001110001010110000010011110000000000000000000000000000000000010
1010111111101010111011010000101000100000000000000000000000000000000010
1010010011011110011010001010101100000000000000000000000000000000000010
1010011101101011011000111000011111100000000000000000000000000000000010
1011101000010101110011110111010011100000000000000000000000000000000010
1010110111100001000111110110110001100000000000000000000000000000000010
1010101011110111101110000011110011100000000000000000000000000000000010
1011111001111100001110001011100110000000000000000000000000000000000010
1010101101110111110010010001101011000000000000000000000000000000000010
1010111111111000000011110000010100000000000000000000000000000000000010
1010000011001110111010011110100001100000000000000000000000000000000010
1011001101011101010101100010011011100000000000000000000000000000000010
1011001100010001010101110011101011100000000000000000000000000000000010
1010010110110000111001100100111111000000000000000000000000000000000010
1011000001011010110011000010100001100000000000000000000000000000000010
1011100111001010100010010110000100000000000000000000000000000000000010
1010111110100111110110011100010100000000000000000000000000000000000010
1010110110110001011111111010010001100000000000000000000000000000000010
1010001100001111010100000111101011000000000000000000000000000000000010
1010010010110010100111000100010100000000000000000000000000000000000010
1011000011100101110001100111000101000000000000000000000000000000000010
1010011000000111101101010100101101100000000000000000000000000000000010
1011100101011100101010011110101110000000000000000000000000000000000010
1011111101111011110000111000101010100000000000000000000000000000000010
1011010110000110101000101100010100000000000000000000000000000000000010
1011010110100001100101010011110100100000000000000000000000000000000010
1010000010001111010100111011001001000000000000000000000000000000000010
1011011110110000000101001011010100100000000000000000000000000000000010
1011101110011001100010110001101110100000000000000000000000000000000010
1011111101010001100011110111100100100000000000000000000000000000000010
1010000001000111101110000011011000000000000000000000000000000000000010
1010010111111011111110011001100010100000000000000000000000000000000010
1011100100101001101110011110010001100000000000000000000000000000000010
1011010101110010110101111001011011100000000000000000000000000000000010
1010010001000101101100101100011101100000000000000000000000000000000010
1011110111111101110101011100011011000000000000000000000000000000000010
1011011011111010011110111101101111000000000000000000000000000000000010
1010110011010000110100011111010010100000000000000000000000000000000010
1011001011111110001000111111111101100000000000000000000000000000000010
1010010110000010000110011011101101000000000000000000000000000000000010
1011011000101110100111100101010001100000000000000000000000000000000010
1011101011111011110000010111011110000000000000000000000000000000000010
1010010101011010010001010001010111100000000000000000000000000000000010
1010101010011011000000000000111111100000000000000000000000000000000010
1011110001011000110010010000001101000000000000000000000000000000000010
1011001101010110011000100100110111000000000000000000000000000000000010
1011010000100100000000100111110000100000000000000000000000000000000010
1010110110100001100010011001111001100000000000000000000000000000000010
1011001000110110011110011001001100100000000000000000000000000000000010
1011100110011101010011011000110010100000000000000000000000000000000010
1010011001001000110100001001010101100000000000000000000000000000000010
1010000000101011001010001101100010100000000000000000000000000000000010
1010111000001001000110100001100010000000000000000000000000000000000010
1010110001101100001000101111100101000000000000000000000000000000000010
1010011100110110010101101000000101000000000000000000000000000000000010
1010101111100110101000111010011101100000000000000000000000000000000010
1011011001111111010101000110001101100000000000000000000000000000000010
1011010110011010010111000100000000000000000000000000000000000000000010
1010100010100011111010000011011101000000000000000000000000000000000010
1010000011000000011100001101100010100000000000000000000000000000000010
1010111000011110011111010111010001100000000000000000000000000000000010
1010000010001001010100011110100101100000000000000000000000000000000010
1010100000100010010111010000000001000000000000000000000000000000000010
1010110001011000111011110111011000000000000000000000000000000000000010
1011011000010011101101000101100001000000000000000000000000000000000010
1010100000010010000010100100111111000000000000000000000000000000000010
1011010100001111001110010010011100100000000000000000000000000000000010
1010110111010011111000101011111011000000000000000000000000000000000010
1010100101011010011111001101001100100000000000000000000000000000000010
1011110000010001001101000000110111100000000000000000000000000000000010
1011000110110011101111001101111100100000000000000000000000000000000010
1011010010011010110110100110001000100000000000000000000000000000000010
1011100000010100110000111001100001000000000000000000000000000000000010
1011110110000100010101000000011000100000000000000000000000000000000010
1011001111101111001111111010101001000000000000000000000000000000000010
1010010100110010000110100001100111000000000000000000000000000000000010
1011001100001011101111010101111100000000000000000000000000000000000010
1010001001110100110100111010100000100000000000000000000000000000000010
1011100100000101110000010001001110000000000000000000000000000000000010
1011100011100010011100110100101100100000000000000000000000000000000010
1010010111001010111011010001101100100000000000000000000000000000000010
1010010100001101110101100011110111000000000000000000000000000000000010
1010011100000011001011101100000010000000000000000000000000000000000010
1011100110010011100001110100010111000000000000000000000000000000000010
1010000000000010001100000111101111000000000000000000000000000000000010
1011001000000000100111101000111100100000000000000000000000000000000010
1010010001011001101001011111001111100000000000000000000000000000000010
1010000001110000011010001101101000000000000000000000000000000000000010
1010001011001000110100101111000111100000000000000000000000000000000010
1010101110110010111110100111111001000000000000000000000000000000000010
1011010110011011010101101011000001000000000000000000000000000000000010
1010001111100010010011000100010110000000000000000000000000000000000010
1011101001011111110010000001011111100000000000000000000000000000000010
1011010110011010100110010001011000000000000000000000000000000000000010
1010011111000100111111001111101011000000000000000000000000000000000010
1011110101000101001111111001001111100000000000000000000000000000000010
1011011001001101010101000100110001100000000000000000000000000000000010
1011010001010000001111010001110000100000000000000000000000000000000010
1011010010001001101111001110101011100000000000000000000000000000000010
1010100001111110000111100010101000100000000000000000000000000000000010
1011010000101000110101000011101011000000000000000000000000000000000010
1010011011101001101101111011001100100000000000000000000000000000000010
1011010010011011100001011111011111000000000000000000000000000000000010
1010111111110001011001101110010000000000000000000000000000000000000010
1011000100001101100111011110111100100000000000000000000000000000000010
1010111111010000100110110110100111000000000000000000000000000000000010
1010111010000011110000001101001011000000000000000000000000000000000010
1010101101001010000111010000100001000000000000000000000000000000000010
1011111100000110001100000001011110100000000000000000000000000000000010
1011001100100100011111001010000010100000000000000000000000000000000010
1010100000101101111010111100010110000000000000000000000000000000000010
1011010011110101001110100010100101100000000000000000000000000000000010
1011100000001011101100010111001111000000000000000000000000000000000010
1011011110010101101011010001011111000000000000000000000000000000000010
1010110010000101011101101110100100100000000000000000000000000000000010
1010101000010000100110000000101100000000000000000000000000000000000010
1011101110000110100100001110010111100000000000000000000000000000000010
1011000000001001101100000101100001000000000000000000000000000000000010
1011101010111011010111100111001111100000000000000000000000000000000010
1011010000001101001101010110110101000000000000000000000000000000000010
1011010011011011011011011011011010100000000000000000000000000000000010
1011111010110010001000110001101111000000000000000000000000000000000010
1010100111101101010011011110001101100000000000000000000000000000000010
1010000100011010001110111010111001100000000000000000000000000000000010
1010000000111100000010010111110001100000000000000000000000000000000010
1010101111011001011001101000010010000000000000000000000000000000000010
1010100001111001101100100110101111100000000000000000000000000000000010
1011011001011100001111011001101101100000000000000000000000000000000010
1010100010000100001000100101100111000000000000000000000000000000000010
1010011100011111111101100001100111100000000000000000000000000000000010
1011110110110100010100000011001010000000000000000000000000000000000010
1010011000100001101110011110100110100000000000000000000000000000000010
1010011010100100000011101100001101000000000000000000000000000000000010
1010101011011011111111111100110110000000000000000000000000000000000010
1011100010101100111100000010110111100000000000000000000000000000000010
1010010100001100000111101100100001100000000000000000000000000000000010
1010110001010000100101110001001111100000000000000000000000000000000010
1010001100100001101001111011111001000000000000000000000000000000000010
1011110101111110011000001000110100100000000000000000000000000000000010
1011011001110010010011101000100001100000000000000000000000000000000010
1010110111011011010101001100010001000000000000000000000000000000000010
1010100110010010110001110001010100100000000000000000000000000000000010
1010001010001010010100001110011111100000000000000000000000000000000010
1010111001010111001111100110110011000000000000000000000000000000000010
1010000011011100111101001110110100100000000000000000000000000000000010
1011001010100000100001100011111001000000000000000000000000000000000010
1011000001100010010100011010010011000000000000000000000000000000000010
1011010001001001001100100001001011100000000000000000000000000000000010
1011100100000100110001101110001010000000000000000000000000000000000010
1010101010010111011100100010011101000000000000000000000000000000000010
1010001001100000001010101110010011100000000000000000000000000000000010
1010111110000100001110100110010111000000000000000000000000000000000010
1010000001001000100010100100111110100000000000000000000000000000000010
1010110101010110000001000110111110100000000000000000000000000000000010
1011110111101010010111010110011111100000000000000000000000000000000010
1010001001001001001000010101011111100000000000000000000000000000000010
1010011100010010100011101111101011100000000000000000000000000000000010
