1010100011011011101100110111010011100101000101010111110100000011100010
1010101010110110001000010011000000001101000111100001101010100101100010
1010111000000111101110101011101010011100000010000010001110000011001010
1011000001000111000001101000100100011110001111110100001110000101111010
1011110110101011110000001001011010110110111011001010100101100100101010
1010010000110101110101011111000111101100010010001011001101011110000010
1011101011110101111111010001100111101100001000100111100011100011111010
1011111001111000000000101100111000111001011111101101011010010001101010
1011100101110110000101000000001101101010001010010010001100000100111010
1010101011101001011101000100110110101001011110111100010101000111111010
1011110001001101101111111101111011001110011011000000111001010110011010
1010010011110000101100000000111100101001011111101111110110011111101010
1010010110110110100001010100101001001100101101000010011011110110000010
1010000011110111011000110111000000001010010111001110000110111110000010
1011101001111011110110110111111110100010010100000000011010110111111010
1010101110001101011101111100101111110111011110000011110011001010010010
1010011101011110110001001010101111011110100011100111001011111101111010
1010000110100010010000000010111000010110111011101111110100001101110010
1010011010110011101111100101101111100010010000100001001011001111111010
1010001000000101000101011000101111000101011010000101100011001101101010
1011101111101111011011100101010111111010100101010000000101011001011010
1010010001001100011010001000100001010000101011011011000000011110110010
1010101011101101110101011110111010001110100100010101000000011110011010
1010101011010101000100000000000111010110001100111100101101001100101010
1010011000101011001110111111111110010110100010100010110010100010001010
1011011101000100110001001100111110110100001111010100001011110110111010
1010101011000011011011000011110000101101110111111111100110100011101010
1010000010000101000100010000000001000000010101110100101011010011110010
1011011111101110101101000110010100010000010001111100000000000011101010
1010111100100010101101100110101001111100110111111001111101110100111010
1011101010100001010110101111101010011100010110100100101110101101001010
1011000010011110101110100110100110010111101110011111110100000010001010
1011100110111001101011101111111001110001110101101001100010101000010010
1010011100010110101010000110001001110100101111111101000011010000101010
1011111100001111111100101101101010010000000111001001000101000000010010
1011001001110111001101100010100000000000110000001101111101100100100010
1011001111011011011111101100100111110000000100001101010001101000110010
1011010100111101010101100100111110010111100100111111001011101010111010
1011111100111001010000000010011011110010001100101001111001110111010010
1011110110110110110010000100101110101111100101001001100000100101010010
1011010011011011111100110100001010000000111100000111000001010100100010
1011111001100001010011001111001100011110110110110011101011000001000010
1010111000001110111100000010011100111100100101100000100110001000100010
1010011010000000100011110111111010010011110110011000111110011001101010
1010111111100000000010010111010000010010110101000001000001000000110010
1011101100000101101101000011001000011110010111001110001000100000011010
1010011101100110011000001010011101101100100101011011110100100011110010
1010010001100100110111100101101011110100110110011001101111001100111010
1010100101110100101100010111011101010100011001010001010111100111010010
1011101011110010001011011100000010010001101111010111001111010001111010
1011001010101100010011100111001000111011110011011001101101000010110010
1011110100100000001001110101110110110011010111110100001001011000111010
1010111111101100110111010100110100100001110110001100100101101110011010
1010101010100010101111011010001111110111011110100000110000110001101010
1011111011111101100101000101110011111010010011010000101001000010100010
1010001010010100000001010100010001111011111111111011110011101110000010
1010010000000101100111110110111001001001100000001010111100100110110010
1011010101101100100101011000111100111111111111110100111111100110111010
1010011101100101011001011101111010100010101011100000000000000101010010
1010101000000001100100111100111100110110000110110011110100011110111010
1010100011101100011101101100011011011001101100100011000110001100101010
1011110011100010110001010000101000001001101001110011010011000001101010
1010000010100111111000000000111111000010100010011001010110101101000010
1010010000000110000011011101111000100011100011100011000101111001100010
1010111001000100101010101110111011100000011101011000001011110100011010
1010010000000110011010010100100011101111001110001001001000101011000010
1011101100001100010110100111100111010000010000000111110001100001001010
1010101001100011010001100010101101110010010001000010110111111001010010
1010110011000000101011110101100101111010110110100000010100100000100010
1011110000001100101100100001100100001110011101100010010111111010000010
1010101111010101000100111111100101000011110000001100001100101011010010
1010001101010110010001100101111000000001001010011000111110011010111010
1010111011100101010100111100100101010010010001001000001110001000010010
1010111111101000010100110111011000111110101101101111110010101011001010
1011100010000010101100101111000100111000001110010000101100100100101010
1010111011110011111111100111001111000101001111101101010011011111010010
1011011100011101000011101000011010001011111100110010101000111101001010
1011000101101111001100101111101100010011111001001100011010101011101010
1011101100011001101110101010111100010001110000010010000110100111010010
1010000111110110101110000100100100110001001110110101001011010111010010
1010110010111110101111000011011110010010100000100101111000101011110010
1010100010100111011101111001100000110110001101101011000001111000110010
1011101100101101110000101011010001010001111000000001011111111111101010
1010010011011111001110001000010110101101000110000011101011010101100010
1011111110111110001010110001000111101001111100110001001111101101110010
1010000101011101110000010011100010110010011011111011101011101000010010
1010101011011100010011011101101110111011110110000100110101000110100010
1010000011110110010110000011001110111001001101011100110100011010000010
1011101011111100111101101010101111000001001001010110100000011010111010
1010010010011111101000110001110000101000001101100101011011111001111010
1010101010101100111010010010100010001111100010111100110100111100010010
1010100110101000001000111111010100110110000111001111111110000000000010
1011011111110100001010011001010111010001011101001110000101000100010010
1010011010110001101101110100100000111001101011100111110001110001101010
1011010100000111001001000001010011000111001100100001100001101000000010
1010010001101110001111100111110011100011110000111000110111011000010010
1010111111110100010100111111100111010001001101001011110100100101010010
1010001110100001100000010000000011000001001110010000111001110101000010
1010101100111100010011001001101111110000001011000001100001101010010010
1010001001000100001110001000110100101110000110101101111111011011111010
1011100101100010001101010100001010100100111100100011001011110011000010
1010001011100101000110011111010000101111111011000111001001110001001010
1011101110100111011100011000111001011100011000010011000101100001011010
1010001001000011001110011101110011110001010101100110111011100101001010
1011001110010110111010100000001010110111011111110010110111010000000010
1011000111000001000011100100000111111101010111100111011101000010110010
1011101101101001010111111010100001101011011011100101001101110011100010
1011110001101101001100100101110000010011000001000011001010111110101010
1011101000000000011000010110111000101111000110100001010111101110100010
1010111101010100111000111110000000010110101111010110010001110000110010
1011010100111111111111011000110001111000000010010011000110011011010010
1010000000100011000010001110110100010011001101010110011010110010101010
1010101000101001001000110111101001010101111101100000000111101100110010
1010101111111110101111001110001011001000100010111001010100111110000010
1010110111111101000000110011001001010001000000101011010001000011111010
1010011101101011010011101101001110011111000110100100111011111101000010
1010101110010000100000011110101111000010110111010111001001010100011010
1011001011010111011000001010001111100111010100100011011011011101101010
1011101111010100100010010001100011101010111000111011000101000111001010
1010011111101000100000010001100100001101111100110101000000000010001010
1011100111001010011010011100010011010000100000010000011001010011100010
1010010010000001100001010011000010001001010111100011001100110011111010
1011111101100010110111101110011100101111111101101111011001000100101010
1010011001100100110011111111000011001011011111100101100010000111111010
1011010010011110011110001100001000001000100100100100101100011001101010
1010110110111001101101001011100011011010010000101000000100101110010010
1010001101101101011010111010100010010010000000000100000101101001110010
1010001011011100011000011101011000000001000001001001101011110101000010
