1010011100010000010111010110110001000000000000000000000000000000000010
1010111001010101100110001000011000000000000000000000000000000000000010
1010000111110000011000101001000111000000000000000000000000000000000010
1010110101010001100011110011110111100000000000000000000000000000000010
1011011011001000010001100010010111100000000000000000000000000000000010
1011111001010100000110011011110001000000000000000000000000000000000010
1010110101011001010001000110011011100000000000000000000000000000000010
1011100110000000010011111111111101000000000000000000000000000000000010
1011000101100100110011111101010001000000000000000000000000000000000010
1010110000101110000110011011011011100000000000000000000000000000000010
1010010010010001100011101001001011100000000000000000000000000000000010
1010011001101111010101011011110000100000000000000000000000000000000010
1010001100010100000110010111110110100000000000000000000000000000000010
1011001101011001110011011011011110000000000000000000000000000000000010
1010111000100001100011101100101100000000000000000000000000000000000010
1010011011001100101011010010110111100000000000000000000000000000000010
1010000011010111000101011110011100100000000000000000000000000000000010
1010000010010011010001001011101100100000000000000000000000000000000010
1010111001100111010100001110011000000000000000000000000000000000000010
1011011010010000011100110111000111100000000000000000000000000000000010
1010101000001111010101110110011001000000000000000000000000000000000010
1010010110010111010000110100110110100000000000000000000000000000000010
1010110010110011000100011010100110100000000000000000000000000000000010
1011000011110000011011001101101100100000000000000000000000000000000010
1010011110000110101000100110111011000000000000000000000000000000000010
1010001101011100001101111110110111100000000000000000000000000000000010
1011101100100001100111010011110011000000000000000000000000000000000010
1011100100100000111001111010101011000000000000000000000000000000000010
1011100100100111010010111000110110100000000000000000000000000000000010
1011011110000001100111111110111101100000000000000000000000000000000010
1011000011010100101101110001101011000000000000000000000000000000000010
1010001110011000111101011011101001100000000000000000000000000000000010
1011000100011110011001011101111011000000000000000000000000000000000010
1011001000111100111011101110010111000000000000000000000000000000000010
1011100000001011110111111001101011100000000000000000000000000000000010
1010001001000000101101011011010001100000000000000000000000000000000010
1011000000110001100110000111000011000000000000000000000000000000000010
1011110000101001011010001110110011100000000000000000000000000000000010
1011110000011011001110001111111010000000000000000000000000000000000010
1011011100111001010111111101011101100000000000000000000000000000000010
1010100000101101110100101100101000100000000000000000000000000000000010
1010110111000011110110111010101110100000000000000000000000000000000010
1011111110100000100111100011100001000000000000000000000000000000000010
1010011001101001000111010010110101100000000000000000000000000000000010
1010101101000100010101100001101101100000000000000000000000000000000010
1010101100100001111110111010011010100000000000000000000000000000000010
1010100010110000100101100001001101100000000000000000000000000000000010
1010110001001010001101000000111111000000000000000000000000000000000010
1010001000011010011010110111001011100000000000000000000000000000000010
1010100001001011010110101101111010100000000000000000000000000000000010
1010100110001110111001111011111110100000000000000000000000000000000010
1010011000010100000010101010110010000000000000000000000000000000000010
1011010010011000010101011100101111100000000000000000000000000000000010
1010111000101010001110011111101111100000000000000000000000000000000010
1011001111000110010011010111011111100000000000000000000000000000000010
1010011111001011010111100111111010000000000000000000000000000000000010
1011110101010110000101011011011111000000000000000000000000000000000010
1011111101011100010111011011010101100000000000000000000000000000000010
1011100111001111000101101011100010100000000000000000000000000000000010
1010000110000011101011010110110111000000000000000000000000000000000010
1011100100111011111101001010000111000000000000000000000000000000000010
1010000011111000010010100010110111000000000000000000000000000000000010
1010001100010110000001100010110110000000000000000000000000000000000010
1011111000010000010001100100011110100000000000000000000000000000000010
1011110000011110010111111000001111000000000000000000000000000000000010
1010101001110010010101111011111111100000000000000000000000000000000010
1010101100010000111100110010001111000000000000000000000000000000000010
1010100101101010101001111111111100000000000000000000000000000000000010
1010000101001010010110101000101110100000000000000000000000000000000010
1011001010001010001010010000111001000000000000000000000000000000000010
1011111101001001110001001010100111000000000000000000000000000000000010
1010110101010000100100000001110000100000000000000000000000000000000010
1010101011000000010011000100101010100000000000000000000000000000000010
1010011011011001010001100000001001000000000000000000000000000000000010
1011111101100011100101100111101110000000000000000000000000000000000010
1011110100100100100011101010101001100000000000000000000000000000000010
1010100001101001100011111111111111000000000000000000000000000000000010
1011010101000000000110100000101001000000000000000000000000000000000010
1011110010001101100111101011100111100000000000000000000000000000000010
1011001100001001010011100010111001100000000000000000000000000000000010
1010110001100101001111101101011111100000000000000000000000000000000010
1010111000101010100000001001100001100000000000000000000000000000000010
1010010010010001011110110011111111000000000000000000000000000000000010
1011001100000100010001011100101111000000000000000000000000000000000010
1011110011110010010111111101010011000000000000000000000000000000000010
1011001010011011011000100111111111000000000000000000000000000000000010
1011000111000000011010111100010001000000000000000000000000000000000010
1011101110110001011111011000001111000000000000000000000000000000000010
1011001001010000101011011111101111000000000000000000000000000000000010
1011010001011111110001110000111000100000000000000000000000000000000010
1010101100110101110010111101111100000000000000000000000000000000000010
1010000000001011100111111010111101100000000000000000000000000000000010
1011011100010001111000010101111011100000000000000000000000000000000010
1011000011001010000001100011111101100000000000000000000000000000000010
1011010001110000111111011100110010100000000000000000000000000000000010
1011110000101001000011111100111101100000000000000000000000000000000010
1010001101000001110100111001101100000000000000000000000000000000000010
1011000010011010110001110101111000000000000000000000000000000000000010
1011011100100101001111101111100111100000000000000000000000000000000010
1010001011000110101011100110100110100000000000000000000000000000000010
1010110010011010110110111101111100100000000000000000000000000000000010
1010000011100111000101111101100110000000000000000000000000000000000010
1011101101010100110110011101110100100000000000000000000000000000000010
1010111001010100100010110111110010100000000000000000000000000000000010
1011000100000010001100010011010001100000000000000000000000000000000010
1011000100110111011101101111011110000000000000000000000000000000000010
1010001000111100010111110000110110100000000000000000000000000000000010
1010111001011000100011011111111110100000000000000000000000000000000010
1011110100011010000111011000010100100000000000000000000000000000000010
1010111100100111011010111110001011100000000000000000000000000000000010
1010100011010101101100101001100000000000000000000000000000000000000010
1010010000011000100110101110100111100000000000000000000000000000000010
1011001011100101100101001111111001000000000000000000000000000000000010
1010101011011010111011000101101110100000000000000000000000000000000010
1010110111001011010110101010100000100000000000000000000000000000000010
1010100011000000100010101001100101100000000000000000000000000000000010
1011001001000110111111111010110000000000000000000000000000000000000010
1011111010001000011101110110101001000000000000000000000000000000000010
1010000100000010000111001110100100000000000000000000000000000000000010
1010001110011000001100010110101101100000000000000000000000000000000010
1011110000001100000011111010101110000000000000000000000000000000000010
1011110100011000000101010011001111000000000000000000000000000000000010
1010110101000001000011110101110000100000000000000000000000000000000010
1010001001110100001110011000100101100000000000000000000000000000000010
1011100001010010111011010011111011000000000000000000000000000000000010
1010110011001111000000111001001001100000000000000000000000000000000010
1011111010010011100111011011001110100000000000000000000000000000000010
1011001100110100001111000011000000000000000000000000000000000000000010
1010001011000000110100111010001000100000000000000000000000000000000010
1011100011110100001001000011000111100000000000000000000000000000000010
1011101100011110100110011001011110100000000000000000000000000000000010
1011011001000100000101000010010000000000000000000000000000000000000010
1010010101001000001010011010111111000000000000000000000000000000000010
1011100101010100111101001101100111000000000000000000000000000000000010
1011010101101110000110110010000111000000000000000000000000000000000010
1010010011000001010100111001111010000000000000000000000000000000000010
1010111000100100000010111111010011000000000000000000000000000000000010
1010000111110001000101111110001111000000000000000000000000000000000010
1011000110010010000110001001110111000000000000000000000000000000000010
1010100111101001001111110011111100100000000000000000000000000000000010
1011010001100000010001110111000000100000000000000000000000000000000010
1010100000101100010110110101110100100000000000000000000000000000000010
1011011111001011100111011000101000000000000000000000000000000000000010
1011100101100001110000100110100100000000000000000000000000000000000010
1011000100001000000111111010001010000000000000000000000000000000000010
1011100011101001001111101111110101100000000000000000000000000000000010
1010001110001000110101110010100110100000000000000000000000000000000010
1011001001100011000110011000111001100000000000000000000000000000000010
1011110101100000101010110101011000100000000000000000000000000000000010
1010100011000100000101111111010111100000000000000000000000000000000010
1010110110011101111111010011101000100000000000000000000000000000000010
1011110110010000000110011011111111000000000000000000000000000000000010
1010100110111100100111000110111010100000000000000000000000000000000010
1011000011000001000010101001010110100000000000000000000000000000000010
1010010101010001000111010000001100000000000000000000000000000000000010
1010000011110100111011011111011001100000000000000000000000000000000010
1011111111100110101111101011010110000000000000000000000000000000000010
1010000001010110000111010111111110100000000000000000000000000000000010
1011001100011101101001111000011111100000000000000000000000000000000010
1010000010101101011010111001010001100000000000000000000000000000000010
1010110100010100100101110001100101100000000000000000000000000000000010
1010010011001100000100010111111001000000000000000000000000000000000010
1010111101011011000101111111111101000000000000000000000000000000000010
1010001100111011010100010011011101100000000000000000000000000000000010
1010101100110010100100110000010111000000000000000000000000000000000010
1011110010011101000010000110101001000000000000000000000000000000000010
1010101000110001100001101110011001000000000000000000000000000000000010
1010010000010011011100010001000000100000000000000000000000000000000010
1011000001110001110101011101111111000000000000000000000000000000000010
1011011110010001100011111100010001000000000000000000000000000000000010
1011101011000100100111001111010100100000000000000000000000000000000010
1010010000110101001011110011010101000000000000000000000000000000000010
1010101100100010010101111110011101000000000000000000000000000000000010
1010101110000101001001101010010111100000000000000000000000000000000010
1010101001010100000010001011111110000000000000000000000000000000000010
1010011010000000101100001100010001100000000000000000000000000000000010
1011000010001010110111111111111111000000000000000000000000000000000010
1010010000000000001010100001111110000000000000000000000000000000000010
1010110001100000010110011001000010000000000000000000000000000000000010
1011100001010110000010000111101101100000000000000000000000000000000010
1011111000001001000111111111111101100000000000000000000000000000000010
1011000110010001011001101100100000000000000000000000000000000000000010
1010001010001100010111111110001111000000000000000000000000000000000010
1010010100100000010001101100111001100000000000000000000000000000000010
1011110001101001000100111011100101100000000000000000000000000000000010
1010110100100010000011011000111111100000000000000000000000000000000010
1010011010100101011010110111000111000000000000000000000000000000000010
1011100101110110111101011100001111100000000000000000000000000000000010
1010001111100000000111011111011110100000000000000000000000000000000010
1010000111101010001111110011111011100000000000000000000000000000000010
1010001011100101011111100111101000000000000000000000000000000000000010
1011001000100110011111000011101101100000000000000000000000000000000010
1010010001010101110100010111001110100000000000000000000000000000000010
1010100101110111100011111011111100000000000000000000000000000000000010
1010001011001000011101111011111101000000000000000000000000000000000010
1011011000000101000111100100000001000000000000000000000000000000000010
1011111111010010101100111101110010100000000000000000000000000000000010
1010100000100001110101110010100010000000000000000000000000000000000010
1010010100110000000001111011111111100000000000000000000000000000000010
1010100100001010110101101101101111000000000000000000000000000000000010
1010110111011010000101000010000101000000000000000000000000000000000010
1011001000100000111010111111001000000000000000000000000000000000000010
1010000100000101000011101010001000100000000000000000000000000000000010
1010000001000100000111111110010011000000000000000000000000000000000010
1010000101001111001010101111011110000000000000000000000000000000000010
1010100100001100110000100111111010000000000000000000000000000000000010
1010101010000010001110110111011011000000000000000000000000000000000010
1011011001010010100011111110000011100000000000000000000000000000000010
1010100000110001001010111011000010000000000000000000000000000000000010
1010110110000000001001101101101111100000000000000000000000000000000010
1011110110100001011000001110001001100000000000000000000000000000000010
1011011011111101010000011101110110100000000000000000000000000000000010
1011100100101100010110011001010101000000000000000000000000000000000010
1011000000100011001010000001101100000000000000000000000000000000000010
1010000011110101101010011101011101000000000000000000000000000000000010
1010110011110000111001000001011001100000000000000000000000000000000010
1010100001010011110010011100100100100000000000000000000000000000000010
1010101000000001111011011011100110100000000000000000000000000000000010
1010010100000100100101001001011000000000000000000000000000000000000010
1011000111010111000110011101100000000000000000000000000000000000000010
1011010000100111001110110001100011100000000000000000000000000000000010
1011101011000110001010011010111101100000000000000000000000000000000010
1010011110111100001010111101010000000000000000000000000000000000000010
1011111100100100010001011111101100100000000000000000000000000000000010
1010101010001110000011101001010011000000000000000000000000000000000010
1011000100000011011101010110101110100000000000000000000000000000000010
1010010111111101110110100101111110000000000000000000000000000000000010
1011001011000010010011110101010101100000000000000000000000000000000010
1010010000111111011011010111101011100000000000000000000000000000000010
1011100110000100010100100101001110000000000000000000000000000000000010
1010110011000100110101000001100010100000000000000000000000000000000010
1010100110100011001100110110100111100000000000000000000000000000000010
1010100110011001001010011001111110100000000000000000000000000000000010
1011011010010110011001010110111111000000000000000000000000000000000010
1010011000101100000011000001000011000000000000000000000000000000000010
1011001111101000001111011100101011000000000000000000000000000000000010
1010100100000111111111111011111101100000000000000000000000000000000010
1011101111011101000110010011101101100000000000000000000000000000000010
1010001010000000111010010111010101100000000000000000000000000000000010
1011101100101001111100010110101111000000000000000000000000000000000010
1011000010000001011111010101011110100000000000000000000000000000000010
1011000111101100000100010011101100100000000000000000000000000000000010
1010011110100101010101011100010111000000000000000000000000000000000010
1010101100110110011100110110111101000000000000000000000000000000000010
1011000110000101101011110100010111000000000000000000000000000000000010
1011000110001100010110000110111011100000000000000000000000000000000010
1010111100100111001110111110110111000000000000000000000000000000000010
1010111000111010000011011100111101000000000000000000000000000000000010
1011100100000110100111101010000101100000000000000000000000000000000010
1010000101001010110010100101110110000000000000000000000000000000000010
1010001100010111100111011100100111100000000000000000000000000000000010
1010001011110000000110110100011010000000000000000000000000000000000010
1010111110010101100010011010000010000000000000000000000000000000000010
1011100001100000011100110111100110000000000000000000000000000000000010
1010010101010100001100011101010011000000000000000000000000000000000010
1011000110101110000011100010100100100000000000000000000000000000000010
1010011011110001011101011010101010100000000000000000000000000000000010
1010000101100011000001011001011101100000000000000000000000000000000010
1011011100001111110101100100010100000000000000000000000000000000000010
1011000010011001100000111101011011100000000000000000000000000000000010
1010111101101001011100010101110111100000000000000000000000000000000010
1010000101001101100111100101011100000000000000000000000000000000000010
1010110100000010000110000011110110100000000000000000000000000000000010
1011010000111001101101111111100010000000000000000000000000000000000010
1011000000111100011110000100100110000000000000000000000000000000000010
1010010101000100001011010010100000000000000000000000000000000000000010
1010001011100001100110010100100101100000000000000000000000000000000010
1011000100110000011001100110011111000000000000000000000000000000000010
1010001101000011000000011101110011000000000000000000000000000000000010
1010101010001010010110001111111001100000000000000000000000000000000010
1010010100111001011100100101000111100000000000000000000000000000000010
1010001111011010100111111111001011000000000000000000000000000000000010
1011110100100010101011000111000000000000000000000000000000000000000010
1010001111001011100110010101011001100000000000000000000000000000000010
1011001100100110110000011001101011100000000000000000000000000000000010
1010100110111100111100001101110110100000000000000000000000000000000010
1010111111010101000011010110000100100000000000000000000000000000000010
1011111001101110001010110110101101000000000000000000000000000000000010
1011101100000000110011010000011111100000000000000000000000000000000010
1011111100010110001011110101101111100000000000000000000000000000000010
1010011101100101010111001010010011000000000000000000000000000000000010
1010000110000111001100111001011010100000000000000000000000000000000010
1011011111001000000011001001111110000000000000000000000000000000000010
1010011000100001001110000000010011100000000000000000000000000000000010
1011001100111001011010111111001010100000000000000000000000000000000010
1011011000000100000111101101101011100000000000000000000000000000000010
1011100110101111010111101010111101000000000000000000000000000000000010
1010110011010010000100111100100011000000000000000000000000000000000010
1011110110101101110110100110010110100000000000000000000000000000000010
1011101101101010001110001110100010000000000000000000000000000000000010
1011110010101110111101010110011110100000000000000000000000000000000010
1010100010010000000011101011011001000000000000000000000000000000000010
1010110000000001011011100100010000100000000000000000000000000000000010
1010000011001110000010100100110110100000000000000000000000000000000010
1011001010100000010001111101100101100000000000000000000000000000000010
1011000101101001000011011100001011100000000000000000000000000000000010
1011010101111000001110010000011011100000000000000000000000000000000010
1010011100101010100001001100100001100000000000000000000000000000000010
1010001011001000001001101100110110000000000000000000000000000000000010
1010110011100001110011111110011101100000000000000000000000000000000010
1011010001000011001011111111010101000000000000000000000000000000000010
1011101010101110000000100111111000100000000000000000000000000000000010
1011111101001000010101101111011110100000000000000000000000000000000010
1010011000000101101111011110001011000000000000000000000000000000000010
1010101000001010011110001100001011000000000000000000000000000000000010
1011001011010010010010001101110111000000000000000000000000000000000010
1010110010101001000110100110110101100000000000000000000000000000000010
1011001000111010011111111110110110100000000000000000000000000000000010
1010000000101010000010101111011011100000000000000000000000000000000010
1010011100101010110110101101011110000000000000000000000000000000000010
1011101000100000011110111001000001100000000000000000000000000000000010
1010101110010001011000011010001001100000000000000000000000000000000010
1011000110100100100101011010011110100000000000000000000000000000000010
1010001101111110110100010110011110100000000000000000000000000000000010
1011011001011010001010011100000111100000000000000000000000000000000010
1011000110000010100100010001111000100000000000000000000000000000000010
1011000001001100001001101110011001100000000000000000000000000000000010
1011000011110100011000011110111010100000000000000000000000000000000010
1010010001101000010101011111111111000000000000000000000000000000000010
1010110000010000010100101100111010000000000000000000000000000000000010
1011010011101001111000111101001010000000000000000000000000000000000010
1011110011000010000101010101110101000000000000000000000000000000000010
1010011111100000010111100101100111100000000000000000000000000000000010
1011101100001011001101111010011111100000000000000000000000000000000010
1011010101101010100111011111110001000000000000000000000000000000000010
1011110010100010011110001001001100000000000000000000000000000000000010
1011101110100001100101011001111101000000000000000000000000000000000010
1010100001110000001001111010100001100000000000000000000000000000000010
1011000000001000000100111100110111000000000000000000000000000000000010
1010110100101100000000011000101011000000000000000000000000000000000010
1010101100000000111000001010011101000000000000000000000000000000000010
1011100011110010001110011110101010100000000000000000000000000000000010
1011000111110010001001011111101011100000000000000000000000000000000010
1010011001000101100101111110010111000000000000000000000000000000000010
1010000000011110000110001011001011000000000000000000000000000000000010
1010110011000101001110111011111010100000000000000000000000000000000010
1011000010101000110000110100101100100000000000000000000000000000000010
1011001000001000101001011000011100100000000000000000000000000000000010
1010000111010100110100011011110011000000000000000000000000000000000010
1010100011101111101111110101011101000000000000000000000000000000000010
1011100010101111000010001010110011100000000000000000000000000000000010
1010010000101100010011010101100001000000000000000000000000000000000010
1011101010100111001100110111110110100000000000000000000000000000000010
1011100010110011110000011011101111000000000000000000000000000000000010
1010101110010001110010001111011111000000000000000000000000000000000010
1011010000001100000111110110101110100000000000000000000000000000000010
1011111011001111000110001001001101000000000000000000000000000000000010
1011101011111001011100010000110011000000000000000000000000000000000010
1010111110010011001010010111001111100000000000000000000000000000000010
1010101101111011000110101000000100000000000000000000000000000000000010
1010100011110010100000101110100101000000000000000000000000000000000010
1011001000000001111001000010101011100000000000000000000000000000000010
1010101110001011001111111111000001100000000000000000000000000000000010
1010000100001000100000011101001101000000000000000000000000000000000010
1010000111101001000000001110000011100000000000000000000000000000000010
1011000100001101001000101101111011100000000000000000000000000000000010
1010100110111000001010101001010111000000000000000000000000000000000010
1011001110000011101010110110011010000000000000000000000000000000000010
1010011001001100010110001100101110000000000000000000000000000000000010
1010110001001010110101101100011011000000000000000000000000000000000010
1011100010110011011100010010110110100000000000000000000000000000000010
1011101001100111011110000110010111100000000000000000000000000000000010
1011111000100100100110100110001000000000000000000000000000000000000010
1010111000010010010010011100110110100000000000000000000000000000000010
1010010010111000010010110111010011000000000000000000000000000000000010
1010001000010011110110111010001111100000000000000000000000000000000010
1010100110000100010011101111110111000000000000000000000000000000000010
1010001000010000110011011000001001000000000000000000000000000000000010
1011001001011000010001111100011101100000000000000000000000000000000010
1010110000011100111000010101000101100000000000000000000000000000000010
1011001000001000100101010010011000100000000000000000000000000000000010
1010000010011010100011101101101110100000000000000000000000000000000010
1010101010100100000100101110111001100000000000000000000000000000000010
1010110001011011110011011001011101100000000000000000000000000000000010
1010000100110100100011111111111010100000000000000000000000000000000010
1010100100010001111000011101001011100000000000000000000000000000000010
1010100011001101110110001100011101000000000000000000000000000000000010
1010101010010111011001111101010010000000000000000000000000000000000010
1011111010101010111111001100000101000000000000000000000000000000000010
1010001110001100111001110101011001000000000000000000000000000000000010
1010010011110000010010001010011010100000000000000000000000000000000010
1011101100010001011110110001111110000000000000000000000000000000000010
1011100010101011010111001101101011000000000000000000000000000000000010
1010101000001010101000111101100000000000000000000000000000000000000010
1010100100001110010101111010110011100000000000000000000000000000000010
1010000100001000101100111001101111000000000000000000000000000000000010
1010110010111001100111100101011010100000000000000000000000000000000010
1011110110111001101000000010001001100000000000000000000000000000000010
1011000010101001100110011111111001100000000000000000000000000000000010
1011001000100001100001111101010101100000000000000000000000000000000010
1010111111000011100010011101000000000000000000000000000000000000000010
1010010010111000100111001000100100100000000000000000000000000000000010
1010010011011001101110010111101001100000000000000000000000000000000010
1011000000101010000001010011111011100000000000000000000000000000000010
1010110111001111101101000001101100000000000000000000000000000000000010
1010000010100000010100101011001011000000000000000000000000000000000010
1010100100111001111001100101110000100000000000000000000000000000000010
1010001001010001100110001001110111100000000000000000000000000000000010
1011110010110101011011010011000111100000000000000000000000000000000010
1010000000010000110101100110101111100000000000000000000000000000000010
1010111000100010010000111001101010000000000000000000000000000000000010
1010011001101101000110011110101010100000000000000000000000000000000010
1010100000111101111100000001011101100000000000000000000000000000000010
1011100100000110000111000110000101100000000000000000000000000000000010
1010001001010011100111101001111101000000000000000000000000000000000010
1010110000001010011100001100111110000000000000000000000000000000000010
1010011110001101100010011111000001000000000000000000000000000000000010
1010111011110100001011001111010111000000000000000000000000000000000010
1011101000001011111111101011101111000000000000000000000000000000000010
1011110000000010110100001111001111100000000000000000000000000000000010
1011111010001101011011000111011101100000000000000000000000000000000010
1011000101000110100001111111111111000000000000000000000000000000000010
1010010001111010100001100001101110000000000000000000000000000000000010
1011010101010111001101010000111110000000000000000000000000000000000010
1010010010001000000101100101100110100000000000000000000000000000000010
1010001010111101111111011111000101000000000000000000000000000000000010
1010100001000100100001001011110111000000000000000000000000000000000010
1011011111000001010100101011111011000000000000000000000000000000000010
1010011010000000100111001001111100000000000000000000000000000000000010
1010010000011001010100011100101000100000000000000000000000000000000010
1010011001000100010100111010101011100000000000000000000000000000000010
1011001001000000100110111101101110100000000000000000000000000000000010
1010011001100001100001100001011011000000000000000000000000000000000010
1010001000000011001110101111111001100000000000000000000000000000000010
1010101010111000011110001101100100000000000000000000000000000000000010
1011010101101100010110111110100101100000000000000000000000000000000010
1010001001001001011110100111011110000000000000000000000000000000000010
1011000000100100110110111111010110000000000000000000000000000000000010
1010110011011001011111010101101011000000000000000000000000000000000010
1010111001111101111010110110111111100000000000000000000000000000000010
1010000111001001101110101110000000000000000000000000000000000000000010
1010110101110000110111011011110111000000000000000000000000000000000010
1011001100000001111111011111100011100000000000000000000000000000000010
1011000000110100110111001101110111100000000000000000000000000000000010
1010001001000001110111011011000111000000000000000000000000000000000010
1010000010110010000000001011010010100000000000000000000000000000000010
1010010011101100011100111100100010100000000000000000000000000000000010
1010100100011111010111100001110011000000000000000000000000000000000010
1010000101011011001010000100111011100000000000000000000000000000000010
1010000000000011000101011110000111100000000000000000000000000000000010
1011000111001001111100100100111110000000000000000000000000000000000010
1011001111101100100101111000101001100000000000000000000000000000000010
1011001001010000011111100101111011100000000000000000000000000000000010
1010000100101010000011000111111000100000000000000000000000000000000010
1011010101100010110101000111101110100000000000000000000000000000000010
1010000101101111000111011100110111100000000000000000000000000000000010
1011100001001001011101101000111001100000000000000000000000000000000010
1010011011110101101010111111110001000000000000000000000000000000000010
1010101001111000011011100100101111000000000000000000000000000000000010
1011011011111101000110001000100100100000000000000000000000000000000010
1010001100110111010101101001011011100000000000000000000000000000000010
1010011010011100111101101011100101100000000000000000000000000000000010
1011110000110011001111101110110101000000000000000000000000000000000010
1011100011101101101101100010111100000000000000000000000000000000000010
1010101000001111110000101011100111000000000000000000000000000000000010
1010000111110000001001010111111101100000000000000000000000000000000010
1010100011111000110010101010100010000000000000000000000000000000000010
1011100100110101000010111011111000000000000000000000000000000000000010
1011011001011100101111101111100110000000000000000000000000000000000010
1010001111111000100011100101111110100000000000000000000000000000000010
1010000100001001010101111101011110100000000000000000000000000000000010
1011111110100001110011100011111000100000000000000000000000000000000010
1011011001111010100101111000010001000000000000000000000000000000000010
1010100001101111110101101001011101000000000000000000000000000000000010
1011011110011000100111010111001110000000000000000000000000000000000010
1010110111001000101111100110010010100000000000000000000000000000000010
1011100100010001010000000010000001000000000000000000000000000000000010
1010010011001000010101111010010011000000000000000000000000000000000010
1010100100011011000001110001110010100000000000000000000000000000000010
1011111010101100001001001100111010100000000000000000000000000000000010
1010101011010010111100111001011001100000000000000000000000000000000010
1010011001111010100111000111001111000000000000000000000000000000000010
1010000000100001111111111101110100100000000000000000000000000000000010
1010010101010101110110011100101010100000000000000000000000000000000010
1010101001010100001111111100011001100000000000000000000000000000000010
1010110000110010000111001011111110000000000000000000000000000000000010
1011010010101111000111101001111110000000000000000000000000000000000010
1010101110010100010010111110101010100000000000000000000000000000000010
1010110011101000001100110001010010100000000000000000000000000000000010
1010011110000011000010000111001010100000000000000000000000000000000010
1011001000001011011011001001111110000000000000000000000000000000000010
1011100101001010010110011010101101100000000000000000000000000000000010
1011011101000010101100011011111010000000000000000000000000000000000010
1010101111110110010000111110110000000000000000000000000000000000000010
1010001010010110110001001110101110100000000000000000000000000000000010
1011011111011010100010000010111011000000000000000000000000000000000010
1010011100011000111011011000011011100000000000000000000000000000000010
1010001100110100000001000101100001000000000000000000000000000000000010
1011111110111101110100010010101100100000000000000000000000000000000010
1010011100001010101111101010111100100000000000000000000000000000000010
1011000111001000101100100111011010100000000000000000000000000000000010
1010000101100010101101111101001011100000000000000000000000000000000010
1010001101110100110101110001111110000000000000000000000000000000000010
1011110001111011000101111100001110100000000000000000000000000000000010
1011100010010010001111000010111001000000000000000000000000000000000010
1010010101000011110100111011111111100000000000000000000000000000000010
1010011011110001110100100011110111100000000000000000000000000000000010
1011110001110011000001110000110011000000000000000000000000000000000010
1010001101001100001110010110011101100000000000000000000000000000000010
1010000100010010110101110011101100100000000000000000000000000000000010
1010000010100110101110011001111011000000000000000000000000000000000010
1010110110011111000110000100101011000000000000000000000000000000000010
1010110001000000100001011110100110100000000000000000000000000000000010
1011001000010010000011111010101010100000000000000000000000000000000010
1011100000101010110100000001001010100000000000000000000000000000000010
1011001110100101100111111000111111100000000000000000000000000000000010
1010001101110000100011011110101010100000000000000000000000000000000010
1011100010011100000111110111111010000000000000000000000000000000000010
1011011001101000000011111011001010000000000000000000000000000000000010
1011000001000010001001100110111100100000000000000000000000000000000010
1010001111001010101101101101101101100000000000000000000000000000000010
1011100010010101011011110110111001000000000000000000000000000000000010
1010001001001011110100010011110111000000000000000000000000000000000010
1010100000101111110011111110111100100000000000000000000000000000000010
1011100001010110011001101011100010000000000000000000000000000000000010
1011000001000100100111101100011011000000000000000000000000000000000010
1011101000111011101110010000110000100000000000000000000000000000000010
1010000100101100011110011110111110100000000000000000000000000000000010
1011000111100010000000110101001000100000000000000000000000000000000010
1011001101010010100010000100110011000000000000000000000000000000000010
1010001110011101111101100100010110000000000000000000000000000000000010
1010000110110101110111111000101011100000000000000000000000000000000010
1010010100110001000111111010011101000000000000000000000000000000000010
1010111000100001100010011000010011100000000000000000000000000000000010
1010011101001000011010101100010001000000000000000000000000000000000010
1011100100101000000001101011011010000000000000000000000000000000000010
1010110111000011110110111010111101000000000000000000000000000000000010
1011010100001001100011011010000110100000000000000000000000000000000010
1010110110111010111110000110001111000000000000000000000000000000000010
1010100010100011111011010101110011100000000000000000000000000000000010
1010101010100000010011101001111001100000000000000000000000000000000010
1010010010011010110011110001111111100000000000000000000000000000000010
1010000000011110000101101011011110100000000000000000000000000000000010
1010011110001011010011111111010010000000000000000000000000000000000010
1011101111010000100001110111100010000000000000000000000000000000000010
1011111111011101111111110010111000100000000000000000000000000000000010
1010000010011001000011011111000011100000000000000000000000000000000010
1010010110010001010010001101000100000000000000000000000000000000000010
1010001011000101111101100100011010100000000000000000000000000000000010
1010001101001000011111110100111111100000000000000000000000000000000010
1011100111001000100011010010111100100000000000000000000000000000000010
1011001010010101000110000111100011100000000000000000000000000000000010
1010000011000101101010011110110111100000000000000000000000000000000010
1010001110001100101110010001111001000000000000000000000000000000000010
1011100010110010000001011011101111000000000000000000000000000000000010
1011001001110011011010111011000100000000000000000000000000000000000010
1011000010011101111010111111111111100000000000000000000000000000000010
1010100100010101101010111101010101000000000000000000000000000000000010
1011011111011100001011110111100110000000000000000000000000000000000010
1010101000010000101100100000101010000000000000000000000000000000000010
1011010111001011001001111010011101000000000000000000000000000000000010
1010110110000000000100101001111110100000000000000000000000000000000010
1011011001000101111001111101010110000000000000000000000000000000000010
1010100000101001101101101101111110100000000000000000000000000000000010
1010000001101001000000001111110111000000000000000000000000000000000010
1011000010011001001101101010101000000000000000000000000000000000000010
1010001100011011101111011000110010100000000000000000000000000000000010
1010110101010001100111111010111111100000000000000000000000000000000010
1010001101001101001001011100111011000000000000000000000000000000000010
1010010101010100010100100011111110000000000000000000000000000000000010
1011000100000101001001111101100100100000000000000000000000000000000010
1011100110000000000111110000111111000000000000000000000000000000000010
1011001001010110010111011111010111100000000000000000000000000000000010
1010011100000000011111101111110011100000000000000000000000000000000010
1011010000000000001101010010011001000000000000000000000000000000000010
1010101110000011010110011011110000000000000000000000000000000000000010
1010111000000010101010111101100111000000000000000000000000000000000010
1010111010011011011110010110010101100000000000000000000000000000000010
1011110111100100101110111010010011100000000000000000000000000000000010
1010100110001001100110100111101100100000000000000000000000000000000010
1011000010010101001001000100000100000000000000000000000000000000000010
1011100110100011101110011111011001100000000000000000000000000000000010
1011010110000010010001101000000010000000000000000000000000000000000010
1010101001010000110010011100110100000000000000000000000000000000000010
1011000100001000111000101110111101000000000000000000000000000000000010
1011100010111001010001100011000011100000000000000000000000000000000010
1010111011000001110101011000110111100000000000000000000000000000000010
1010010011100101000001000101001101100000000000000000000000000000000010
1011000011110101110101110111010111000000000000000000000000000000000010
1011111100001010001101011011101010100000000000000000000000000000000010
1010001000011011100011100101110011100000000000000000000000000000000010
1011000111001101100011000010101111100000000000000000000000000000000010
1011000110110100101101101011110010100000000000000000000000000000000010
1010110100101010011110110000100011100000000000000000000000000000000010
1010110110000110010110011111001011000000000000000000000000000000000010
1010000100001011000100100110000100000000000000000000000000000000000010
1011010110010101100101100101010010000000000000000000000000000000000010
1010101001010101101011101101110000100000000000000000000000000000000010
1010010101110100010100101101110100000000000000000000000000000000000010
1011000010000111100011101110011011100000000000000000000000000000000010
1010000110100101101010000011100110000000000000000000000000000000000010
1011001011101101100011100001100000100000000000000000000000000000000010
1011011001010010101101110001100111100000000000000000000000000000000010
1010001101110000010111011101011111100000000000000000000000000000000010
1011010111101001001011100011111110000000000000000000000000000000000010
1011111001100000000011111101011101100000000000000000000000000000000010
1011000101000101011000111101011110100000000000000000000000000000000010
1010101001100000000011101000111010000000000000000000000000000000000010
1011111000000010111111001101100001100000000000000000000000000000000010
1011000011000100001110110011110010100000000000000000000000000000000010
1010100010110011100111100110101001000000000000000000000000000000000010
1011000001100010010010111100001111100000000000000000000000000000000010
1011011000110101001010100110101111100000000000000000000000000000000010
1010000111010001111010101001100101100000000000000000000000000000000010
1010111110010000010011101101000000000000000000000000000000000000000010
1010100101000111010010011100000100100000000000000000000000000000000010
1011011001101001100001110111101110000000000000000000000000000000000010
1010110111000001110101100100011110100000000000000000000000000000000010
1010111111001000101011111101010101000000000000000000000000000000000010
1010111111000101101001101110110100000000000000000000000000000000000010
1011101001001000001011100000111100100000000000000000000000000000000010
1010110001010111000111110110101101000000000000000000000000000000000010
1010100000100000000110110011110110000000000000000000000000000000000010
1010010110011110111000010111011001000000000000000000000000000000000010
1011001101101010100101000011010111000000000000000000000000000000000010
1010111111000001010011010010000101000000000000000000000000000000000010
1010110011110111101111001101110010000000000000000000000000000000000010
1010011100110111110001001101010101100000000000000000000000000000000010
1011000000001100010101101011110111100000000000000000000000000000000010
1010001100111000000001010110100111000000000000000000000000000000000010
1011100010111010110101110001011010000000000000000000000000000000000010
1010000010000001000101101000011100100000000000000000000000000000000010
1010000000100000110111011001111011000000000000000000000000000000000010
1010000110001101001010001101110010000000000000000000000000000000000010
1011001001000000101110000110000111000000000000000000000000000000000010
1010001110101110001011101001110001000000000000000000000000000000000010
1010000001001000000100010110010000100000000000000000000000000000000010
1010101111101100100010111111111110100000000000000000000000000000000010
1010100101100010101110100111110011100000000000000000000000000000000010
1010011000010111110000110010001001100000000000000000000000000000000010
1010100000100000001110010110011101100000000000000000000000000000000010
1010001111010000000111111110111101100000000000000000000000000000000010
1010011000111000000101110111100100000000000000000000000000000000000010
1010000000010100101101111000001001000000000000000000000000000000000010
1011010001011011111011010110001111000000000000000000000000000000000010
1011010100100100000000111101111010100000000000000000000000000000000010
1011000000010101001110011110101011100000000000000000000000000000000010
1011100000110100000111001010101111000000000000000000000000000000000010
1011011101001000000110010101011111000000000000000000000000000000000010
1010010011010010100101110000111110000000000000000000000000000000000010
1010000111010111001111011111100010100000000000000000000000000000000010
1010011101010001010110000100111000100000000000000000000000000000000010
1011011110000000001111010011011011000000000000000000000000000000000010
1010011011100011101101100101101010000000000000000000000000000000000010
1011101111001000101101011110001100100000000000000000000000000000000010
1010001000110101010001110110111110100000000000000000000000000000000010
1011111110001100000000110111111100100000000000000000000000000000000010
1010011100000111011101111101011011000000000000000000000000000000000010
1010001000101001101001010001101011000000000000000000000000000000000010
1011001100000010010110011000011111000000000000000000000000000000000010
1010011010100100110111000011000101100000000000000000000000000000000010
1010011000000101001111111100101010000000000000000000000000000000000010
1011011111000011100101110000101101000000000000000000000000000000000010
1010100111000111100101111101011001100000000000000000000000000000000010
1011001100000000001100010111001101100000000000000000000000000000000010
1010110010010000010010011011111101000000000000000000000000000000000010
1011011000011111111101001000000010100000000000000000000000000000000010
1011111001000001001001101100111000100000000000000000000000000000000010
1011110001100110000100110111011010100000000000000000000000000000000010
1010010101111010010011110001110011000000000000000000000000000000000010
1011011100001101110101100101011100100000000000000000000000000000000010
1011100000001111111111101101010100100000000000000000000000000000000010
1010011110001001001110111111011100100000000000000000000000000000000010
1011110101100110110001110100110101100000000000000000000000000000000010
1011011000001111011001111111001000100000000000000000000000000000000010
1010000101010001001101011100001111100000000000000000000000000000000010
1010101000101010111101000110111111100000000000000000000000000000000010
1010000011011101000011011111110011000000000000000000000000000000000010
1011110110001110010101110011111101000000000000000000000000000000000010
1010110110001011100111010101100111000000000000000000000000000000000010
1011101010110110110110011111111100000000000000000000000000000000000010
1010011101110101111110010000001110000000000000000000000000000000000010
1011110101101111011000110011110111100000000000000000000000000000000010
1011010100001100100111001001110011000000000000000000000000000000000010
1011000010100110001101011101010100000000000000000000000000000000000010
1011000000011000011111010110111111100000000000000000000000000000000010
1011001001000011001101110001101101100000000000000000000000000000000010
1011101001100010000011000100000010100000000000000000000000000000000010
1010110000001010110001010111110100000000000000000000000000000000000010
1011000000111111010001101100010111100000000000000000000000000000000010
1010110101010000000101111000010100100000000000000000000000000000000010
1011111010000111100001100011011110100000000000000000000000000000000010
1011100010111010001010101000111111100000000000000000000000000000000010
1011011111111000001111101010010010000000000000000000000000000000000010
1011010011000000001001100011100111000000000000000000000000000000000010
1010101101001100000010101010110101000000000000000000000000000000000010
1010111011110011111100101000000101100000000000000000000000000000000010
1011100111101100010011100011011110000000000000000000000000000000000010
1011111111010101110100101011111101100000000000000000000000000000000010
1011110100111001011110110010101101000000000000000000000000000000000010
1011011010010111111100000110000101100000000000000000000000000000000010
1011101101010110001000100101011010000000000000000000000000000000000010
1011110011100000000100000101100010000000000000000000000000000000000010
1010010010000010111111111111011110000000000000000000000000000000000010
1010000101111011011100110000000110100000000000000000000000000000000010
1010011001011110000100110100011001100000000000000000000000000000000010
1010110010101110110010111100111001100000000000000000000000000000000010
1011110110100010001110011101010011000000000000000000000000000000000010
1011101000010010000000100110100011100000000000000000000000000000000010
1011000001000011010010011010001101100000000000000000000000000000000010
1011011011011100011110011110100011100000000000000000000000000000000010
1011110100110111001000110100001101100000000000000000000000000000000010
1010100011101000100101101100100101100000000000000000000000000000000010
1011010110111010011001110010011011100000000000000000000000000000000010
1011001000111001100110101111011111000000000000000000000000000000000010
1011001101111000000000100111100110100000000000000000000000000000000010
1011000001100000010100100010101101100000000000000000000000000000000010
1010010111111111011111010000111110100000000000000000000000000000000010
1010101100011000101010001010100101000000000000000000000000000000000010
1011000111111111010001111111110111100000000000000000000000000000000010
1010010001101000010011001010011111000000000000000000000000000000000010
1010000110001110001011010011011011000000000000000000000000000000000010
1010010101100100110111010111100100100000000000000000000000000000000010
1011110011110011100101001111101101100000000000000000000000000000000010
1011010100000011001001011001010011000000000000000000000000000000000010
1010101010000010010100111011111011100000000000000000000000000000000010
1010011001100000000001001111111110000000000000000000000000000000000010
1011110011110010100110011010001111000000000000000000000000000000000010
1011001101011011001010011001000011000000000000000000000000000000000010
1010100001011110000001101111101100100000000000000000000000000000000010
1011100111011010001110100110110110100000000000000000000000000000000010
1011110110000000100100010011011000100000000000000000000000000000000010
1011000010110011100101001010100111100000000000000000000000000000000010
1010001011000100101111010101110100100000000000000000000000000000000010
1010101110110011001110001101101111000000000000000000000000000000000010
1011100001111000001011010001110110100000000000000000000000000000000010
1011010010101111100100100100101011000000000000000000000000000000000010
1010001100000011100101001111010001100000000000000000000000000000000010
1010000110000010110111100011111011000000000000000000000000000000000010
1011111000000001001010001101000111100000000000000000000000000000000010
1010000011100101001000010100001101100000000000000000000000000000000010
1011010101001101000110101100101011000000000000000000000000000000000010
1011111100101110000010101110101011000000000000000000000000000000000010
1010110100001110011011101111101110000000000000000000000000000000000010
1011000010110100000000000111010110100000000000000000000000000000000010
1011000100001001100110010101101000000000000000000000000000000000000010
1010001010011100101010111101011000100000000000000000000000000000000010
1010001010100000001111010010011100100000000000000000000000000000000010
1011110000010010000000111101011000100000000000000000000000000000000010
1010010001100001011101100000111101000000000000000000000000000000000010
1010010011000001000000000011110000100000000000000000000000000000000010
1011010101000010001110100110011101100000000000000000000000000000000010
1011010000010111111101000111001101100000000000000000000000000000000010
1010000110010001010011011011110101100000000000000000000000000000000010
1010100011001000100000110011110101100000000000000000000000000000000010
1011100010110010000001001010110011100000000000000000000000000000000010
1010100011100101111110011101010010000000000000000000000000000000000010
1011111100000001101111100001110110100000000000000000000000000000000010
1010100110100101100010000110100011000000000000000000000000000000000010
1010100110010010101110001100010110100000000000000000000000000000000010
1011000000110110010111110000110010100000000000000000000000000000000010
1010101100000001011111101001011101000000000000000000000000000000000010
1011110011010001100111101110100001000000000000000000000000000000000010
1011001110000101000010111011001011100000000000000000000000000000000010
1010011010110000001110100001100001000000000000000000000000000000000010
1011001100001100110101101110010101000000000000000000000000000000000010
1011011001110100100001111110000100000000000000000000000000000000000010
1010011111100010100000111111111001100000000000000000000000000000000010
1010101101011010110000101001110011100000000000000000000000000000000010
1011000100110000010111111110011100100000000000000000000000000000000010
1011010111101000001001011010110000000000000000000000000000000000000010
1010101000001000000111001111001001100000000000000000000000000000000010
1010110000111000110100100011001011100000000000000000000000000000000010
1011011000010001101001111010001011100000000000000000000000000000000010
1011011000000100001010111010010010100000000000000000000000000000000010
1011011000001111010100100001111101000000000000000000000000000000000010
1010101100011000010000111111111110100000000000000000000000000000000010
1010011001010011110100110111011110100000000000000000000000000000000010
1010010011111000001111111011011110100000000000000000000000000000000010
1010001010001011110111000111110110100000000000000000000000000000000010
1010110100001000100111010011011100100000000000000000000000000000000010
1010001000011111100001011001111001000000000000000000000000000000000010
1011010111010000000001010100011101100000000000000000000000000000000010
1011010011011000000010110100110110100000000000000000000000000000000010
1010011011100110100001010101000101000000000000000000000000000000000010
1011010000010100001011101111111101100000000000000000000000000000000010
1010100000010100101011101101010010100000000000000000000000000000000010
1011010100111101110101110111001101100000000000000000000000000000000010
1010010111001111110000000101011100000000000000000000000000000000000010
1010000001001111111111100010100001000000000000000000000000000000000010
1010100100110111011000001101011000100000000000000000000000000000000010
1010001001110110100001100111011011100000000000000000000000000000000010
1011110001101111100001011100010111100000000000000000000000000000000010
1011000100000000010100011110100100100000000000000000000000000000000010
1011000110100001001001101111110101100000000000000000000000000000000010
1010010000011111001110011110101010000000000000000000000000000000000010
1010001110100010011111110101101010000000000000000000000000000000000010
1010001000001100011110101010110111000000000000000000000000000000000010
1011100111110100111100001110000111000000000000000000000000000000000010
1010110000100100011100111110110100000000000000000000000000000000000010
1011010111101010011111101100001100100000000000000000000000000000000010
1010001100101101011010000001101100100000000000000000000000000000000010
1010110111111000001110100101110111000000000000000000000000000000000010
1011111010000011011011010110111011100000000000000000000000000000000010
1010001011001010110111101000011110000000000000000000000000000000000010
1010011101011001010010001000010101000000000000000000000000000000000010
1011011101111000010110100110001011100000000000000000000000000000000010
1010010000000011100101000100111001000000000000000000000000000000000010
1011000100110011111101111100100010100000000000000000000000000000000010
1010010001001101001100001010110000100000000000000000000000000000000010
1011100010000110101110100110011111100000000000000000000000000000000010
1010001110001100010001111100110011000000000000000000000000000000000010
1011100001110000100011101110101100000000000000000000000000000000000010
1011001010100111010111001011110100000000000000000000000000000000000010
1010100110000011010101110011101110100000000000000000000000000000000010
1010000000000001000110111010000011100000000000000000000000000000000010
1011000001000110001101110010001110100000000000000000000000000000000010
1011001111010100010011001011001111000000000000000000000000000000000010
1011100000100100011000010101000110100000000000000000000000000000000010
1011011111110011100111010101111010100000000000000000000000000000000010
1011011110001110011111110001111111000000000000000000000000000000000010
1010100000011000100100000111111011000000000000000000000000000000000010
1010011101100001000001010011100011100000000000000000000000000000000010
1011011111100011111111110101101001100000000000000000000000000000000010
1010110110000010111101100010111011100000000000000000000000000000000010
1010011100111110001000111010111101100000000000000000000000000000000010
1010110011010011001010110011110010000000000000000000000000000000000010
1010100010100011110111011111000110100000000000000000000000000000000010
1011010111001001010011110010011111000000000000000000000000000000000010
1011100010011111101101000110000101100000000000000000000000000000000010
1010000000010001010111001101110000000000000000000000000000000000000010
1011100100100111010110011001010111100000000000000000000000000000000010
1011101110100101011010001100001011100000000000000000000000000000000010
1011110000110000000010001000111110000000000000000000000000000000000010
1010101010011100010111111011000000100000000000000000000000000000000010
1010111100000111010110101111001101000000000000000000000000000000000010
1011100101000000010001111110010100100000000000000000000000000000000010
1010111000110000111111001001011111000000000000000000000000000000000010
1010101010100001000010101001110000000000000000000000000000000000000010
1010101100100100111111100000001111100000000000000000000000000000000010
1010101010111001000101110001110011000000000000000000000000000000000010
1010000101000011000000010001100101000000000000000000000000000000000010
1010100101000101010110001000001110000000000000000000000000000000000010
1011110111100110001010101111011110100000000000000000000000000000000010
1010010110011111101101111111011111100000000000000000000000000000000010
1010001101010001110001111010010100000000000000000000000000000000000010
1011111011000011000111011110011110100000000000000000000000000000000010
1010110101001011001100000110010010100000000000000000000000000000000010
1010001010000111001101101011101110000000000000000000000000000000000010
1010000010001010000101001111001000100000000000000000000000000000000010
1011011011110110100100111001011111100000000000000000000000000000000010
1010100110001010100110010101110011100000000000000000000000000000000010
1010000111110011011100111001110001100000000000000000000000000000000010
1010110111011100101011101111110101100000000000000000000000000000000010
1010110111010000110100110111101001000000000000000000000000000000000010
1011111100000010111011110111111010000000000000000000000000000000000010
1010001111010001100100001001111001100000000000000000000000000000000010
1011111011010001001011010111110000000000000000000000000000000000000010
1010010111011000110110011111110101100000000000000000000000000000000010
1010101101110001011011111111101101100000000000000000000000000000000010
1011010000110101110101101001011110100000000000000000000000000000000010
1010111111011000101100010111010110000000000000000000000000000000000010
1011100111001101000011111010011010100000000000000000000000000000000010
1011100110101000100010011100111101000000000000000000000000000000000010
1011001100101110110111111011001101100000000000000000000000000000000010
1011100001101010110110111010010100000000000000000000000000000000000010
1011010011000000100101011010101110000000000000000000000000000000000010
1010100001101100000000111011000101100000000000000000000000000000000010
1011001101111101100101101011100111100000000000000000000000000000000010
1010100100011000100010101000110000100000000000000000000000000000000010
1011110111100001000000111011001010100000000000000000000000000000000010
1010000011100100000101001110111110100000000000000000000000000000000010
1011100100100101001011111011111111100000000000000000000000000000000010
1010010111000011001000111110000101100000000000000000000000000000000010
1011111000110101001011110010011100100000000000000000000000000000000010
1011100100100010010000101100000001000000000000000000000000000000000010
1010001101001110100000001000101100100000000000000000000000000000000010
1010100000110010001000111111110111100000000000000000000000000000000010
1011100011010000010100010011111110100000000000000000000000000000000010
1011101111111000100101110111110111100000000000000000000000000000000010
1010001011010010100001111000011111000000000000000000000000000000000010
1010000110001001101110011111011100100000000000000000000000000000000010
1010010100001111000100101011001111000000000000000000000000000000000010
1010011101010011001011011010010111000000000000000000000000000000000010
1011100110010011100100110101000001000000000000000000000000000000000010
1011000110001101001010101010000011000000000000000000000000000000000010
1010011101100000010000111010111010000000000000000000000000000000000010
1010011010001011101101010110101110000000000000000000000000000000000010
1011001110110001101110100100100111100000000000000000000000000000000010
1010000101011101001110011010110011000000000000000000000000000000000010
1010110010101010100000100011100110000000000000000000000000000000000010
1010011100000000000011101101001100000000000000000000000000000000000010
1011111100101011011010001011100111100000000000000000000000000000000010
1010010100000100001100110000000111100000000000000000000000000000000010
1010001100010110100110100001110011000000000000000000000000000000000010
1010010010000100000001000110001101000000000000000000000000000000000010
1011001011010000010010011111111011100000000000000000000000000000000010
1011010000101100001100101010111110100000000000000000000000000000000010
1011001110000110100101001011100100100000000000000000000000000000000010
1011100011001101000011111010010001100000000000000000000000000000000010
1011000001011110010011000000010111000000000000000000000000000000000010
1010000010000001001011001110010010100000000000000000000000000000000010
1010010100000001000000100001101100100000000000000000000000000000000010
1011111001001101000000000101111011000000000000000000000000000000000010
1010011101110100000101010100001000000000000000000000000000000000000010
1010100101110101101001011110011110000000000000000000000000000000000010
1010001011101100111100100110111100000000000000000000000000000000000010
1011110100011010010001011111110101000000000000000000000000000000000010
1010001000110100000110111110100111000000000000000000000000000000000010
1010110101111100111011000111001110000000000000000000000000000000000010
1010001101100111001111010110100101000000000000000000000000000000000010
1011100100110101000000001101111010100000000000000000000000000000000010
1011110001100110001001010111100100000000000000000000000000000000000010
1010110000101110101001111110010001100000000000000000000000000000000010
1011001011000010100011111011000001000000000000000000000000000000000010
1011000110010011011001001011000110100000000000000000000000000000000010
1011100010111110100011011101101000000000000000000000000000000000000010
1010000101001111111111001011010000100000000000000000000000000000000010
1010000000100000000010111010000011000000000000000000000000000000000010
1010010100000011001100010110011110100000000000000000000000000000000010
1011110010100011000000011011110100000000000000000000000000000000000010
1010010001000000110010101011101011000000000000000000000000000000000010
1010011010101110101101101000011010000000000000000000000000000000000010
1010100010000011100100101110001110100000000000000000000000000000000010
1011101011101000101001111000001111000000000000000000000000000000000010
1010010001001001010111101111110110100000000000000000000000000000000010
1011000111110010001110100011100011100000000000000000000000000000000010
1010011001110001001110000011110110100000000000000000000000000000000010
1010010111001000001100100001011000000000000000000000000000000000000010
1011000100001101100101000101110111100000000000000000000000000000000010
1011101001000110001111101010001001000000000000000000000000000000000010
1011011000111001001110100011110111000000000000000000000000000000000010
1010101100010010100111011011011000000000000000000000000000000000000010
1011101100000111100110010111101100000000000000000000000000000000000010
1011000011011010001011111001111011000000000000000000000000000000000010
1011010000100010000111100010011011000000000000000000000000000000000010
1010001001000000100100110001101011100000000000000000000000000000000010
1011010001100110010011000111010110000000000000000000000000000000000010
1010001100010100010001111110100101100000000000000000000000000000000010
1010100001111101100000101001010101000000000000000000000000000000000010
1011010011110010000101011111011111000000000000000000000000000000000010
1010000000001100110111111111111111100000000000000000000000000000000010
1010010111000010011010101111100111000000000000000000000000000000000010
1011100100101001010000110000101100000000000000000000000000000000000010
1010100010101110110000110101101010000000000000000000000000000000000010
1010011011001110010110110011111101100000000000000000000000000000000010
1010010110011011110010011001111101100000000000000000000000000000000010
1010001101010111110111111111101010100000000000000000000000000000000010
1010100010011011010001010100110111100000000000000000000000000000000010
1011100101000100010111010110101111000000000000000000000000000000000010
1010111110000011000011010011101101100000000000000000000000000000000010
1011000100000110100100001101110001000000000000000000000000000000000010
1010010100001010101011000011101110100000000000000000000000000000000010
1010110010111001110111010101100100000000000000000000000000000000000010
1011011010000000111010011110100111000000000000000000000000000000000010
1011011011011010100001001101110110100000000000000000000000000000000010
1011111110111100110001010101001010000000000000000000000000000000000010
1010110011110001010011111100101001000000000000000000000000000000000010
1011010001011000011011111000101011100000000000000000000000000000000010
1010111011100001010011100011100001000000000000000000000000000000000010
1011111111101101000101110000001111000000000000000000000000000000000010
1010010001011010101001110000100100000000000000000000000000000000000010
1010110110000100011001111110011111100000000000000000000000000000000010
1010011000000101111010101011010110100000000000000000000000000000000010
1010101010001101000111101101001010100000000000000000000000000000000010
1010011100111110010011100001001101000000000000000000000000000000000010
1011110000001010100100111101101011100000000000000000000000000000000010
1010110000110000100101001010000111100000000000000000000000000000000010
1011110111000001110010011011111011100000000000000000000000000000000010
1010001011111110001011111111001111100000000000000000000000000000000010
1010111101100100110110010110100110100000000000000000000000000000000010
1010010000100110001011011100100001000000000000000000000000000000000010
1011100010011010000010101110011011100000000000000000000000000000000010
1010011011100000001011001011011110000000000000000000000000000000000010
1010110110100010111111100011010111000000000000000000000000000000000010
1011110001111011011100111001100111000000000000000000000000000000000010
1010100110010000011001110111011111100000000000000000000000000000000010
1010100110101011010100111010010000100000000000000000000000000000000010
1010001110100111100010010011011110000000000000000000000000000000000010
1011100001010100000010111011110110000000000000000000000000000000000010
1011100100010011101100101111011101100000000000000000000000000000000010
1010110000000100011011111100101101000000000000000000000000000000000010
1011001101001011010101011011101001000000000000000000000000000000000010
1010110001000100101101110111101011100000000000000000000000000000000010
1010010111110110000111100101110110100000000000000000000000000000000010
1011000010101001001101000101101111100000000000000000000000000000000010
1010101101010010011011010011111110100000000000000000000000000000000010
1010100011000010000101110101111011100000000000000000000000000000000010
1010100111010010001111010001101100100000000000000000000000000000000010
1011010110011010000111101101100111100000000000000000000000000000000010
1010100001010000111111000111111110100000000000000000000000000000000010
1010001000100001110101010001110011000000000000000000000000000000000010
1010001010010010100001111000101001100000000000000000000000000000000010
1011110010010010001111101100110111100000000000000000000000000000000010
1011000101100000110110010011100100100000000000000000000000000000000010
1011001000101111110100001100101001100000000000000000000000000000000010
1010110110000110001011010110101100100000000000000000000000000000000010
1010010000010010001101001000111010000000000000000000000000000000000010
1011110001110000011111110011001101000000000000000000000000000000000010
1011111010011101100010001100110001000000000000000000000000000000000010
1011110010000001001001100100011110000000000000000000000000000000000010
1010010000010000110001011111111111100000000000000000000000000000000010
1010000110011000010011010100001100100000000000000000000000000000000010
1010000001110001000111000000100001100000000000000000000000000000000010
1011000100100010110010010011111111000000000000000000000000000000000010
1011000000010111011011111111110111100000000000000000000000000000000010
1010010011110110001010100100111111100000000000000000000000000000000010
1011001010100100000001110101111011000000000000000000000000000000000010
1011000011101000000011101110111111000000000000000000000000000000000010
1010010011111110111010010001010010000000000000000000000000000000000010
1010110001111000100110110100001100100000000000000000000000000000000010
1010001111101000010000011100011110000000000000000000000000000000000010
1010001000001000011110100110011001100000000000000000000000000000000010
1010010110000000100101111001110010100000000000000000000000000000000010
1010111100000111000000111111001100000000000000000000000000000000000010
1011001001101000001011111110001001100000000000000000000000000000000010
1011010011101100011000000111000001100000000000000000000000000000000010
1010001010101100100111101001011100000000000000000000000000000000000010
1011100001000100110010011011110001100000000000000000000000000000000010
1010000010111100110011100000111000100000000000000000000000000000000010
1011110011000111000100010101110011100000000000000000000000000000000010
1010101110000010110101010000111010100000000000000000000000000000000010
1011011100110000111110100111111111000000000000000000000000000000000010
1011101101100010111001110111011110000000000000000000000000000000000010
1011101000010101000111101110110101100000000000000000000000000000000010
1010001000101011101111000111111011100000000000000000000000000000000010
1010100010011101011111100100101101100000000000000000000000000000000010
1011010000101110110101100110001110000000000000000000000000000000000010
1010101111011101010110010001111001100000000000000000000000000000000010
1010001011010101011011011011111111000000000000000000000000000000000010
1011110000011101101101100111111011100000000000000000000000000000000010
1010010111001101110011101110100101100000000000000000000000000000000010
1010111111111010000110100111011000000000000000000000000000000000000010
1010110011011110100100100000011001100000000000000000000000000000000010
