1010101100000101101100011000111000100000000000000000000000000000000010
1011001100001000101100000110000110000000000000000000000000000000000010
1010111101110110010110010111010100000000000000000000000000000000000010
1011101100110111111000000000101010000000000000000000000000000000000010
1010101011110100110000011011111100000000000000000000000000000000000010
1010100111110000110000010001011001000000000000000000000000000000000010
1011100101001010110000110010010011000000000000000000000000000000000010
1010111100001111110001110111000010000000000000000000000000000000000010
1010010101000111101100010001000100100000000000000000000000000000000010
1010001100100110101100001100010000000000000000000000000000000000000010
1011110100100101101000010100110110000000000000000000000000000000000010
1010011100010001010110001000111011000000000000000000000000000000000010
1011001110110111011000100010000110100000000000000000000000000000000010
1011110111010111001001111010001000000000000000000000000000000000000010
1011100011100011110101010010011001000000000000000000000000000000000010
1010110100011111010001011010000010000000000000000000000000000000000010
1010110101010011101000100011001011000000000000000000000000000000000010
1010110110010010101101101001011110000000000000000000000000000000000010
1010111000100111011110111101100010000000000000000000000000000000000010
1011101101011110001110111001001111000000000000000000000000000000000010
1011011101100101110101110000100111100000000000000000000000000000000010
1010110010100110111000000111000001100000000000000000000000000000000010
1011011000000101000101100100100100000000000000000000000000000000000010
1011010100000100010111011000101001000000000000000000000000000000000010
1011110011100000010101001101110011100000000000000000000000000000000010
1010101011101010110111101001010000100000000000000000000000000000000010
1011011000011011101000010011001010000000000000000000000000000000000010
1011111101110110110110001010111111000000000000000000000000000000000010
1011101001110000001000011000100101100000000000000000000000000000000010
1011111100011111010100000111001010100000000000000000000000000000000010
1011111101100011000000010110000100000000000000000000000000000000000010
1011110110011000000010011000111010100000000000000000000000000000000010
1011010010111101011100111000111111100000000000000000000000000000000010
1011010111110010000110001111011000000000000000000000000000000000000010
1010110111110011110100011001101011000000000000000000000000000000000010
1011110001010100111001000000101010000000000000000000000000000000000010
1011101111000011101101011111100111000000000000000000000000000000000010
1011111100010011111101000010001000100000000000000000000000000000000010
1010011110010101111010001000001101100000000000000000000000000000000010
1010001110101001101111001001001010100000000000000000000000000000000010
1011001110000010111000000000000101000000000000000000000000000000000010
1010110111110110111010001000111010000000000000000000000000000000000010
1010111110010110111010011010110111000000000000000000000000000000000010
1011100011111001011101111110001000100000000000000000000000000000000010
1011101010001011111101100010011011000000000000000000000000000000000010
1011111111101111001000110010111000100000000000000000000000000000000010
1010000110010000000110010100000000100000000000000000000000000000000010
1010010010101010111100101111001010000000000000000000000000000000000010
1011001010001110100011010000010100000000000000000000000000000000000010
1011011111011101011010101110101100100000000000000000000000000000000010
1010111010110111101100011000110111000000000000000000000000000000000010
1010010111011001011101010010010000000000000000000000000000000000000010
1010010111010011100001101100010100100000000000000000000000000000000010
1010111100001110101101111010111111000000000000000000000000000000000010
1010000011001011010011010110110111000000000000000000000000000000000010
1011010010101010111000000001000010000000000000000000000000000000000010
1010111000110100010001111111100100100000000000000000000000000000000010
1010010010010100101101100010110000000000000000000000000000000000000010
1010001111001011111011010001101110100000000000000000000000000000000010
1011110000011101001001100111111100000000000000000000000000000000000010
1010100010010110100101101100101010000000000000000000000000000000000010
1011001101100000011101001111000010000000000000000000000000000000000010
1011010001100100101111011001110000000000000000000000000000000000000010
1011001100010110110000101000001010100000000000000000000000000000000010
1011011011011000011000110100101000000000000000000000000000000000000010
1010100001110110101000000001111000100000000000000000000000000000000010
1011010001110101010010011010111101000000000000000000000000000000000010
1010000001101011000111101111001001000000000000000000000000000000000010
1011110111011011101100001001101010000000000000000000000000000000000010
1011100101001010111100100100000010100000000000000000000000000000000010
1011100101111100011001000001010100000000000000000000000000000000000010
1011011110111111100011101100111000000000000000000000000000000000000010
1010100010111100000000110111001010000000000000000000000000000000000010
1011001101000111100000001101001101000000000000000000000000000000000010
1011010001110110010100011100000001100000000000000000000000000000000010
1011110110010011110101110101001100000000000000000000000000000000000010
1011111111011101100110010100110000000000000000000000000000000000000010
1010001110110001101111011000001010100000000000000000000000000000000010
1011001001101001111000100100000110100000000000000000000000000000000010
1011011100000100110100101011101111100000000000000000000000000000000010
1011100110100000001111100010101111100000000000000000000000000000000010
1010111011010000011011010011010011000000000000000000000000000000000010
1010110001101110110100100111010100000000000000000000000000000000000010
1010110000100010110011000101100000100000000000000000000000000000000010
1011101011110011110000111111110010000000000000000000000000000000000010
1010101100011100000001101011001010100000000000000000000000000000000010
1010010101111101101001010011000001000000000000000000000000000000000010
1010000110000010110011101100001101100000000000000000000000000000000010
1010101011011110111101100101010001100000000000000000000000000000000010
1011111100011111110000100111111111100000000000000000000000000000000010
1010011001101111001001010000110010000000000000000000000000000000000010
1010010000101111010101000111010011100000000000000000000000000000000010
1011100001110011100000010101111110100000000000000000000000000000000010
1011011011001011010100100000100100100000000000000000000000000000000010
1010001001111101101011000001000100000000000000000000000000000000000010
1011000000001001101001000111101101000000000000000000000000000000000010
1011100100010010111000000100011001000000000000000000000000000000000010
1011111100011010111111000111000000000000000000000000000000000000000010
1010001011010011011100100001100111100000000000000000000000000000000010
1010010101001010111000001010101110100000000000000000000000000000000010
1011111011001101110001011010110100000000000000000000000000000000000010
1010101001101001111000001100001101100000000000000000000000000000000010
1011110111110110101011001010101001100000000000000000000000000000000010
1011000110101111011001000110110100000000000000000000000000000000000010
1011101100010000111011001001010101000000000000000000000000000000000010
1011111000101100101100000101111010100000000000000000000000000000000010
1010110000011101100010110101001001000000000000000000000000000000000010
1011010100101111010111110010100010000000000000000000000000000000000010
1011101101101000110001000000010010000000000000000000000000000000000010
1010111101101111101000111000101011100000000000000000000000000000000010
1011010011000110010100101000111101100000000000000000000000000000000010
1011000110010101111001001111001010000000000000000000000000000000000010
1011110101110000110010011011100101000000000000000000000000000000000010
1010110110110101010100011101111010100000000000000000000000000000000010
1011111000111011010001010001111100000000000000000000000000000000000010
1010000110001110010011111101100010100000000000000000000000000000000010
1010110111100011101000010010001011000000000000000000000000000000000010
1011101000011011111010001010100011100000000000000000000000000000000010
1010100000000010110110011011101000100000000000000000000000000000000010
1010101010011000110000010000110000000000000000000000000000000000000010
1011010001010001100001010001000000000000000000000000000000000000000010
1011110100001011101010011011011001100000000000000000000000000000000010
1011001000101111110111000011001111100000000000000000000000000000000010
1011011111111110011011110000011111100000000000000000000000000000000010
1011000100100100001100100000100011000000000000000000000000000000000010
1011001100000100100001010000010011000000000000000000000000000000000010
1011111011111001110000100001010001000000000000000000000000000000000010
1010101101001101001000110001101101000000000000000000000000000000000010
1011011100110001001010100011100100100000000000000000000000000000000010
1010101000010000100101100010110001100000000000000000000000000000000010
1010111111111100110000011000010111100000000000000000000000000000000010
1010100000010010111001010010000100100000000000000000000000000000000010
1010010101110001111111101000110111100000000000000000000000000000000010
1010101001101111101110010100011010000000000000000000000000000000000010
1010100111110000110010101011100011000000000000000000000000000000000010
1010001111001101100111100100101110100000000000000000000000000000000010
1010101011110100000101000011011000100000000000000000000000000000000010
1010111100001110011110100111100011000000000000000000000000000000000010
1010111100001110111011010011101110000000000000000000000000000000000010
1011111111111110111001101011100010100000000000000000000000000000000010
1011010001111101001000001011001110100000000000000000000000000000000010
1011110011101010001100010111101010100000000000000000000000000000000010
1011100011011100000001011011011100100000000000000000000000000000000010
1010101110110111100001001010011011000000000000000000000000000000000010
1011011001110100010111000011111111000000000000000000000000000000000010
1010111110011011110100100100100001100000000000000000000000000000000010
1010110101111001011000110100100000000000000000000000000000000000000010
1011010011001010000001010011100110100000000000000000000000000000000010
1010110111011000111110000010011110100000000000000000000000000000000010
1010010111011010000110111110010001000000000000000000000000000000000010
1011011100001111011101111111110101100000000000000000000000000000000010
1010111011111011101011011010000000000000000000000000000000000000000010
1011001101001000010101101010010011000000000000000000000000000000000010
1011011000111010111101111100101000100000000000000000000000000000000010
1011100110111011001001010101010111000000000000000000000000000000000010
1010111001000001000001011000110111100000000000000000000000000000000010
1010001111101110000011000011010000100000000000000000000000000000000010
1011010101111000000000110110101000000000000000000000000000000000000010
1010000000111110010001000100100101100000000000000000000000000000000010
1011001001011011010001001001010100000000000000000000000000000000000010
1010011000111011101110110001000000100000000000000000000000000000000010
1010010100000000100010100101011111000000000000000000000000000000000010
1010110001011001000110110111111110100000000000000000000000000000000010
1011111101100010001001110000010010000000000000000000000000000000000010
1011000001001100010010101110111010100000000000000000000000000000000010
1011110001101100100001110011000000000000000000000000000000000000000010
1010101101101110101010000001101101100000000000000000000000000000000010
1010111100100100010001101000010011100000000000000000000000000000000010
1010101101000100010110000001101000000000000000000000000000000000000010
1010111110011101000010110111100110000000000000000000000000000000000010
1011101101001010001100011010011100100000000000000000000000000000000010
1011100000111001011010010101111001100000000000000000000000000000000010
1011111000100011100111101011010000100000000000000000000000000000000010
1011011010011010001101001000000100000000000000000000000000000000000010
1010000000100010001110110000100001000000000000000000000000000000000010
1011100000101111111011110110101010000000000000000000000000000000000010
1010010100101001011110000110001110100000000000000000000000000000000010
1010101110110000001100111000010101000000000000000000000000000000000010
1010101011010001000001000000110111000000000000000000000000000000000010
1011111111101000101010000000101001000000000000000000000000000000000010
1010111110001010010111000011111100100000000000000000000000000000000010
1011100000111000000101100011100100100000000000000000000000000000000010
1011110001010001010000000100111010100000000000000000000000000000000010
1011101000100001011000010011100101000000000000000000000000000000000010
1010100001111001010011110010000001100000000000000000000000000000000010
1010011111110101101101010011010100100000000000000000000000000000000010
1010110001101011111001000111100011000000000000000000000000000000000010
1010110100000111101111111011101001000000000000000000000000000000000010
1011101111111011010011000100000001000000000000000000000000000000000010
1011100010010101011001010100110010000000000000000000000000000000000010
1011000100111111111001110110001000000000000000000000000000000000000010
1011111111111001111000010100001111000000000000000000000000000000000010
1011001001010010011111001011110110000000000000000000000000000000000010
1010101100010011000010001111011101000000000000000000000000000000000010
1010111001000110011010000100001001100000000000000000000000000000000010
1011111000111101011101001100110001100000000000000000000000000000000010
1011101100110111111101100001111001100000000000000000000000000000000010
1011001110110001111100011001001110000000000000000000000000000000000010
1010111100011111011111001011110111100000000000000000000000000000000010
1010111011101000111100010000010011000000000000000000000000000000000010
1011100110110001011100000100011011100000000000000000000000000000000010
1011011010110100110101000100111100100000000000000000000000000000000010
1010010011010001010010110101101100000000000000000000000000000000000010
1010010100001000101100110111110011000000000000000000000000000000000010
1011101111000100011000001011100010100000000000000000000000000000000010
1011000110100001110101010010011111100000000000000000000000000000000010
1010111111010110001111111110001111100000000000000000000000000000000010
1011011101110001001100110110100001100000000000000000000000000000000010
1010101101100001111111000100001101100000000000000000000000000000000010
1011100111100000011000110100101011000000000000000000000000000000000010
1011111110110100011111110011110101000000000000000000000000000000000010
1010000011111111101011001101101101000000000000000000000000000000000010
1011011100101100110100000001010011100000000000000000000000000000000010
1010001100000010110110001100010001000000000000000000000000000000000010
1011110101110000110000010010001100000000000000000000000000000000000010
1011110000100001101101110100101011000000000000000000000000000000000010
1011111111100011011000000010001110100000000000000000000000000000000010
1010111000110110011101111100111110100000000000000000000000000000000010
1011001001110110101101000110111111000000000000000000000000000000000010
1010100101000011101010111101001101000000000000000000000000000000000010
1010010100001111110111101011010110000000000000000000000000000000000010
1010101001001110101110100100001111100000000000000000000000000000000010
1011111101111000101001000011110010100000000000000000000000000000000010
1010111101111000101001010101001011000000000000000000000000000000000010
1011110001110110100000110111100101100000000000000000000000000000000010
1011111100100011111000011001000010100000000000000000000000000000000010
1011100001110110111101000111011111000000000000000000000000000000000010
1010111101011110100010110101010100000000000000000000000000000000000010
1010010100101001110111001000000010000000000000000000000000000000000010
1011000000001100110001110001011101100000000000000000000000000000000010
1011101111100010011000011111000111100000000000000000000000000000000010
1010010111001111111100010011000101100000000000000000000000000000000010
1011110001111110111110101111011101000000000000000000000000000000000010
1010100111011110010100100111101110100000000000000000000000000000000010
1010101011110101111011111101011111000000000000000000000000000000000010
1011010011011100100000110100010011100000000000000000000000000000000010
1011010001111011000001011000110001100000000000000000000000000000000010
1010000011100011000111101110100101000000000000000000000000000000000010
1011001110001000010100001001001011000000000000000000000000000000000010
1011000001101011111010001000111101000000000000000000000000000000000010
1010101011011101100110010011101000100000000000000000000000000000000010
1011010101001111110110000010010000100000000000000000000000000000000010
1010111001111110110001000001011100000000000000000000000000000000000010
1010001011110101101110110100001001100000000000000000000000000000000010
1010101011111010001011010011011011000000000000000000000000000000000010
1010101100001111110001010110101001100000000000000000000000000000000010
1011100110111111000111011111111001100000000000000000000000000000000010
1011111111001001011000111001000100000000000000000000000000000000000010
1010101010001100111111000001010000000000000000000000000000000000000010
1010010000111101000111100000010000000000000000000000000000000000000010
1010111001010111110011101001111000100000000000000000000000000000000010
1011100101011100001000001111001010100000000000000000000000000000000010
1011001110011111111001101011101001000000000000000000000000000000000010
1011001100001010000101000111111101100000000000000000000000000000000010
1011111100111101001101001110111100100000000000000000000000000000000010
1011101111010101101100110000010000100000000000000000000000000000000010
1011111010101110000110110111101111000000000000000000000000000000000010
1010110010001000110000000001000100000000000000000000000000000000000010
1011101001010000110010010110101110000000000000000000000000000000000010
1010000001001010010000111001010100100000000000000000000000000000000010
1011111110100101011101100010011111100000000000000000000000000000000010
1010001101000011001101010000100010000000000000000000000000000000000010
1011011111111110100101001010110111000000000000000000000000000000000010
1011101000100110011010010100001000100000000000000000000000000000000010
1011110110111110111110110110100111100000000000000000000000000000000010
1010011010001001101011101110000101100000000000000000000000000000000010
1010100100101110011101101100010010000000000000000000000000000000000010
1010000111110100111010000001000100000000000000000000000000000000000010
1011100110101000110010110100110110000000000000000000000000000000000010
1010111010101001101110010010001110100000000000000000000000000000000010
1011101110011111000101110010111001000000000000000000000000000000000010
1011100001001100001100010110101011100000000000000000000000000000000010
1010111010001110010110010011101001100000000000000000000000000000000010
1011011100111100101000011110010101100000000000000000000000000000000010
1010011110011110100001000101000100100000000000000000000000000000000010
1011010011110001000010010001000000100000000000000000000000000000000010
1010100001000111011111000000110111000000000000000000000000000000000010
1011010110101100101001101011100000000000000000000000000000000000000010
1011111111010010110100101010110101000000000000000000000000000000000010
1011101101011010000000100000101001000000000000000000000000000000000010
1011100111110100101001111001011110000000000000000000000000000000000010
1011011000101110000100110010111101100000000000000000000000000000000010
1011011100101110101010000010110011000000000000000000000000000000000010
1010000010110111001100110011101111000000000000000000000000000000000010
1010011001110110111111000000001010000000000000000000000000000000000010
1010101110111010011010111111110011000000000000000000000000000000000010
1011000000010010111110000111000001000000000000000000000000000000000010
1011111001000101100101110010100000000000000000000000000000000000000010
1011110111100011010101010001111000000000000000000000000000000000000010
1011110010110110001000110001000100000000000000000000000000000000000010
1011111101101101110010100101011111000000000000000000000000000000000010
1011101010111110010101111111101001000000000000000000000000000000000010
1011001100110101001000101000101011100000000000000000000000000000000010
1011011011110010101011001100100111100000000000000000000000000000000010
1011101100000001111011010110001000100000000000000000000000000000000010
1011101011001111110100101101000111100000000000000000000000000000000010
1010010111101100111101000000111111100000000000000000000000000000000010
1011101010011110011001001010110100000000000000000000000000000000000010
1011100001101011010001000100100011000000000000000000000000000000000010
1011111100110011011110101110100001100000000000000000000000000000000010
1010101111001101010000100111000010000000000000000000000000000000000010
1011100010010111111000010001010110100000000000000000000000000000000010
1010101001010110011011101100011110000000000000000000000000000000000010
1011111111111111111101101010100100100000000000000000000000000000000010
1011111101111011110011101100101100000000000000000000000000000000000010
1010001111011100110001001010011010000000000000000000000000000000000010
1010101110001111010011001010101111100000000000000000000000000000000010
1010100100111011001111100110111001100000000000000000000000000000000010
1011110111110101111100001100011010000000000000000000000000000000000010
1010011110000001110110101001011111100000000000000000000000000000000010
1010010010100110100110001001110101100000000000000000000000000000000010
1011111101111001011000010100000101100000000000000000000000000000000010
1010000111011011110100100001110010100000000000000000000000000000000010
1011101101001110101111000010001110000000000000000000000000000000000010
1011011011000110000001000010110110100000000000000000000000000000000010
1011101100101111110100000110100111100000000000000000000000000000000010
1010100001111110110000101101001011100000000000000000000000000000000010
1011001001010001101101001011010110100000000000000000000000000000000010
1010101100111010111111110101110001100000000000000000000000000000000010
1010101011010011110001000101101000100000000000000000000000000000000010
1011111011101010000110111000100100100000000000000000000000000000000010
1010111011110000010011001011110000000000000000000000000000000000000010
1011011011101101100111010111000011000000000000000000000000000000000010
1011011100101111110010001010110110000000000000000000000000000000000010
1010011101110011111000000001100111000000000000000000000000000000000010
1011001011100011101000101001000110000000000000000000000000000000000010
1010011101011001111011011000111011100000000000000000000000000000000010
1011100011101001101000001101000001100000000000000000000000000000000010
1011110001010000011110000100011000100000000000000000000000000000000010
1010101111010000010111110010011111000000000000000000000000000000000010
1011010111111111101011001001010001000000000000000000000000000000000010
1011110110111100010111011111111000100000000000000000000000000000000010
1010100011000101101001000100110111100000000000000000000000000000000010
1011000111011111101011110011110001100000000000000000000000000000000010
1010111100111011100101001110110011100000000000000000000000000000000010
1010000001101000011111001011101011000000000000000000000000000000000010
1010110110000111111100100000001101100000000000000000000000000000000010
1010010011110011100101001010000101000000000000000000000000000000000010
1011111010111111110111100011010111000000000000000000000000000000000010
1011111111101010111111000110110000100000000000000000000000000000000010
1010110001111110100111000011100101000000000000000000000000000000000010
1011110000011011010110100111001101100000000000000000000000000000000010
1010100110111000111011000111001111000000000000000000000000000000000010
1011010110101000011010000000010011000000000000000000000000000000000010
1011101100110000011010100101011101100000000000000000000000000000000010
1011100001111111000110100001000010100000000000000000000000000000000010
1011100100111111001000111101011110000000000000000000000000000000000010
1011111001001010111011001101011000000000000000000000000000000000000010
1011001111001101010101111000000010100000000000000000000000000000000010
1011010001011011101000100001100100000000000000000000000000000000000010
1010110110100101011001011101110100000000000000000000000000000000000010
1011111001010010011111101110100101100000000000000000000000000000000010
1010100101101100111111001100101011100000000000000000000000000000000010
1010011110001011100101001111100010100000000000000000000000000000000010
1010111011011010101111110101011100100000000000000000000000000000000010
1011010000011110001011010001000101100000000000000000000000000000000010
1010001111001001011000100000110110100000000000000000000000000000000010
1010011000011010011110000001100010000000000000000000000000000000000010
1010111110010001010101010010001011100000000000000000000000000000000010
1011111001001011010000110100111010100000000000000000000000000000000010
1010000101000010010011110101110010000000000000000000000000000000000010
1010000100000101000111110011001010100000000000000000000000000000000010
1011010001110101110000101101010101100000000000000000000000000000000010
1010010110011110101011111111000111100000000000000000000000000000000010
1010010011100011011110011010011100000000000000000000000000000000000010
1010110001101101011111101111011111000000000000000000000000000000000010
1011101111000000101101010101011110000000000000000000000000000000000010
1010111111001100001100000100101111100000000000000000000000000000000010
1011010011100100001111111110011110000000000000000000000000000000000010
1011101101100010011001100110001011100000000000000000000000000000000010
1011100010010101111111101000100100100000000000000000000000000000000010
1011001111111110101001011101011100000000000000000000000000000000000010
1011110000010011111000010000100100100000000000000000000000000000000010
1010111111010001001100111111010110100000000000000000000000000000000010
1011111100001111101101011010001100000000000000000000000000000000000010
1011001100010100101101010000111001000000000000000000000000000000000010
1010000000100001011000000000001111000000000000000000000000000000000010
1010001001001010110010100011010110000000000000000000000000000000000010
1010000011011111100111000111110000000000000000000000000000000000000010
1011110010110111101001010110010100000000000000000000000000000000000010
1010101110111111111010101000111101000000000000000000000000000000000010
1010011000011101011010001111010111100000000000000000000000000000000010
1011101101110110100000101000011111100000000000000000000000000000000010
1011101000111000111010010110101010000000000000000000000000000000000010
1010000001001001011001011110000111000000000000000000000000000000000010
1011011111000111110011011001100010100000000000000000000000000000000010
1011011111111011011001001011100000000000000000000000000000000000000010
1011100101000011111011111000101100000000000000000000000000000000000010
1011000001010110011001100011100010000000000000000000000000000000000010
1011110001000101100110101011100101000000000000000000000000000000000010
1011010111111110111001000101111100100000000000000000000000000000000010
1011100101100001110111111011100111100000000000000000000000000000000010
1011000111001111111001000100001111100000000000000000000000000000000010
1010111001111011110000010101011010000000000000000000000000000000000010
1011110010001000010101000111101110000000000000000000000000000000000010
1010100101000111011011101000110000000000000000000000000000000000000010
1010011011101011001110100010001101000000000000000000000000000000000010
1011011111011011110011101110110010000000000000000000000000000000000010
1011101101110001001100100101100101000000000000000000000000000000000010
1011100111101000001101000010010011100000000000000000000000000000000010
1011110101000000011010010000011111100000000000000000000000000000000010
1011010111001101010001011000000000000000000000000000000000000000000010
1010110111000111110000110100100011100000000000000000000000000000000010
1010101100111110011000000011000011100000000000000000000000000000000010
1011001111110011011110111011011001000000000000000000000000000000000010
1011001001010001010111000010010010000000000000000000000000000000000010
1011111011100100111000000011111101100000000000000000000000000000000010
1010100010111010001011001000010000000000000000000000000000000000000010
1010101100111100100011100011011101000000000000000000000000000000000010
1010011101011111110101100011001101000000000000000000000000000000000010
1011111111010000111000101100001000100000000000000000000000000000000010
1011111101111100111101101010101010100000000000000000000000000000000010
1011001100111011011111110100111011000000000000000000000000000000000010
1010111111010000110111101111110110000000000000000000000000000000000010
1010100101001110000000010101000111100000000000000000000000000000000010
1011000010111101110000001000100110000000000000000000000000000000000010
1011000100111100010111100111010011000000000000000000000000000000000010
1010111111111011011000011100100100000000000000000000000000000000000010
1011111000100111000111000000110000100000000000000000000000000000000010
1010011000100111111101011110110100000000000000000000000000000000000010
1010001000100101001011111101001001000000000000000000000000000000000010
1011111101001100111100011011101111100000000000000000000000000000000010
1010100000000000010111010011100010100000000000000000000000000000000010
1011011000011101010000100101011110100000000000000000000000000000000010
1011100100011000010101100001100101000000000000000000000000000000000010
1011001010001011100101011000010110100000000000000000000000000000000010
1011010100101111010100000100110001100000000000000000000000000000000010
1011111000001111000010010110000001100000000000000000000000000000000010
1010100100010101001110010101110100100000000000000000000000000000000010
1011001100101100010111000110110100000000000000000000000000000000000010
1011000001100111010000000001110100100000000000000000000000000000000010
1011001000100011010010010011010000100000000000000000000000000000000010
1011000101111111111101001100100011100000000000000000000000000000000010
1010110010110000001010111000001010000000000000000000000000000000000010
1010010110101011101001111110010001100000000000000000000000000000000010
1011101011010100001000101101011011000000000000000000000000000000000010
1011111111101111111100010000111000000000000000000000000000000000000010
1011110001101110001010100000101101000000000000000000000000000000000010
1010010111101001111010110001010100100000000000000000000000000000000010
1010101111011100100001011010110001100000000000000000000000000000000010
1010001100001111111101000001011011000000000000000000000000000000000010
1010111010010001101001111100111111000000000000000000000000000000000010
1011010011000001100000100000101000100000000000000000000000000000000010
1011010101001101011100111101110010000000000000000000000000000000000010
1011110011110110100101101000100100100000000000000000000000000000000010
1011111100111110100110000110001101000000000000000000000000000000000010
1011101101110000010010110011001100100000000000000000000000000000000010
1011110101110100110011010000100011000000000000000000000000000000000010
1010010110110000100000010111010000100000000000000000000000000000000010
1011011111110111110110010110101111100000000000000000000000000000000010
1010100000010111001000011010001100100000000000000000000000000000000010
1011000011001010100110011011000011000000000000000000000000000000000010
1011111100101111101001101000010000100000000000000000000000000000000010
1011011000101100111111100000011101000000000000000000000000000000000010
1010001111100000110111101000111001000000000000000000000000000000000010
1010000000011000100010100000000010100000000000000000000000000000000010
1010100010000011100110111101000011000000000000000000000000000000000010
1011111001110000010000111011100100000000000000000000000000000000000010
1010101000010101000011000101001010100000000000000000000000000000000010
1011001111011000000111111010000000000000000000000000000000000000000010
1010001011111110111000000101011000100000000000000000000000000000000010
1010111111101111001011011101110011100000000000000000000000000000000010
1010111010101001100011011111000000100000000000000000000000000000000010
1011100100001101000101110001000010100000000000000000000000000000000010
1011001111000111101010110101101010000000000000000000000000000000000010
1011010101101110001100000101001111100000000000000000000000000000000010
1010010111101101101011101100110001000000000000000000000000000000000010
1011111111111111001010111010001001000000000000000000000000000000000010
1011110010111110000010000001111100100000000000000000000000000000000010
1010001011011011010000011110010101100000000000000000000000000000000010
1010001111001011000101001111110110100000000000000000000000000000000010
1010101001110101001001001111101100100000000000000000000000000000000010
1011101011000111000001000001101100000000000000000000000000000000000010
1011010000010001001101001010000100000000000000000000000000000000000010
1010110011011100100010111100011001000000000000000000000000000000000010
1010000100010000001011100000011010100000000000000000000000000000000010
1010100100010111010011010000110010000000000000000000000000000000000010
1011100001000101000001110100011011000000000000000000000000000000000010
1011011111110111111000010100010101000000000000000000000000000000000010
1010111110101000111011011100111011100000000000000000000000000000000010
1010111011110010111101000111111110000000000000000000000000000000000010
1011010010100111100110111100101011100000000000000000000000000000000010
1010101001101000110000111110110111000000000000000000000000000000000010
1010111011110011010101100001100001100000000000000000000000000000000010
1011010011101010110111110110100001000000000000000000000000000000000010
1011111010110001001110010000000001000000000000000000000000000000000010
1011111101010101011001111011110100000000000000000000000000000000000010
1010111001001101010010010101010101000000000000000000000000000000000010
1010011101111001011100011000111000100000000000000000000000000000000010
1010010001101111011000010001110101100000000000000000000000000000000010
1011011101010011100110001001001100100000000000000000000000000000000010
1011100011110101010110001011111001100000000000000000000000000000000010
1011010110100001101111011001101001000000000000000000000000000000000010
1010001110100010100111000110011110100000000000000000000000000000000010
1011100000000111101100100100011000000000000000000000000000000000000010
1010101111111011100011010111110111000000000000000000000000000000000010
1011101110010010110111101011101110000000000000000000000000000000000010
1010100001101000001001100101010011100000000000000000000000000000000010
1010111110010001111110110001010110100000000000000000000000000000000010
1010101011010010011111001100000010000000000000000000000000000000000010
1010011011010111101001000101010100000000000000000000000000000000000010
1010101001010010100011100111001000000000000000000000000000000000000010
1011111110000001110100101101000111000000000000000000000000000000000010
1010000000111001001011001010000000000000000000000000000000000000000010
1010110111101101110011110011101011000000000000000000000000000000000010
1011101100101101100111100010001011000000000000000000000000000000000010
1010111011101110000000111010101100000000000000000000000000000000000010
1011011100101110111100100100110110100000000000000000000000000000000010
1010101111011110001110110111000000100000000000000000000000000000000010
1010000011101100010101100011110111100000000000000000000000000000000010
1010111001111101111111001011010110000000000000000000000000000000000010
1011000110000101010010010000001110100000000000000000000000000000000010
1010010001101010010011101011100001100000000000000000000000000000000010
1011000110001001010111001000001001000000000000000000000000000000000010
1010111011110010011111011111011110100000000000000000000000000000000010
1010110100000000000110100100110100100000000000000000000000000000000010
1010000101111110110011000110011100000000000000000000000000000000000010
1010000000100000010000111011111110100000000000000000000000000000000010
1010000001010100011111101111101001000000000000000000000000000000000010
1011001110111100010000010100101101100000000000000000000000000000000010
1010101111001110011110101111111000100000000000000000000000000000000010
1011011101100010010101010001101001000000000000000000000000000000000010
1010111011011011011000110110111010100000000000000000000000000000000010
1010001000001111001010011010101110000000000000000000000000000000000010
1011000000110011011101101010101101100000000000000000000000000000000010
1011101110100101111001011001000110000000000000000000000000000000000010
1011111011101010100111001100100000000000000000000000000000000000000010
1010111111010111000100001000000000000000000000000000000000000000000010
1010000010100010100101111010111000100000000000000000000000000000000010
1010000001101011111111110001010100100000000000000000000000000000000010
1010111011001100110001101011001010000000000000000000000000000000000010
1010011110110101011000010011011111100000000000000000000000000000000010
1011110110011001011011001111101100100000000000000000000000000000000010
1010111010010111111001110010000100100000000000000000000000000000000010
1010110111111100111100001111101010100000000000000000000000000000000010
1010011101011111111000101001101010000000000000000000000000000000000010
1011111011000110011011001010000011100000000000000000000000000000000010
1010000010010011101010100011000000000000000000000000000000000000000010
1010101100011110010000000111000000100000000000000000000000000000000010
1010111000111011101101100110011111000000000000000000000000000000000010
1011110111010111111000110001001100100000000000000000000000000000000010
1010011001000110100001011010010000000000000000000000000000000000000010
1010110000011100011100110010100101000000000000000000000000000000000010
1011100110000001010101011111101110000000000000000000000000000000000010
1011111110111101011010011110110111100000000000000000000000000000000010
1011101011110110100001000000001001000000000000000000000000000000000010
1010011111011010010010000000011101100000000000000000000000000000000010
1010001000011100011110100111110101100000000000000000000000000000000010
1011110011101110111100000000001000000000000000000000000000000000000010
1010110000111101011010001000100100000000000000000000000000000000000010
1010101001111000111000111010011011000000000000000000000000000000000010
1010001110110011100111000110001001100000000000000000000000000000000010
1011010100110101000100100101001110100000000000000000000000000000000010
1011111011101111000001000011001111100000000000000000000000000000000010
1010011101010000000001010010111001100000000000000000000000000000000010
1010111001011100101010101001010110000000000000000000000000000000000010
1010001011011101111000101001011010100000000000000000000000000000000010
1011101001010111010010010001101101000000000000000000000000000000000010
1010000000111011111000101000010101000000000000000000000000000000000010
1010001000110010001011010001101001000000000000000000000000000000000010
1011000101101110100110110011000011100000000000000000000000000000000010
1010011101101001000101100100100011000000000000000000000000000000000010
1010000111110101111001011110110001100000000000000000000000000000000010
1011110101001110100110011000011110100000000000000000000000000000000010
1010100010000100111010111011001011100000000000000000000000000000000010
1010111000101011100000011100000001000000000000000000000000000000000010
1011000011110010111110101011111110000000000000000000000000000000000010
1011000111011111001010110101001001000000000000000000000000000000000010
1011011101010100010101001110110000100000000000000000000000000000000010
1011010001010111001001100001000001000000000000000000000000000000000010
1011010101100101100100011010101110100000000000000000000000000000000010
1010111010111100011111001001001001000000000000000000000000000000000010
1010110101001010001000100110100011100000000000000000000000000000000010
1010000011001111000000011010001101100000000000000000000000000000000010
1010111111111111101001011000001100000000000000000000000000000000000010
1011001100110001100011110010010011000000000000000000000000000000000010
1010101011000100000001011111010001000000000000000000000000000000000010
1011000010111011011011001110110110000000000000000000000000000000000010
1010011010101011011001001011110110100000000000000000000000000000000010
1011000110011101101111110000101011000000000000000000000000000000000010
1010110110011011011111001010100000100000000000000000000000000000000010
1010110100110111000011010001011011000000000000000000000000000000000010
1011110110101100001001000000100101000000000000000000000000000000000010
1010010111110001100000101000010011100000000000000000000000000000000010
1010101001110111111001011011111101000000000000000000000000000000000010
1011001010010111111101111000110110100000000000000000000000000000000010
1010010010101000011001000110010011100000000000000000000000000000000010
1011100100000011100101111100010110100000000000000000000000000000000010
1010001111111111011011100111110101000000000000000000000000000000000010
1010101111010100011110000010010101100000000000000000000000000000000010
1011010010001000011110011111010111000000000000000000000000000000000010
1010011110011101110111111100110010100000000000000000000000000000000010
1010100000111111101010100010011011100000000000000000000000000000000010
1011011101110000100110100100000001100000000000000000000000000000000010
1011110101100010111001001111001100100000000000000000000000000000000010
1010100110010110100110111011011001100000000000000000000000000000000010
1011111000100001110011101111111101100000000000000000000000000000000010
1010101110010110111000010010000101100000000000000000000000000000000010
1011010111000011100100011101011110000000000000000000000000000000000010
1010010011110001110000011010011010100000000000000000000000000000000010
1011000001011011011100010000110010100000000000000000000000000000000010
1010100001001101010111010111100110000000000000000000000000000000000010
1011110011011101001010100101101011100000000000000000000000000000000010
1010011110011110011111011100001110100000000000000000000000000000000010
1010000011101001100100100001001001000000000000000000000000000000000010
1011011111100011111011101111000011000000000000000000000000000000000010
1010100000001111110100110100101110100000000000000000000000000000000010
1010011011100101000100111101111111100000000000000000000000000000000010
1011010011001111000000110100100111100000000000000000000000000000000010
1010100001001111010010011001100100000000000000000000000000000000000010
1011101100011010110100000001010110100000000000000000000000000000000010
1011100010111101110101000111010000000000000000000000000000000000000010
1011101111110111110001000001000110100000000000000000000000000000000010
1011001110101010010000001100100111100000000000000000000000000000000010
1011011010001001010110110011110111100000000000000000000000000000000010
1011100000111110100001110001100110100000000000000000000000000000000010
1011001001001000110011000001110100000000000000000000000000000000000010
1010100001000111101111010100010000000000000000000000000000000000000010
1011101000011101011101010000101011100000000000000000000000000000000010
1011011100110100110001001111101100000000000000000000000000000000000010
1010111000110011011111000101101011100000000000000000000000000000000010
1010011011111001111000011111111011100000000000000000000000000000000010
1011001101011011101100101010100001100000000000000000000000000000000010
1010000001100111001101111000100001100000000000000000000000000000000010
1010011100110011010001110101001010100000000000000000000000000000000010
1010100000000110110110010101010100100000000000000000000000000000000010
1011000010010101010111010100111001100000000000000000000000000000000010
1011010011001100111110111100100001000000000000000000000000000000000010
1011101101101111100010010101010011100000000000000000000000000000000010
1010100000100111001001100101111110000000000000000000000000000000000010
1011111101111100101110001110100000100000000000000000000000000000000010
1010000111110111000011000001100001100000000000000000000000000000000010
1010010101001100000010010100001100100000000000000000000000000000000010
1010101001111111000101010000100011100000000000000000000000000000000010
1011010010001011111111110000011010100000000000000000000000000000000010
1011111110010101111100010100001001100000000000000000000000000000000010
1010101111110100011000100001100011000000000000000000000000000000000010
1011110100111000101101011110000110000000000000000000000000000000000010
1011010010111011111011100011000000100000000000000000000000000000000010
1011110111110111001010010001111001000000000000000000000000000000000010
1011110111001101011100010111100101100000000000000000000000000000000010
1011001011101110011011010000100010000000000000000000000000000000000010
1010010100001000010011111000011101000000000000000000000000000000000010
1010101111011010010100100000001001100000000000000000000000000000000010
1010101111011010000100011101001100100000000000000000000000000000000010
1010000011011010010011101000011100100000000000000000000000000000000010
1011010110000001001000110110111111000000000000000000000000000000000010
1011100011111100101111110110101000000000000000000000000000000000000010
1011110010101010000011000100011100100000000000000000000000000000000010
1011101111101110110001000100000101100000000000000000000000000000000010
1010101111010111110001000001110011000000000000000000000000000000000010
1010101001001110100100110000100011000000000000000000000000000000000010
1011010000000010001111010000000011000000000000000000000000000000000010
1010001001100110011010111001110011000000000000000000000000000000000010
1010101111100010101111100110011111100000000000000000000000000000000010
1011010001111101110111001011110101100000000000000000000000000000000010
1010111011111011001111111111110010100000000000000000000000000000000010
1011010001100111100001000110011101000000000000000000000000000000000010
1010011111000001000100001011010101100000000000000000000000000000000010
1010010001011010101101001100000110000000000000000000000000000000000010
1010101011001111011101010101000111000000000000000000000000000000000010
1011001111110010100011100101101001100000000000000000000000000000000010
1010101101101100111010111000010101100000000000000000000000000000000010
1011001101000101110010010011010110000000000000000000000000000000000010
1010100001011101001110101100100100000000000000000000000000000000000010
1011001010000010000110001000111110000000000000000000000000000000000010
1010101011111001111100001011010010000000000000000000000000000000000010
1011111101011111000100001011000111000000000000000000000000000000000010
1011001000100001110010111011100010000000000000000000000000000000000010
1011110011100000010100010000110001000000000000000000000000000000000010
1011001010011110000100011011001101000000000000000000000000000000000010
1011011000011110001101011000011100000000000000000000000000000000000010
1011111001111011111110011111100110100000000000000000000000000000000010
1011111111011000101010111011011100000000000000000000000000000000000010
1010010111111111100100000001110101000000000000000000000000000000000010
1011101001001011000100111011001011100000000000000000000000000000000010
1011110101011101000100000101000110000000000000000000000000000000000010
1010111111100110110110010100011010100000000000000000000000000000000010
1011010011011010001110010010001000100000000000000000000000000000000010
1011110010101111111111110101011100100000000000000000000000000000000010
1011100101011111110000001100101101000000000000000000000000000000000010
1010111011000110111010000010010011100000000000000000000000000000000010
1010110100010011001000101001011000000000000000000000000000000000000010
1011101101111011100110011100101111100000000000000000000000000000000010
1010110011111001000010010110000010000000000000000000000000000000000010
1011111110110110011001101100111110100000000000000000000000000000000010
1011111100001000001011011001011100000000000000000000000000000000000010
1011100100101001001111000000110100100000000000000000000000000000000010
1010100010011110000110001011110001000000000000000000000000000000000010
1010010000000011010101111011001111000000000000000000000000000000000010
1011010101110000001000011101101111100000000000000000000000000000000010
1010101001101111110100100011001001000000000000000000000000000000000010
1010110110010110111000111111001000000000000000000000000000000000000010
1011011101010100101000100011111011000000000000000000000000000000000010
1011100110111101111101000001111011000000000000000000000000000000000010
1010000010001011000001011010011001100000000000000000000000000000000010
1010100111001011000101101010010000000000000000000000000000000000000010
1010010000100111011010100010111001100000000000000000000000000000000010
1010111110000011011100000100011111100000000000000000000000000000000010
1011100000101101111110101111011101000000000000000000000000000000000010
1010001010110101110010000001101010000000000000000000000000000000000010
1010100101111110001000111010101001100000000000000000000000000000000010
1010000010010111111010100011101011000000000000000000000000000000000010
1011111101000001101101000101000101000000000000000000000000000000000010
1011011010110011110011111010010101100000000000000000000000000000000010
1010011110101111010011110000010100100000000000000000000000000000000010
1011000110101011011111110101001100000000000000000000000000000000000010
1010101010111000100010111110000010100000000000000000000000000000000010
1011000010101011101100000000101010100000000000000000000000000000000010
1011000101101100010101110010000000000000000000000000000000000000000010
1011000111111101001110000101001000100000000000000000000000000000000010
1010001111001001100101101001100101000000000000000000000000000000000010
1011010010110101101111101001000001100000000000000000000000000000000010
1010001001110000011101001001001011000000000000000000000000000000000010
1011110110010001110011111111001100000000000000000000000000000000000010
1010111111110010101000010001100011000000000000000000000000000000000010
1011000011011011100101001001000001100000000000000000000000000000000010
1010100011110011110000010110100000100000000000000000000000000000000010
1010100110001011100000110110101110000000000000000000000000000000000010
1010101100110100111101101101001100100000000000000000000000000000000010
1011101010000101111111111001010110000000000000000000000000000000000010
1010101110110100111100001000101101000000000000000000000000000000000010
1011101110110111000101010110001000100000000000000000000000000000000010
1011110101111101110110111010100010000000000000000000000000000000000010
1010100010000001000011010110000000100000000000000000000000000000000010
1010001011000011011000100001000011100000000000000000000000000000000010
1011001110101100000010110101100100000000000000000000000000000000000010
1010001101010100110101001001101001000000000000000000000000000000000010
1011010001100000010001011001001000000000000000000000000000000000000010
1010001001111011101100010111110101100000000000000000000000000000000010
1011011001101100010010110100001100100000000000000000000000000000000010
1011001110000100110000011000111111100000000000000000000000000000000010
1010000010101101101111010100001000000000000000000000000000000000000010
1011011010000000000100010000000010100000000000000000000000000000000010
1010001000011110110001000100111111000000000000000000000000000000000010
1010001011010000111111010101101110100000000000000000000000000000000010
1010101010010110000001001000110001100000000000000000000000000000000010
1010010001000110011100111111110011100000000000000000000000000000000010
1011011110011111111111100010000010000000000000000000000000000000000010
1010100100000111101000011110001111100000000000000000000000000000000010
1010100001111000000000001100010100000000000000000000000000000000000010
1011000100010100000010111101110111100000000000000000000000000000000010
1010111110001001110000001100010101000000000000000000000000000000000010
1010000100010000011010101001000100000000000000000000000000000000000010
1011110100111001000100011110000001100000000000000000000000000000000010
1011111101111110111100001010101011100000000000000000000000000000000010
1011100011010010000000010101101011100000000000000000000000000000000010
1011111111101000100001011011011001100000000000000000000000000000000010
1011000000111010111010000011100110000000000000000000000000000000000010
1011010101101101010111011010001001100000000000000000000000000000000010
1010110101001111110100101100101111000000000000000000000000000000000010
1011010100111111101110100111010100100000000000000000000000000000000010
1010101010011000110001000100100110000000000000000000000000000000000010
1011001100011111010011101000001100000000000000000000000000000000000010
1010010001110000110101010011100110100000000000000000000000000000000010
1010011011110011011000000110101001100000000000000000000000000000000010
1011111100011001001111010110100000100000000000000000000000000000000010
1011010100001100101011001101001101000000000000000000000000000000000010
1010001001111011110100010100011101100000000000000000000000000000000010
1011000100011110000001000110001101100000000000000000000000000000000010
1011111001000100110000110110011101000000000000000000000000000000000010
1010111110011000100001111111001000100000000000000000000000000000000010
1010011101000101101101001110000010100000000000000000000000000000000010
1010001110111011111000001011101001100000000000000000000000000000000010
1010101100101011111000110110011000000000000000000000000000000000000010
1011011001110100110011111001010000000000000000000000000000000000000010
1011000110101000101101101000011101000000000000000000000000000000000010
1010110110011100111001000110110011100000000000000000000000000000000010
1011001011100110100101010100011111100000000000000000000000000000000010
1010011101101101110100100000100001100000000000000000000000000000000010
1010111011010110001001111110001111000000000000000000000000000000000010
1010000100101001101101010000011010100000000000000000000000000000000010
1010101010101100110101000000110001100000000000000000000000000000000010
1011111101011110111100100011010000000000000000000000000000000000000010
1011110111110011010111111110110110100000000000000000000000000000000010
1010100101110001111101011111001100000000000000000000000000000000000010
1011001100111111011100101000100011100000000000000000000000000000000010
1010001001011011101001111010010100000000000000000000000000000000000010
1010111101101100111000100110101100100000000000000000000000000000000010
1011100110110100101010001111010000100000000000000000000000000000000010
1011101111001111011110000000100000000000000000000000000000000000000010
1011110111001111100110110111101010100000000000000000000000000000000010
1010111111111110010010110110111010100000000000000000000000000000000010
1011011111110001001001110001111000000000000000000000000000000000000010
1011111000001111001111011101010010000000000000000000000000000000000010
1010111001110100011101001000101100000000000000000000000000000000000010
1011100111100101100111110000001100100000000000000000000000000000000010
1011100000001101100011000010001111000000000000000000000000000000000010
1011000111001011101001100110101101100000000000000000000000000000000010
1010011101001011010000110101000010100000000000000000000000000000000010
1011110000111010001000001010111100000000000000000000000000000000000010
1010011100111110011100101010010010000000000000000000000000000000000010
1011110000110101100110000001100101000000000000000000000000000000000010
1010011100010100000000011111101000100000000000000000000000000000000010
1010110010110101011011110100100011000000000000000000000000000000000010
1011111100110111100010000101000000000000000000000000000000000000000010
1011001100111000000011111110101010100000000000000000000000000000000010
1011101001101100100010000111011010100000000000000000000000000000000010
1010111111110011111110011110110000100000000000000000000000000000000010
1011001010101110100011101001100000100000000000000000000000000000000010
1011000100111000111110000010110101000000000000000000000000000000000010
1011010111011000101111100100110001100000000000000000000000000000000010
1011101110000101111001001111101100100000000000000000000000000000000010
1011111000001111111000100001111010100000000000000000000000000000000010
1011100111111010011000001110100001000000000000000000000000000000000010
1011110111111100000100101011101010000000000000000000000000000000000010
1010111011010101110111101000110100100000000000000000000000000000000010
1010011101100110000001011001110000000000000000000000000000000000000010
1011000100101001010110101010110101000000000000000000000000000000000010
1010001110110101001110000011000001000000000000000000000000000000000010
1010010100100001110100101111011100100000000000000000000000000000000010
1011110110011000010100000011001100000000000000000000000000000000000010
1011111011001010101011001000110101000000000000000000000000000000000010
1011111010101000010110000100100011100000000000000000000000000000000010
1011111001001000111111111011111100100000000000000000000000000000000010
1011011111111101111110101000111010000000000000000000000000000000000010
1011001000110011010111000010000100000000000000000000000000000000000010
1011110101011001101011000111100000100000000000000000000000000000000010
1011111110001001010000111010111110100000000000000000000000000000000010
1010110111000000110000010101100100000000000000000000000000000000000010
1010010100001100010100011111001111100000000000000000000000000000000010
1011110110110100111100110110001101000000000000000000000000000000000010
1011101100010011011101111101011000000000000000000000000000000000000010
1010011110111010100010111000101001000000000000000000000000000000000010
1010010001001000110000100100100010000000000000000000000000000000000010
1011011010100101001110010000110010000000000000000000000000000000000010
1010011001001000111000110001110010100000000000000000000000000000000010
1011100011110001000010001110100100000000000000000000000000000000000010
1011011110001100011111111010111010000000000000000000000000000000000010
1010111111011100001110111000100011000000000000000000000000000000000010
1011110001110000000110110000010101000000000000000000000000000000000010
1010011101101110110101100101010011000000000000000000000000000000000010
1010110000000001111110100011101000000000000000000000000000000000000010
1010000000111110011010010101110000000000000000000000000000000000000010
1010111110010011011000111000000111000000000000000000000000000000000010
1010110000111111111100110111000101100000000000000000000000000000000010
1011000110110010110011011110101100100000000000000000000000000000000010
1011011011101000011011001110001101000000000000000000000000000000000010
1011011111010001011100101001011101000000000000000000000000000000000010
1010100000001001010100000110011100000000000000000000000000000000000010
1010111011110101010100100011001000000000000000000000000000000000000010
1010010011101000101010111111001001000000000000000000000000000000000010
1011000101111111000101111001100111100000000000000000000000000000000010
1011011011111010000001110100101110000000000000000000000000000000000010
1011101000010000010001011000101111000000000000000000000000000000000010
1010100001100010111101001000110101000000000000000000000000000000000010
1010010010010010010110001101110000000000000000000000000000000000000010
1011111000010101110010010100101000000000000000000000000000000000000010
1011110001110110000001110011011001000000000000000000000000000000000010
1010000010111011001100111000000010000000000000000000000000000000000010
1010010001101000000010000100000110000000000000000000000000000000000010
1011010010110000110111110101001100000000000000000000000000000000000010
1010001010001010110100001001101010100000000000000000000000000000000010
1011110110000110100100011110010010000000000000000000000000000000000010
1010000111000110101001000010111000000000000000000000000000000000000010
1010011100101001110100011001011100000000000000000000000000000000000010
1010000101111011110100010001011000100000000000000000000000000000000010
1010011001000101011000100100000001000000000000000000000000000000000010
1011011110110101000000011000100010100000000000000000000000000000000010
1011011100001111111011010000111011000000000000000000000000000000000010
1011110010101001101011001001001011000000000000000000000000000000000010
1011111011000110001010101001111100000000000000000000000000000000000010
1010111101100001000010010010001100100000000000000000000000000000000010
1010111110001001111111110010010010000000000000000000000000000000000010
1010011110110010000000101011101001100000000000000000000000000000000010
1011000011000110111010010001100000000000000000000000000000000000000010
1011101111111111011011011000100000100000000000000000000000000000000010
1010100000011110001010100011011000000000000000000000000000000000000010
1011011110101000111110110011110011000000000000000000000000000000000010
1010011110100001011111110010010100000000000000000000000000000000000010
1011100001000110100110111101000110000000000000000000000000000000000010
1011110111100001100111001000010011100000000000000000000000000000000010
1010100100010000011100101101100100000000000000000000000000000000000010
1011100100110111101111011000011001100000000000000000000000000000000010
1011100000011110011010000100000101100000000000000000000000000000000010
1010100111001000110011110101000111000000000000000000000000000000000010
1011001000111110110011100101101011000000000000000000000000000000000010
1010100011110101110110011110001101100000000000000000000000000000000010
1011110010101101111011111111001110100000000000000000000000000000000010
1011010101110001010000000101111010000000000000000000000000000000000010
1011101001110101001101110111010001000000000000000000000000000000000010
1010111000110011011001011101001000100000000000000000000000000000000010
1011101111001111011001100111000101100000000000000000000000000000000010
1011100100011011010011010100010111100000000000000000000000000000000010
1010001001001100111101100001111001100000000000000000000000000000000010
1010010110110000000101111011001110000000000000000000000000000000000010
1010101101101110010101011000001000000000000000000000000000000000000010
1010011000010100010001100011100010100000000000000000000000000000000010
1011001101111111111001111111000001100000000000000000000000000000000010
1011111111010010010011001011101101100000000000000000000000000000000010
1011010111100100101100110001000100100000000000000000000000000000000010
1011101111011110001011000110000010100000000000000000000000000000000010
1011010100110111011011111100011111000000000000000000000000000000000010
1011001011101010101000100110010111000000000000000000000000000000000010
1010111110000101100101001010010011000000000000000000000000000000000010
1011101101100011111111111001111001100000000000000000000000000000000010
1011101100111110010101111011011100000000000000000000000000000000000010
1011110101001111101000101101101100100000000000000000000000000000000010
1010100010001000111001011010001001000000000000000000000000000000000010
1011010001101001111010001000000110000000000000000000000000000000000010
1010111011111111000110010101011101100000000000000000000000000000000010
1011000110111100101011001100001111000000000000000000000000000000000010
1010111001110111001101010111111001100000000000000000000000000000000010
1010101101111000001011101000000010000000000000000000000000000000000010
1011011001010100110100001010001110000000000000000000000000000000000010
1010001000011000111101110010001011100000000000000000000000000000000010
1010001010000110001100001010000100000000000000000000000000000000000010
1010101001110010110000010100100000000000000000000000000000000000000010
1011000110100110001011101001101100000000000000000000000000000000000010
1010011110101111100100111001001110000000000000000000000000000000000010
1010111111110111010001100010001000100000000000000000000000000000000010
1011001001110100110101000010000010100000000000000000000000000000000010
1011100110111110101011100111101111100000000000000000000000000000000010
1011011011110001101011010000111110100000000000000000000000000000000010
1010010100000101100100010010010101000000000000000000000000000000000010
1010001010111110111101011100100111100000000000000000000000000000000010
1011011011100111110011000010011000000000000000000000000000000000000010
1011110001010111111000011110001011000000000000000000000000000000000010
1010100011100001000101110110011101100000000000000000000000000000000010
1010110001100110110101110100010010100000000000000000000000000000000010
1011111110111100101011100100101100100000000000000000000000000000000010
1011101100111110100111110100111011100000000000000000000000000000000010
1010010011101011001010101011011011000000000000000000000000000000000010
1011010000011111100110001101101111100000000000000000000000000000000010
1010110101000011111010101000100010000000000000000000000000000000000010
1011110111000111001100110010100010000000000000000000000000000000000010
1010000011110001000011101110000000100000000000000000000000000000000010
1010010111100110001100100000001011000000000000000000000000000000000010
1011010111110111011001011100100010100000000000000000000000000000000010
1011100010011010000100001010010110100000000000000000000000000000000010
1011000001101011100010011000001010100000000000000000000000000000000010
1010110111011111001111111110010111100000000000000000000000000000000010
1011000011001001100100011110000110000000000000000000000000000000000010
1010011001110011100110101001101010000000000000000000000000000000000010
1011100011110101101010101010000100100000000000000000000000000000000010
1010011000011000000100110100001011100000000000000000000000000000000010
1011010111000001001011010010001011000000000000000000000000000000000010
1010111110001100011010100010101010100000000000000000000000000000000010
1010101000110001100000010010000011100000000000000000000000000000000010
1011101000100110010010111011000110000000000000000000000000000000000010
1010011110010100100110000000001110000000000000000000000000000000000010
1011100011101100111011100010101101000000000000000000000000000000000010
1011000001110110100000001111000010100000000000000000000000000000000010
1011011111111010110011100100111111000000000000000000000000000000000010
1010110101110110101011011110000010000000000000000000000000000000000010
1010001011011100001000001101001101100000000000000000000000000000000010
1011111011111010111110101010011101000000000000000000000000000000000010
1011101000101110110100100110011010100000000000000000000000000000000010
1011010110011101010000101100001000000000000000000000000000000000000010
1010000001110001111101110000011001100000000000000000000000000000000010
1011111110001100001010101001101110000000000000000000000000000000000010
1010000101101111001111010111110011000000000000000000000000000000000010
1010000100110111101110110101110001000000000000000000000000000000000010
1010111011000100001010111001101101000000000000000000000000000000000010
1010100011011110001100001101100000100000000000000000000000000000000010
1011001101000101000111000110110000100000000000000000000000000000000010
1011011111101010111000010001011000000000000000000000000000000000000010
1011011110100001011111000101101100100000000000000000000000000000000010
1011111000110100110100000000110010100000000000000000000000000000000010
1011011110100110001110101110000110000000000000000000000000000000000010
1011110101101010001101001100001001000000000000000000000000000000000010
1011100000110111000000110011100101000000000000000000000000000000000010
1010000101011011101000001000101001000000000000000000000000000000000010
1011111111011110111001001101101010100000000000000000000000000000000010
1011000101101001111010100100111110100000000000000000000000000000000010
1011001001101111011011100100001000100000000000000000000000000000000010
1011100001010110101011000110101010000000000000000000000000000000000010
1010111010111101001100101000100011000000000000000000000000000000000010
1011111110001100101011101110101101000000000000000000000000000000000010
1011101110100110101010010010111100100000000000000000000000000000000010
1011001111001100010101111000001011100000000000000000000000000000000010
1010011101011010111110000111110100100000000000000000000000000000000010
1011111011010101011110110100101111000000000000000000000000000000000010
1011011010010100111101010110101011000000000000000000000000000000000010
1011111000011011111010101101001001000000000000000000000000000000000010
1011111110100101011101111001000110000000000000000000000000000000000010
1011111100010010010101000010000101100000000000000000000000000000000010
1011000010001111010010011010000101000000000000000000000000000000000010
1010110111111001000010010010000110100000000000000000000000000000000010
1010101011110110101000101111100010100000000000000000000000000000000010
1010111111100011101000001110110111000000000000000000000000000000000010
1010011011110111110001001011111111100000000000000000000000000000000010
1011110111111111111100101111111000000000000000000000000000000000000010
1011011000100110101100101011111100100000000000000000000000000000000010
1011001011100010010011000110000100000000000000000000000000000000000010
1011010000010110000100000000010110000000000000000000000000000000000010
1010001000001101110010000101100011000000000000000000000000000000000010
1011101010101100101110101111100101000000000000000000000000000000000010
1010101110000011010100001001100010000000000000000000000000000000000010
1010111001100111000011100111011001000000000000000000000000000000000010
1010100000000111111010100001100101000000000000000000000000000000000010
1011110010001100100001001000111011100000000000000000000000000000000010
1010101011110111101110110010010101100000000000000000000000000000000010
1010101010001011010001110000000100100000000000000000000000000000000010
1011101101100101100010101101101010000000000000000000000000000000000010
1011010000100100110111100111010100100000000000000000000000000000000010
1011101000001010001001100111101010000000000000000000000000000000000010
1010011001111010111001100010000100100000000000000000000000000000000010
1010001001101001011110001001111001000000000000000000000000000000000010
1010100010110011101101010000000100000000000000000000000000000000000010
1010100111100110110110001000001101100000000000000000000000000000000010
1011110000100001110101010010110100100000000000000000000000000000000010
1010101101001101100111101101101001000000000000000000000000000000000010
1010001011110101011101010010101001100000000000000000000000000000000010
1011101110011101110010011011001000000000000000000000000000000000000010
1011011001100110111010100000000101100000000000000000000000000000000010
1010010111110111011000001000001011100000000000000000000000000000000010
1011110001110011100010011101010110100000000000000000000000000000000010
1010010111011100111011110101000010100000000000000000000000000000000010
1010111000011101111101100001101100100000000000000000000000000000000010
1011100101100110100101111010110001000000000000000000000000000000000010
1010110010110100100100010101011110100000000000000000000000000000000010
1011101101101111001101110111111000100000000000000000000000000000000010
1010101110101010101111011101011010000000000000000000000000000000000010
1010010111111101011010001100100011100000000000000000000000000000000010
1010111010110010011110111101011000100000000000000000000000000000000010
1010100111110010010110110100100011100000000000000000000000000000000010
1011111110010000011101011010100001000000000000000000000000000000000010
1011010010001100101000010110101100100000000000000000000000000000000010
1010110001011000101011010001011100000000000000000000000000000000000010
1011111110001100000010110111110000000000000000000000000000000000000010
1011111110101111110000010001001011000000000000000000000000000000000010
1011000100101000000011101101110011100000000000000000000000000000000010
1011100110100011001000011111011000000000000000000000000000000000000010
