1011100110111000110011011001010000100101000111100111000110000100110010
1010100000111011000101111110100011101111100110100011000111100011001010
1010000011011010011001100110101111110011001101010010111111101011110010
1011101000101111001101010111101100000100001010011110011100011101100010
1011100111100010010110011111110101010001101010110000111011001010100010
1011011110000111001111001110010111101000010100110001111001001011110010
1011000100011110000101010010111110110011010011010010011010000110111010
1011100101101101100000011011001010111001011000110000011101100001101010
1011001011101011110010111010010100000111101011001011001110000111110010
1010101110001100110001001111001111000100000111010100011110110111110010
1011111011000011001101100101011101010110011111100111001100011110110010
1010101100000101111001010011000011100000110110000001111000010010000010
1011100011001000101011001001111101011000001000010001001101110000011010
1011001111011010110000010110010011100100110010001001011010001111011010
1010001000001001110001011110101111110011111100100011100100000010010010
1010011111000110001110010000010101010000111011110111101010101100010010
1010001011000100010111101011000111000011111101010111101001011111111010
1010111100000110010110111111111000101100110010111000000010101001100010
1010100111100101111010010111010101001010111101110111001111011010001010
1010011100011001111111110100101111101010011100111110101110100100101010
1010010010111110111001111110100001111010111111100111001011001111000010
1010100101101110101000011001010111010110011101010011111001100000101010
1011011100001110001001011011101010001111000110000110011011001111110010
1010001000100010101101001010110111110001110010110000110010111001101010
1011000111011001101001100110001000000010000001110101011111011111011010
1010111011111111000010001011100101111011111110010000110110001000101010
1011110110100111110011110111000000110100010111110000001111000110001010
1010111010111011100111101011001100101110100101110000110100001011101010
1011001001110000001111100010100001000101010010101101100000000011011010
1010110001010100100011001110011110101110110011011101110110101001111010
1011001010100100011010001110110000001100100010001111101110001011001010
1010100111011110010111101001000111010000001000001101110100101101000010
1011101001010111001001000001100101000100010011110011000000100111001010
1010000000000111100000011100001010000010101101110011100010101111000010
1011000010010011101010001000001111000001000001010001101110001111011010
1011110100110010111111000001101100010010100011101110101000101010010010
1011110101111000111101101111001001100011111001110111101100111011110010
1010010111100010100110001011101100101100001000111101101010111110000010
1010001000110111111101001001000101010100001010100001111011101100000010
1011001110101011001010001000100011011010011000001001000100000110100010
1011111110100001010110001010110001110011001100010001010110010111010010
1010011111110111100000001101110101110000001010100000111100000101101010
1010110011110000010011101101110000110011111000101001011000010100010010
1011010001010011100101111101010101101100100011101001000101100110000010
1011010011101010011000011110001010101010110011111111000001101110111010
1011011011011111101010011100110101000011011011110110110111100111110010
1010010001101010111100101000001000000010001011011010111100111101111010
1011111100011111111101111101010000111000000000011100110011101001111010
1010000111000100110000001011101110000101110011100110111101011010010010
1011111111011111111100001111001001110101100110111111010011111010001010
1010010111011010000001000101001101000110010000011100110000001000001010
1011101111100000101010011111000100111001010101001100111011100101110010
1010000110111100010110010101110100101111000001011011110111010001001010
1010011111010100000101100011110100001010000001001100111101100010101010
1010110010110110000110110101001111001001001001001001001011010100111010
1011011101001110101110000010110111101100000000010110101100110001001010
1010000011001011001101000000100100011001000001011110001011011110001010
1010011111001011111111100011111101111100101010111110101110110010000010
1010000100100110001010100100001101011100011011011101111000111110110010
1010000000100101001000101011110101000101100101110000000100000000110010
1010011011001001100011011110000001010111011001010101100101011011010010
1010110101000100111111111001101100010011110100100010000111110001111010
1010100100110010011010011101000000101011101011110011100101011110110010
1011100000001100010010111101100111010001100001011110100010000010011010
1011110000101000011001100101100000111101111101001000110111010101001010
1011001110010000100001000011011110001111110110110011001010001010000010
1010010111101100100100000000100000011111101110101000000000100111010010
1010010111010110000011101011001100100011001000011111011111111110001010
1010000101000010100001111111010010011110111011010000110010111101001010
1011110001011101101111100101001010010000010001001110110110011001101010
1010101010111000111010011101110011011101101010101100100111001100000010
1011110110100100010110111011001111111001010011001011110001000110111010
1011110111110000011101000101101111111010010011000111001111110011111010
1011001101110111001011011010110011101101000000000001100000111010001010
1011000110111101000001011101010111111110110100100001110100111010000010
1011111000111001010010101100110011101011010001000000000011110101110010
1010010111000100000011000001111010010011010111110000101100110010110010
1011000100110110101110100101110001001101011011010001001110010011111010
1011001111001101011111111010100000101101001110001110100111000111001010
1011010110100000100011110100000101100011000010001010110110000110000010
1010011001001010011011110001000100101010111000000010010010001111111010
1011010110011001111010111011101111010010010011011100000100101010110010
1011011001011101001000011011101000001111101110001100111111110011110010
1010100100000111011011101000011010100010100000000101010100011010111010
1011100001001010001010010110001000110100100110011011011111111000111010
1010100001011011010011111011011001000101010100000011011011001001111010
1011101111110100001000011010100010010101110010010101011010001001111010
1010110011011111101110100011111101111001001010001000101100110001100010
1010001000011110010001100110100001100101101101011000001101000011111010
1010100001111111110000000010010101110011100000001000110111010001000010
1010011001111100110101101011011011001001011110001001111111001011110010
1011110111001111110111010100111011010111100000010010001011000010011010
1011001001111100000000000010100010111111101101111101011110001111100010
1010001010010001001001111110111010010111100100100110000000010101100010
1010101111111110100010010000011100100001111010000100011000100001000010
1010011110000001011001011001101000010111000100001100111000001100000010
1011110010001111101001000100000111000111111001101000001000001110011010
1010001001111110101101110000011001100110101001011000101011100110001010
1010010001001010111000000010010011001111111111011011110101010010010010
1011011001011111000100000101011000101000101001111011000101000000100010
1010011101011001111101000010110000001101101011001101110001101011111010
1010001111010010010110000010010000000110111100110101000111100110110010
1010010101111111011101000000010001001111111100000100110011000110110010
1011101111111100010110110011010001110001010101100010111111101111110010
1010101010101100001100111111100011100011101011011101100101100101011010
1010010100111110111101011110110100010000111101001111111110110010100010
1010001011010001010011011101000111101110101001011000101011011000101010
1010001100011101011001100010110010010110010010011110100111101001101010
1010000110010010101011010100101011111110000111110001100110111100101010
1011011110010100011111111101110111110110101111011111100011100110100010
1011110110100000010011010101001110110010010011100011001011110101101010
1011110001111011101011110001110001000011010011100001010010001100101010
1010011111111001010100000111111001111101000110010101110111100011101010
1011100011111010001101110110101110110001000101000001100111011000111010
1011010011111100010100101110100001110011111100001010011001011001100010
1011001110111110011100110001110111100010100011100000001000111100101010
1010110000111001111111101100001110010010000100101110011011111100000010
1010111111111101101110010111101001111100000111100000100100111101001010
1011010101011010101111101111111110000101101011111100101011110001000010
1010111011101011010011111001101011111111000001000011010110010010111010
1011010001101000110111110110110000110100011111011110010110011001011010
1011011011111111110110100110100011010000011100100010101010111100011010
1011111100100000000110101011110101111000000101101111111011000010101010
1010110000111111011100010100100110100011011100111101011000001100111010
1010010110011111010101101000111001011010010111111001111100001001110010
1011111010010111001101001111101011100101001000100011100010101111010010
1011110111001001000000000100001110111000111100100100001000110101011010
1011000111111010101001011001010011110100111000100000011101000101100010
