1011011001000101010110011110110011001011111111000100011100111000000010
1011011100110111110100000010001011110001000011011111101101001000000010
1010000100000000111000100110011110100101011111010001100101101000000010
1010011101001111101011011110111010100110111111110110011001101000000010
1011110010010110110011000110011000101001101101010000011100111000000010
1010100111001111110110001100101100010111101000011110001100101000000010
1010110001000101001111101010001111000111011110011011100010010000000010
1011101101111110010100000010110000110000101111010110001011000000000010
1010001111100000110000001101011100100001001100100001110000011000000010
1011011111101111010011110100111001010010100101011100010100011000000010
1011111001101001101111000000101100011101010001010100101111001000000010
1011110110011111100101101001010111100010000100001101011111110000000010
1011000111100011100011110001100110011011101001100111110000011000000010
1010101100101110001000011001100010000100110111010100110000001000000010
1010010001011110011100100000011011111100111010001100010010100000000010
1011000010110011101011111111101101011100010100011001001110010000000010
1011101000101100100111001011101001111000111001100001011101010000000010
1011101111010101000000101011110100111011100110010101111100011000000010
1011101001111011000110100101011100101011111000101100011111001000000010
1010010100101001001011100100011011011100110001111101001000000000000010
1010011000010000000101011100011010101111010001100000001100100000000010
1010100101111001010101011111010001011111110100011000010010111000000010
1010110010010110011010100011001100110011100110100110001100110000000010
1011011100000001100110011001101000111010000110100000100000110000000010
1011001011000000110110101001000100110100011111000111010001110000000010
1011010001011011011111111010001101011111010000111011110110101000000010
1011100110001101010100010111100011100111100000001000001011100000000010
1010010111011100011010000001100100100111100000100100110101010000000010
1011101001001100100001111110000001110101110110110000101011010000000010
1010110010011011111000100011011000001001100011000011001000101000000010
1010000111101001111110110011011100000010100011100100000101110000000010
1010101111111101001011101010101110000111000100111010111001100000000010
1010010001101100011001101001110100110111010110011011001111110000000010
1011011011101111011011110000110111010011100111011101011110000000000010
1011100111110010001100011101011101011001101100010100100100111000000010
1010100010001101111001111101111100011001011100111001101011100000000010
1011110001100100010001111000110110000100011100111011101110110000000010
1011110010111000111001001100001110011000100101110101011100001000000010
1010010111110111110010111110001011010000100101000010111111101000000010
1010011100100011101011011010011001100101110100010000000100100000000010
1010000011110010111101101101100000101100011001010111101010011000000010
1010100100100111001101100000101101101111110011101011110011000000000010
1011110111010011101001000010111111011000111000011000100000001000000010
1011100111011100011010000001010010011111001101100011011001001000000010
1011001011011001000110010000111101011011010001010001101111010000000010
1011100100011010011101011110010110010111000001011101010011001000000010
1010101111011011100100110010111100001100001001000001001001000000000010
1010100111000100101000001000110101000001111111111001111011100000000010
1010010110111101011010110101010110110110111100010001000101110000000010
1010101000110110010100000110010011101111000001111000010111101000000010
1011110011101100101101101101001010001111111101000001000011001000000010
1011111110011100001110000001011101111000011010010010011011010000000010
1010100111101110000011010000011010110000110001101111111101010000000010
1011000100010111110011010010100011000001011000111011001101001000000010
1011101001110000100111001010101111001011110001010000011000011000000010
1010000110001011101111110111100100100010010010011101000011011000000010
1010111010011100010000110110011110000110100000000100011011011000000010
1011101011000011110001101000001011000000011110000110111000101000000010
1011110000100101001001110011010111011101001010110000001001101000000010
1010100101000010000010000100101101100101101100111011011011111000000010
1011010011000000011110111101111110100011110011010110101011011000000010
1010001011010100111001011000000000001100110101110111001010011000000010
1010100111010000101101010001110011101011001111001010110011010000000010
1011011100100100001100010101111000000000100001110001100111010000000010
1011111100101001011101000101010101100010011111010010001001000000000010
1011011001011101101000110111000001001111000001001001110111000000000010
1010111101011101101111001001101001110010111101101101011011111000000010
1011011101101001000100011110111101000001001101001101110010011000000010
1010100010001010111010011010111111101100001110010010101110100000000010
1010001101011101111000010110001010000000001101000001101001100000000010
1011111010011011101001100010101001000110100001101111010001111000000010
1011101010000001110111000010100011100111000101011010011000001000000010
1011000111100010001110000100111010001001110011001100111010100000000010
1010011101111000000101111011011110010110110110010010101100100000000010
1010100100100111001101100000011100011010000010100000011001010000000010
1011010011001110111101111011110100111110010010110011101000001000000010
1011100011101111011011001111100110100011000011000110110100101000000010
1011010111110000000110111011101010111001100000100001011101101000000010
1010101010111010100011111000100110001010000001101111100010101000000010
1011101110111010101010110110110101000111100110010001100001001000000010
1010100110000100101111010100111011010111001000100001011010101000000010
1011000111111011101110010100100100000010001001000110000111110000000010
1011000010010001000011111110110100111101010101101110000010101000000010
1010010100011010000110000110001011101111011010101110011010100000000010
1010111101011110001111110101111001101101101011001010001011111000000010
1010001101101111011000001001101101001010000101000110010011001000000010
1010011101000001010100100001110010101000001001001100000000111000000010
1010110110110010000111010110101110100101101100100111011101011000000010
1010000111011111001110110111001100000101000101101010011111101000000010
1011110110101101100101000001000100110011010010011101100111011000000010
1010110001011100111011011001011001110101001110000001000110100000000010
1010111101010010000111111001001100010100110000101000111110111000000010
1010010011010101011110110000001100101011101100001010000011010000000010
1011110000001001101100001100111011001010010100011111111010100000000010
1010010001111000001101101000010010101101100000010111001111000000000010
1011010001010001110101110101011000010011110001101110010100001000000010
1010010101010101001001110001101001001011110011110100001010011000000010
1011100010101011100001100001011111010000111100000001010010010000000010
1010110110011000000110010011001101100111001110110001011001110000000010
1011010001011001000000100011010101110011010000000100010010011000000010
1011000001111100110111100011111111110000100000110000111100111000000010
1011000000110001011110101101000010010110101001010010001001010000000010
1010111110011100110001010100001011110001101010010110101111010000000010
1010111111010011010000010101000010101110011010000101111110100000000010
1011101100110100010101111101101101100100010101011000100101000000000010
1011111001001110100101001001101001000001101001101111110011010000000010
1010001000001101110001010110010101111001100001101011000011000000000010
1011011110001000011110000011100010001101001111011010111001001000000010
1011011101100011011011100011011101001100010011011001001111010000000010
1011011111000100111111111101111001000110011001000101111110011000000010
1011011101001111001011011001011101110001101000101011001111011000000010
1011000001111000000110100110011011100111001011010101111101101000000010
1010111100100101010111100111100010111001010011111001101110101000000010
1011000000100111110101101111111100011110001000010000011100010000000010
1011100100110010001011000000011100110000101000101000110001100000000010
1011100101010000010000000111001000101000101000001011001011100000000010
1011010001011100000011111110000001110000001110001100101100101000000010
1010010010101011100000110111011100111010001001000101010110011000000010
1011111111110000011000111000001111011010111011010011100101100000000010
1011110110000110010011001011111111000001111001000011100011100000000010
1010100111110110100010011001010000111110011101010110011100100000000010
1010101001111010101010111101000010110110011100110000000000011000000010
1010100000010100101100110000011000101100011100110011000100001000000010
1011111001110100100101000001110101011110110111100111101001111000000010
1010101100010111110100011011011010110111011000111001101000101000000010
1010001000100011101100100000000101110100000111010001010110010000000010
1011010101111010000010100010000100100010110101110001101101010000000010
1010111000111100001110100010010100000101101011011001101000000000000010
1010010100010101100001001010111101101000010001101100100100101000000010
1011111110001101111011100000111111111110011010111001000110010000000010
1010000001010000101111110000111100101101000110110101011110101000000010
1011100000011000011111010111011110110001101000111011000000010000000010
1010011100000010001010111111101111011001001011100000011000001000000010
1010100010011010110101111011110110010001110111100001110110010000000010
1010101010111101111001011000110000111011011010000111110001011000000010
1010100000100110001111110100001100110000001100000110100001011000000010
1010010001011011001000111101110110100111010110100000000001010000000010
1010101001110010000101011111001101011000110100000100111011001000000010
1011000000000000110001101001011001101000011011010111111010011000000010
1010111000100110101111111101100000101001000100111010001101011000000010
1011000011001000011000011010110010101100000001000100100111111000000010
1010001111001000101100000100010011101110000110111110110101010000000010
1010001100100000001110111101110001111110001100000011110001010000000010
1010011000010001100100101001111100110000111111100011001110101000000010
1010101101011101000000011101110000100110100101000101001001001000000010
1011011001011111101110111010000111011010001101101011111001001000000010
1010011000100100010100100110100100000101101010100000000101110000000010
1010101001111001100011011100011000000010110101011011011110100000000010
1010011011001011011000001110010011001010100111110000000011100000000010
1010010001111001101100101111000011010010010011010000110111001000000010
1011011101100100010100010100001110010101011110000100100001110000000010
1010000001110100110000010011011001101000011001100101000110101000000010
1011000010010111100110110010010000010010111101000001011110110000000010
1010101110110000100101001011001101010000111010111111110011111000000010
1011111100100000101110000010011111101001000111100010000100111000000010
1011101111010011100000010010000000101001111101100001010100111000000010
1011101111100100011110111001111110100010011011000100001110000000000010
1011100101011110000011110110101000001111010101111010100000110000000010
1011100111111100101110111111011110001110011101000100111100101000000010
1010111111011101110011010101011100100101011100111011011000110000000010
1011110011010100011010001110111010110000011110101101000101010000000010
1010111101110100111101000000110010100011000110100100111010101000000010
1011011001011010110111001110111010110101001010110110110111010000000010
1010000111101101101110011000110000101001100000110110000100000000000010
1011100111111001000100100010010010111001001110001010011001010000000010
1010010100010010011101101001110010000010000110010101001100010000000010
1010111101010001100000110001011110110100110011001100010110001000000010
1010011100101101110010000001010111010100001010000000100011111000000010
1011010111101000010101100000000100100110001101010010111101000000000010
1011101001110101100010001111011010011011110111111000100011001000000010
1010011101101111100011001010001110011010001010011011000011110000000010
1011000011000110010011101010000101100111011110001110001001101000000010
1011110111001100011111101011000001111110011000110000111111101000000010
1011100001000011010000111110110011010101010001101000110011110000000010
1010001011101010111110010101111101001110001000110111111110011000000010
1011010111010111001100101001000001010000011100011000111111001000000010
1010011011010110111111101001011001010001001001011000100101101000000010
1011000101000111100100011011111100000001100111111000111011010000000010
1011110110101111110110010110111010100000110010110011100101011000000010
1010011110011111010111110110000110000000101010010110010100001000000010
1011010110000111111111010101010111000000010000001101110000100000000010
1011101101100110000100110011000011111001100110000110110111111000000010
1011111010110011000111110111110111010000100101101000110000110000000010
1010001001011111000000011000011110011111000100000010100010011000000010
1010010011010101110001011100001101110110000111001111101001101000000010
1010101010101010111001110111100001001011110101101010010000101000000010
1011010100110101100100011010101101010101100100101000000010000000000010
1011010100100100010000110100010011101011000111001011100110000000000010
1010001101101000011011111101100000011011110000011011011110010000000010
1010001010101111110110000101111000000110111101001000001011011000000010
1010100010010001000100110100001101111101100110000011011000111000000010
1010110111000100111001001101001111000100000010101000101110111000000010
1011000001101001100100110101110100100101001101101000101010100000000010
1010101101011110110010000001111111110110000111001000111111110000000010
1011010000110101110011101000000011011110100000101011001100111000000010
1010101111001110111111011100010110100010011011101001001111001000000010
1011110101100110101100000100111111110111000101101000011000010000000010
1010110101011011101101010100010001111110001110110111100001001000000010
1011110111101001110110001010000101100000111110101111001000001000000010
1010101011001100011000111101110011000110010001001100111010010000000010
1010010001011110011101001111000101110010110110101100100100101000000010
1011111001110001101010111111001100100111111010010110000001111000000010
1010001110111101111010111011111000011100010110100101011010011000000010
1011100110000101000000100011111000110000111100000101000000001000000010
1011100110000001110010001010010101011001000100001111110110101000000010
1011011101001011001001001100001000001100110000000011000010111000000010
1011001001100000111000101101100011011011101110000101011010100000000010
1010111111001111001010101100010011101001111111000001100100110000000010
1010110111000001111101000111101000101001110100101101000010111000000010
1011011101110000100110100011011101101001110010010111000100101000000010
1010101010100010010110100110100010001001011011000100000010000000000010
1010101010010010111100100111101101111111000001010011000100100000000010
1011011010001100001011011100111100010011001101000010010111001000000010
1010101110001110110110011100101101101111000100111100010101110000000010
1010110110100000111101110010110011101100111011000100000001000000000010
1010011100110000000010101011111101101100101100110011110101101000000010
1011111001111110110000100101101100010011001111111100100011001000000010
1010011101101111010001010100110010101110001000001010011111111000000010
1010011111000010010010100000000111001001100101100110111001100000000010
1010001101010101001010001011010000010111110101101010101001011000000010
1010111010101110010000110111010111001000100101011100001011011000000010
1011101111101110100101110101000111001001101100110000001011001000000010
1010110011100010000000101011111101101111110101100100011111000000000010
1010110100100010011000100100011111011001010011111101010111101000000010
1010000011011101110100010000100101101101001011110001001000111000000010
1010101111100100100001001110001111000100110011110001011110110000000010
1010111101111111010111101110111011110100101100101111011011000000000010
1010010111010010010110101000100101010100100001100000001101100000000010
1010100111010011111000011010111000011110010010110111011010011000000010
1010000001000011101111001100111000111111111011110010000110000000000010
1010110101100110011101110101110100001000110011011110000101110000000010
1011111110100010011011100011111111010001010001110100001111010000000010
1011101010110011001111011110001000011100101001010110010010010000000010
1010100000011000110101010010010001100001110011100001111001000000000010
1010111110101100101010010101110010000111110010010111010110111000000010
1011100111100101001110101000111101011001100011010101110110000000000010
1010011000000011010001000110011100011011011000100110110000010000000010
1010000011101000111100101011011101110111111010110000001100010000000010
1011111100110001010100101101100101001111111110001100011011110000000010
1010110101111101101001111110010111001001100111110011111001100000000010
1011100010001011011000100101000101001000100111111011010001000000000010
1010001101111101010101100111101010110001111001110010011111110000000010
1011001101011110010010011001001111001001110100000100010101101000000010
1010111110111000010010000111110110110110001101010000101110111000000010
1011101110101001000001000111000110111001101100111001001011010000000010
1011010011111010011000111011000110100011001000000110000001001000000010
1010100000101011011100111000000111101101111000110010011101111000000010
1011111001011110110000001110001001101001000110110110100000111000000010
1010101010100110011101100101010001110010100011111111001011100000000010
1010111101011011000110011001000110001011101000110111010011111000000010
1011011110110100111110001000110100011011010011100100101001111000000010
1010010010101010100001011011011100010101101110110110011010011000000010
1011000101110110011001011101001100110111000000010011010111111000000010
1010110111100111010110111101000110111001000010101110011000111000000010
1010001101111110111101001011100110101010010111111000111001010000000010
1011011100110000001101100010011111110011111101001000110010010000000010
1011011101000110000001100101011110101011001110100100110111111000000010
1011110011011110011010010111000001000010011111001001010100000000000010
1011100101010000101101110000011100000001111100111110100110100000000010
1010010011011011111011001101010011110011010110101001000101110000000010
1011000111010100000101101001000110010100111110111101010010011000000010
1010010000010001101111010011111100100111001101010101011101001000000010
1011101101001101100111110110111000100001101010001100001100100000000010
1010111010010110101100010001110111000110000000010110100100101000000010
1011110000010011000001001111000101000000001101101100000001100000000010
1011111011111001010101010000111001000001011011101011101101111000000010
1011010000011111101110011110010011100101011011110000011101110000000010
1010011111000111001001100100001000111100010011011000100001000000000010
1010010100010011101100001011101001000000111110110111011111010000000010
1011111011111101010001101110110011100101001100000110010100110000000010
1011111111111101010111110110110011010101111000110111110110011000000010
1010010101001010000000110000100100000001110110101100101001001000000010
1011111101001011101011000011100000100000011110111100101010000000000010
1010011010110001110001101000110010010110100111001000000110011000000010
1011101011001101011000110010100110000101000110110000010010111000000010
1010011100111001001101100000111011001011101000111001110010011000000010
1010001110001011011011001010100100100011001110111010111011100000000010
1011011011010100100000000010110101111011011111001100010110011000000010
1010000111010111001011010101010000111111000111111010011011011000000010
1010000101001000101111111010110010111101110000110000010011110000000010
1011111011001101001000111111010100101111001011011011010110000000000010
1011000100010111010001111101101100110001100000110100010100101000000010
1010000010100010101100101011000101100111000111100001001010010000000010
1010110110110011011010011110010110100000010111111010010010000000000010
1011001010011000011011111011111100000110101010111110101111011000000010
1010001100100000110011100000110111011101101001100100101101000000000010
1011011101111110110010100000001101111000110110101111111100101000000010
1011010100111000101000011011010001110110010011011001100001000000000010
1011110000011010010000101110111000110110110001101010011001101000000010
1011000000001111000100110110010001010011110000001011111111110000000010
1010111001110011101110100000100011110110011000101000011011010000000010
1011010110010010101011010001011111110111000010111110000100101000000010
1010110011101100001110000011001110110110000001011001101100000000000010
1010100000111101101001000000011110000110010110011101010110011000000010
1010010000011011010111000100001011100110110101101011000110010000000010
1011011111000100111101000000001110101110101000010000011110001000000010
1011000110000000110111011110100000110110001010011001001110010000000010
1011111001111001011001100100111010001100001001100001110011100000000010
1010110100001101100011111000101001011000100011000101011111011000000010
1010101000011011011100100001011100111100001010011010011000000000000010
1010000110111010010111010110111101111111001110001000110001101000000010
1011111111011000110111010000101111001100100101000101000010100000000010
1011111001010111001000011111001001111011000010101000011100010000000010
1011110010011100011101100000101110100000100011100110110100001000000010
1011011101111000001101010110111111010001011010100010011001010000000010
1011100111001000100100011000100100100101010101100101101101011000000010
1011100010101111100100011111100100000011000100100101010111001000000010
1010000101100000011001110001101011101010011111101000000101111000000010
1011011001110110101100101110000110010110111001100111100100100000000010
1011111011111100100001100011001110111011010101000100010011001000000010
1011100101011011111100111110101100101010011010001111100111100000000010
1011110001010100010101000001101011010101111010011111100100000000000010
1011101010001001101010011110110011011001010101000110001100001000000010
1011111010100100101100111010011011111011110101010111101011100000000010
1011110010111111111010010100010111100011011011000010011001010000000010
1011101111101111001101011011110100110110101101010100010000001000000010
1010010111011111000010010110110001001111001001010100110100111000000010
1011010101100101011010010100110111100100111001100111100101001000000010
1011010011111100001111000011010110000011011000110110111001001000000010
1010001000101011000001001110010000110100110000001111010111011000000010
1010001011001011110011001100011001100000001010001000001100101000000010
1011111110101101011100001101111110100000101111101001000001111000000010
1010111100000101110101011111000010110101101110000111011111100000000010
1010010111001001011000111100101000001110100111001100110001101000000010
1010010110101110110000100001000001010101011011000001101010101000000010
1011110010111011001101010101101100100011100101101000101011100000000010
1010111001010111110011111110111000110100011000010111000001101000000010
1011000010100101011110010010110010100010101101111001010011010000000010
1010101100110110011011110100001000110000001011111111111111110000000010
1010101100001010101001010000001010110010100100101011101111010000000010
1011000111101111011001010111110001101000000011001001110100100000000010
1011000110001111010001110010101100001100100111001110010000010000000010
1010110110101011101111110000001010000110001010000011010111010000000010
1010011000101111011001110010100101111110001000111001111001101000000010
1010001111101111110000000010100011001100100001001110001000001000000010
1011001010001010111010110001100001010000000000110110011100010000000010
1010011111110110100111011001100101101000101110001010110000100000000010
1011110011101111111010100100001101000000001101011100101011110000000010
1010110011110110000110001111010110101000111001001000001100000000000010
1010110101011110011011010101000000110111111011100010001111101000000010
1010010111010111101000011111111101110000100011000101001100100000000010
1010010011011011110011111001100111101011100101000011010000001000000010
1011101100000100100010001001010000111001011110011000000100111000000010
1011110110110011011010111111010010001100110010101100001011100000000010
1010101111111101111100110010010010101001110111111100000110101000000010
1011111011010010011111011001000101000100011001101110101001110000000010
1010110101011001010000001101110110010111110100110101011100010000000010
1011011101101010011010111000111000001101000111101101011011111000000010
1010001111011100011010010110011101001011001100110100100010110000000010
1011110000010010101100111100011001100010100110010010000111101000000010
1010101101010111011001000101110011011010001001010000101011000000000010
1010101101111100101000010000100000110100100001011101111011011000000010
1010000001010101110010110110011000001111001000001011111111110000000010
1011111000110111001000110110100111101000010011010000011010111000000010
1010010000101001011001110110100101001011100011110100010101010000000010
1011100111100000011011000111101101110001010110010110101010001000000010
1010011010100000101101010101011001101000111010010001001100010000000010
1011101100100000110011100100000111000001001110000110110010011000000010
1010010000101111001011011011100111100100111000001101010000110000000010
1011010011000111000101100001010010000101010010000010000110101000000010
1011001110001100011110010001011101010000101100111100101011010000000010
1011011010101011101001111001110001111101001101010101110110001000000010
1010110011110111001010000001111001100010110100001001001010110000000010
1010111100110111001101001001010110000001001001000010000010100000000010
1011101110110111011101110011011110011100011110101001111100111000000010
1011010111110110110100111000111100010101101111110010110000100000000010
1010100000100110100111011111101010100101111011111010010000110000000010
1011011001010010001000000000011001110010100110000010010011110000000010
1011110011101111011000111010000001011000011000100100010101100000000010
1011011100001101101010101011001100110001110101111010000110100000000010
1010111101100010001111000000010100000101101100010011010100110000000010
1010010100101010010001011011001010011000111110100110011010010000000010
1011010100100010111111110000110110010001011010111000110011000000000010
1011111100111001101011110011000001010110111111010111110000100000000010
1011011001101111100000111000001010000101111101011001001110100000000010
1011111100111001101011110011000001010110111111010111110000100000000010
1011101000100011110000110010010101101110111011010001110101000000000010
1011100010010100001001010011010001010111101101110101100010100000000010
1010000000110100001010000101110100010001110111111011100100100000000010
1010010100110000001111011000000000110010101110110000110100110000000010
1011000010011010010101010101111110011010010010010110011100011000000010
1010001010100100010001011001001100010010111100111101111001100000000010
1011100000111110011101010101010001101001001011001110011111110000000010
1011001100100111001100001100000001011000111110100100110011010000000010
1011010101101000001110000110100101100110110110100111011000111000000010
1011010110101000101001000101101110011010110110001110101001000000000010
1010100011101100111101010010001110111111010001101111011000000000000010
1011010001100111101101000010001111010110100100101000110110000000000010
1011010101100110000110001110010010011100101000100111001101100000000010
1011000010010010101101111011111111011100110001000000111001001000000010
1011001100100110111001010010101110011110001110100111010100110000000010
1010100000010001011001110000111000111101001001001010111100111000000010
1010000011101001010111011110010101110100000111100001001000110000000010
1010110111101010101101101111011010110000111100001000101000001000000010
1010001000011111100001010111011110001100111010111010110111110000000010
1011100001011001001100000101111010011000000001111000110111100000000010
1011100111010111011101011101001000011111111101010011000110110000000010
1010111000001010110010110110111100100001110111001001000110001000000010
1010011010101011101100001001001010111000111000110010100101111000000010
1011010011010000001101000001101111000011011101111011001000011000000010
1010110100000001001100010010001000011111001101011110000110111000000010
1011011110111011001010010111011011001111011011101101101100011000000010
1010010110000110110010101010111110011001110001110111110110101000000010
1010111010101111110101010100001011001100010110000110100011111000000010
1011001110010100001010011110101101010100000001011000111001000000000010
1010110111001110000011010111000001110000011101101000100011101000000010
1010001100100001100111101101101000111000100000111010111101100000000010
1011100000000000000000101100111000001000011010100100110110000000000010
1011110000010110000110000111110010101010000100110001010100001000000010
1011001111101011111110111011100111100001100110110100001000000000000010
1011010100111011101100010100010000100011000000010110101110100000000010
1011011010111111000010001101110010101000000010000100010001001000000010
1010010001010010111001000010011110111000111000011111001110100000000010
1010110111110111110101011011100101000101101001110111001000001000000010
1011001010100001000110101000110001001100001100001101000011111000000010
1010010111101110101101011010110000101000000000001111100011111000000010
1010000111010100001110101011000101001100111001010110111111110000000010
1010001011101101000101110000110100110001000101101111001000101000000010
1011110110111000011100110010001100010010111111110011111001110000000010
1010111011000001011110100110110100111000111011001110000110011000000010
1011001010110110110111101110001100011000101001011100010011110000000010
1011000010111110001100011001110000010010110000110101101110101000000010
1011110000011101110100010001001101110101011100101000001001110000000010
1011101011100110011011100111111100010000100110111011101010101000000010
1011010000011101101001101000001001110010001010001011011100000000000010
1011011000110111000110100011100001101100100011111010100111100000000010
1011010000011010111001011110011010010100000001000000010110110000000010
1010000110101101111101110111111011000000111001011001110110111000000010
1010010010011101000001110010111000100011000010110000001010001000000010
1010101001100011001110110101111010100101100110101111100111010000000010
1011111100101111111111110010111100100000111110010111110001110000000010
1010001111111000001001010111101001011011110010001010110000111000000010
1010100000010110010110111001100000100000011010110011101111100000000010
1011101110110010010110110011110001111101110010100110010001010000000010
1011101110101011100101101110101000101000101000010001001000011000000010
1010100101111111010010000000000100110100110001000010100000110000000010
1010000111010110011010001001000000001100101000100011101110111000000010
1011100011110010001100110011110001001111111011110111010011100000000010
1011000011101100111011001000011010011011001001010010101110010000000010
1010110110111101100011000011111101000010011101110010000010011000000010
1010010010000111001000111100011000010010011000101110111010011000000010
1011111110010001001110010100101001011010011010110001010111011000000010
1011000111100111101100000110000011000011001011000000100110110000000010
1010000110100001011100010111011001000111010000110011010111010000000010
1011111110111011010110011101011110000101100101101111010000110000000010
1011101000100010000110110111101001001100111001110110000011101000000010
1011010111110011010100000100110110101001111101010010111001001000000010
1011010100010010111110011010010001001011011001001000011010100000000010
1011001100001010100011111000001011000101110011100001011101100000000010
1011001110100001101011100011101110110101010110100000011010010000000010
1010010001100001110001001100101000111100100101001110001001011000000010
1010111010110110111001011010001100110000001110000101111101000000000010
1011110011011011011011010010111110100101000111000110110111000000000010
1011101100100110010000011111111101110110100100100110000110110000000010
1010000000101011101001000110101011001011001100011100000010001000000010
1011111100010111011100001010101111100001000110111110010001111000000010
1010101010110111101111110011010000100001100011111100110101010000000010
1011110001101011101011010111101001110100100101101111000110111000000010
1010100001100010101100100101001001101011011110011110101111110000000010
1011011011110100011011101001011111001110111110011010010010011000000010
1011101010000110110010001110100101111011111100001111011001111000000010
1011111000011110001011101101011010010010101110001011000010011000000010
1011101011000110101101110000010111011110010000000111110101111000000010
1011100111100000011010100101010010110110001110101011001111101000000010
1011111010111101111010011111101011000001100111111100010011011000000010
1011101010011000111011101110101111011001100110111010101011101000000010
1011000001110011100011010001101101010001000101011010110110111000000010
1011110010011110101110100001001111110111000100110001010011101000000010
1010111001110110101110001100001101110000111101111010110110110000000010
1010011100010110100010101110111011010011000100111100101001000000000010
1011011111001100111111111111100001101100000110110101100100100000000010
1010101000000100101110011100001001110101000011000011101011101000000010
1010110011001001001111110011001011001101100000100100000010001000000010
1010100110010000011110000011110000100001011010010000000110000000000010
1011010001111110000010010011111000111000000100000111001101010000000010
1010100111011111011010001100100011111000000101110100001011011000000010
1010111010011101001001100110011111111110000111000110011010101000000010
1010011010010111010000001010000100111110011110001011010111000000000010
1011010101100111010011001010100001111010001110011100111100111000000010
1011110111011011101111010110000011101010001000100000010101100000000010
1010011111101000101011001101110001100010101100101110001000111000000010
1011010000101101100011000000000100101011001111010001101101010000000010
1010010000101001101110110101000010111100011110001001011001101000000010
1010111111010010010001110011001001111110110001011010101100100000000010
1011010000011010101111101111000100101100110100000111011100001000000010
1011111100110111100001110101101000011010011110110001000010110000000010
1010001001101011010001000101111001101111011110101110011010111000000010
1010100100010110101111101010011100110101110001000111111000100000000010
1011100000111101110011001001000000111001100110011111011110110000000010
1011111000111000001010010101101001101110100100111101011000001000000010
1010000100100011110010101000000011000111001000101111001010011000000010
1011100001111100011100000111101001001010000010101101011111111000000010
1011110110111010101101100000001101000110000110010101101010111000000010
1011001001110101011101100011001001011000110101100010100010011000000010
1010011000100101110111011110100010110110011111011011101000110000000010
1011110011111101011000111010100110011000100101111001101101101000000010
1011011100110000010111101111101011010010010100101001000001001000000010
1011001001100100100010001010111110101100001000010001101111010000000010
1011100000010101000010110110100010010000001011100111010100111000000010
1010000010010011100010010000100011100011001111011100100111110000000010
1011011101100100000000111110111111100100111011001000001010000000000010
1010011100111100111000101000111101100101110011011110000110100000000010
1011010100100110101110110111100011110001111010111110001010100000000010
1011110010111100000101111011011010100010111111001101100010000000000010
1010011101001101000100011001100101101011101010111010000000100000000010
1011111100001011101111000100110110110101100111001100000100110000000010
1011110000010011001101000111100111001101001000010011011010100000000010
1011111001111010000011011010100001000011001110101111100011001000000010
1010011111101111111100001010110010010101101010101010001110011000000010
1011011010011000000100100001110101010011101011001001110010101000000010
1011100111111111001101100001101100110101011001001110001000111000000010
1010010110101000110100001001100001010001000000000010000001010000000010
1011101111000100001111001110011100111010110011111100010010000000000010
1010011000000011001000100111001110100001110000111001110111001000000010
1010110101111101111100011111110111110010011001001111111110001000000010
1011111000111111111101011111110110101010100110010101110001010000000010
1011000110000010010110110000001110000010110000011101010100010000000010
1011100000110001100101111011100100001000100010110010110000111000000010
1010011111001111111111000000010101111000010001111110100100000000000010
1011101001110001110101010100110110010011111100000100100101110000000010
1011101111010100111100011010001011110001111111111001110010100000000010
1011010001101101101110111100010100101101000101111011010001110000000010
1010011101110000011110101101001011111101000010111110100100101000000010
1010000000011111011001011101111110000110000100011000111101010000000010
1010001010001001110101110110001111110011011011111111100011111000000010
1011010000011100101110011101100001001011101110010111111001001000000010
1010010101000110001010000100001001111100000111000010010110000000000010
1011010111100000110011001001010110100111011000000001001011010000000010
1010100110111111000101110010110000111001101001111110001011110000000010
1010000011011000001111110111000011110101111011010001100100011000000010
1010100001011001100010010010101001001010100100000001101101000000000010
1011010011110110110000110101101011011110010100100001101110011000000010
1010011111111100110111100101100001100000101111111100010001101000000010
1010000011011010000011111101011111110000111101110000100010011000000010
1011011111110000000101101100100010011100101111001101001110001000000010
1010001100010100110010101001011001111111001001011101011001100000000010
1011100111010100011011100100001001101110011011001011000000100000000010
1011000100101010100100111100110001000001010100101100010101000000000010
1011111100011101110101100001100111010111101101001101010010011000000010
1010000100011011011111101111011110111111001111100111111010111000000010
1010111101010010011111110101100110000111011000001111001110001000000010
1011000010111010110010110001110101101000001101111011100111110000000010
1011111100101011000011001101011001001001001010001001000101010000000010
1011010100011000011100101000111100111101101101100111111011011000000010
1010101111101011111111000101101000000010001110100111100100001000000010
1011101010011110100010000010110101110110000111000011001100010000000010
1010110011001001110001111110100010110001010111011101101001011000000010
1010111100111100110000100010010111011101101101010011110000000000000010
1011111101000010100011110111011100011110000111000010111111100000000010
1010011001111001100011011000110111101111111010101001101101011000000010
1010110110010101011011100110100110111101101010001110100001111000000010
1011000001111000101000100110001111111111111011101111111011001000000010
1011010011111110010001110100111110010001101111111110111000100000000010
1010010111011101000011001000100010101000100110011100101110001000000010
1010001110101001101001000111101111010011001111011111001010011000000010
1010001010111100101110101111001001011010000101011011101100101000000010
1011010111110001111011110100110010010001101010111010001101101000000010
1010101110101000011001010000110010010101000000111010101000100000000010
1011111110010010101111111110111011011100000000101010010100101000000010
1010010010111110101101011101010010101001010111010000111011110000000010
1011100101101011001111101110010000101001111110011101010010010000000010
1010000101111110110100100100011011101110010000111111010101101000000010
1011111000100110111010011000111111100001101100100011110000101000000010
1010000010100001110101101111001010011100011101100001100111110000000010
1010101001111111010011001101111100101101100101001011011111001000000010
1011111111111111110010011001100111001010111000001000010000110000000010
1010011000001110101000011111001111110011010010000110101111011000000010
1011101111001000001010100101100100001100100110010001100110111000000010
