1011010010011000001110011000000101001100110100100110011001101000000010
1011010010111101010001101100101101101111101111110110000000111000000010
1010000101010100101010010110000110111110011101011011110111111000000010
1011011010000010000010010111011011111000011101111010111111101000000010
1010001111111100110110111101010111111111011001111110001111100000000010
1010000101100101000100001110000101000110001011011101010000100000000010
1010101101000111110001101100111001100000011100111011011001111000000010
1010110001011110101000000100001011110101101001010011000001100000000010
1011001010000000111001001101101011011111011001110101111111101000000010
1010100100011001000001001010000011110000110001001000001000101000000010
1011001111100101111110011010011100101101111000110110111011111000000010
1010110010000001010110010000101011101010011011000010100011100000000010
1011110001011100110110100001111101111001011100101100100010100000000010
1010011001110000011110001001001101111010110101000010101001101000000010
1010011000100101100000001010110011110100101111010111011000111000000010
1011101111001000100000101111000000001000000011010111110010100000000010
1010010001001111111100100011100101100000101101100011000010100000000010
1010001100000011111100000011011001011001100010011111101010101000000010
1010001000110101101001011100111010011000011100111001110001011000000010
1011101001101101101001010001011110111101101010011011110110000000000010
1011010111111101010101011000100101001010011101111101001111010000000010
1011111101010000001000101001100101001010110111110000011100011000000010
1010101110010101101001000010011110101111111100100011010110110000000010
1010000101101101010110000000000010011100100011101110001100110000000010
1011101100000110011010100111001000101010110100101010000001000000000010
1010010100000001001101111011100001011110101110100010111101111000000010
1011111111111101110110010001011110011010011010111100001110111000000010
1011010000111011100111010101110000100011010100111101001011110000000010
1010111110110010011010011000000001011001111000111011000111110000000010
1010001010001000000100100101101111110111010101001101111010111000000010
1010010100010100001000001100111110010100011111110110011110101000000010
1011011100010010000100010001001000110101010100110110000100010000000010
1011001000110101011000011111011101101000100010101100111000111000000010
1011101000101100010010000101011011011110110101000111100101100000000010
1010010111011000111110000000001101010111110001101010000010101000000010
1010111100100100010100011001011001111111010010010000001010001000000010
1010010000000100000001001010011111000111100111110101111010111000000010
1011111100100100000011010111011101100110010110011011010011111000000010
1010101101000001110100100100101111101111100001101000111001011000000010
1011101010010110110010001000000100000110000000100000110001100000000010
1011000001010000011001010100001001111001101100110111101110011000000010
1010110001100111100011010001100101111100111001111011111110011000000010
1010000000000110100111000100001011011011000110110000000010101000000010
1011111100010000110011001010110000110100001110101011010000100000000010
1010100100011100010110101101110000011110111101001101001101001000000010
1010011010000001000100100000111000000100100000011100111010110000000010
1010101100100110100110000111000101110110101111100010101001001000000010
1011000101001100011110110001101100110100001000010010001111010000000010
1010101111010100010110101000100011111011011110111100110001010000000010
1010010000111100000001100010110010111111111001011101101111110000000010
1010100000111000111001100010000101101100111000110111101000010000000010
1011001101001101110010100011010011001110011011110001011011110000000010
1011110100011110100000110000000001010000111010000000111110001000000010
1011100110010100110100111010001110010110100110110100101001010000000010
1011100001010111111110111010001011001110101010110111010101000000000010
1011001000100000100100001001110000101110001010111110011100010000000010
1010000111001011011100001101000000100001100010010011111110100000000010
1011100111110110001010110001011011110111010001000010101001011000000010
1010111001100111001001011110111011011111100011100000101001100000000010
1010001001101011111110000010101011001101011011111010001101111000000010
1010000100110111111000001011110100111001010000111110010001111000000010
1011010110010001000001110101010010110110000100100110110100001000000010
1010110100001100101010100110100111110010110100110010001101101000000010
1011001000110110010101000110001101111010011110010011110001010000000010
1010110101010100011010010000000110010110010000111110110110010000000010
1010000011010110011101000000110010100110010101010100111110000000000010
1010000010110001010111011100100111011001110101110101011010100000000010
1010000001100100110001100000100101010011000000110011111000110000000010
1010101111011000110101000001110111111111001100101111111111101000000010
1010000011000101100100000000101100101011111110111011011111010000000010
1010110101001000011110011011101111101010100000111010011001010000000010
1011010001111101001100101000100100111110001110000001111001110000000010
1010110000001001011000010100110101000111101111101111111110110000000010
1010000110011001101110001010011011100000111110101111001111100000000010
1010011101000111000001110011001010111111100010010001111010010000000010
1011011100110100101011010001001111000000111101110010000110000000000010
1011111000000000001000000110011001110101110111111100001100111000000010
1011000111111001101101111100100110101100110110110110100010011000000010
1011010101100101011100011011000111000110111110111110111001011000000010
1011011100110101101110000000010101111010011100001111110101101000000010
1011001110101000010000001011010111110010111101010111011001111000000010
1011101000110001100110011100111000101010111110011110010001111000000010
1011111001000001000001101101101010101110101001101010110000011000000010
1010111100110101000010110010110000101000111100100011011110101000000010
1010100111111110010111001001110111001011011000101111010001010000000010
1010000000101000101011110000111010100110111010111111101001000000000010
1010101000001000000000101110000100101110111100111000110001010000000010
1010010011100100000010110100111101101110110100010011111100110000000010
1010010010011100110111001111010011010111010110101101010111101000000010
1010000110010011100000001100010000000010101111000111101000011000000010
1010011100011000010110000110001001111001000000001001111110111000000010
1011010000100100110110110110010000000000011101100111100111000000000010
1010110010000000001111010111100010001011100100101101110010010000000010
1011101011101000010000000010101010000100111110111011000000000000000010
1010111110101010011101000110000011010010011000000101111111101000000010
1010000110100010110001000100011000000011010110111111110001011000000010
1011001101111000110011010110000101010001101000110000001011000000000010
1011101010011000000010001001100100011110111101110111101011011000000010
1010111101011101010011110000100001000010001100101011010001000000000010
1010110011110001111000011010111001101001010111010110100101001000000010
1010010000000011100011000111010100010011100001011111110100001000000010
1011000100100000001000111000100011011111111101001001101111000000000010
1010011110100001010001101110100111011101001000101111110110110000000010
1011010011100000001101000110100011111000111000010000110011101000000010
1010100000101010111100011000011101011011011011010101001100010000000010
1010101110110001010001101111011000011100001100111111111111101000000010
1011101110000000101000011001000010001111101111001110001011011000000010
1011111111110001111001100111100111100111111001010111010011101000000010
1010000001000010001101011000011110001001010000011100000101111000000010
1011100101100101100111111100011000011000010111001011111011001000000010
1011101010001000000110101011011001110111101111011101100100101000000010
1010100010001000001001100100010100000111011110001101000001001000000010
1010011000011110101001010011111100001111011101010011101010011000000010
1011101101100010010100110110110001111000011001101111110010101000000010
1010011000001011000010001000000100010000100010001100100101101000000010
1010010001011010011001110101000110010001110111101110111100010000000010
1010011000001010001101011010100101001000001010001100001010111000000010
1010011000101100001010010000001011101110010011010011111100011000000010
1011100100100110100101110000101001001010101110111110111000101000000010
1010000101000000011011100000011011100010100110001001101101100000000010
1010010001010000101111001101001111011111011010111110110100101000000010
1010100111000001001010010010111101001000101011010101110111110000000010
1011111101001001001111001100000000100001111101000010111101101000000010
1011111001101101111010100000001101111101000110101010110011111000000010
1011100111000101101101011001011011000010010000001000000010011000000010
1010010110001011010000111011101010101001010110100110111010011000000010
1010111110110010001101110010010000001001110101001111101111010000000010
1011100000000001000000100000101101011011111110101010001000110000000010
1011111100110001011100001001011011000100011000001011101011110000000010
1011101111111100011001000101000110111000110010111000110001100000000010
1011010000000011100101001100010011111001111011110111001111101000000010
1011001000000100001101010011000011010010111110001111011001100000000010
1010111001111001100100111100011101111110100010001100101101101000000010
1010111101110101010000111011001010011101000011001011100111001000000010
1010110101111101111011011010100110101101011000110101010101010000000010
1011101100100011011010000101110011011001011110101110010111000000000010
1010001000001001000111110010010110111000100011010101100001010000000010
1011010101000000011001101100000001101110101011001111001110111000000010
1011100110001100010010100111001111001010111000110001000100011000000010
1011011101010000101110100101101111001110111001011000110111111000000010
1010101010001111101010011010000001011000100111100011011100000000000010
1010101100101000100001101000100000000111101010110010001000010000000010
1010110010001000011010111011110000101101101001111111100011111000000010
1011111111000110000011110111101110100010101110001000110110001000000010
1010001000000101100010101010000000011110110000001110111101101000000010
1011001010111001000011101001110011010011001101101100110100000000000010
1011000101110001100000011100000000010111110111110011110101010000000010
1011111011110010101000001010100000001111101000001100010010011000000010
1010000101100110101001111111110100011110110011101110010001011000000010
1011001000100001100100110101001001101010001101101000010101100000000010
1010110100011100010010001001100010011000011110011101011000011000000010
1011010110110111110100001001000100101110110011011100010101101000000010
1011001011010111100001001010001011110110000100011010101010011000000010
1010100010111010101100011111001110111110111001111001111101111000000010
1010000110011100100110111000101011111001011111111001100011101000000010
1011000001011110101011111001110011111011000111100100011101100000000010
1011011111111010100111010000101001101110011010001011000011010000000010
1011011010011010101110111111101011101011110010001110101000011000000010
1011100010110001101101101101101011101111001111000111100110100000000010
1011011100000010000001001001010001110010010101010000011111010000000010
1011010100001000001000001001111011111010101110011011010011011000000010
1011101100000010111010110100101010011010111111101111110010100000000010
1010001111000000001101000101011001010101101111110001010000000000000010
1011101101010010110010010001100001011000101001101100011010011000000010
1010101101100100011110110101110111110011110010010011110101101000000010
1011101101100000101000001001000000011110110101101001001000100000000010
1010111000100111101010001001111011110000111100011100110011010000000010
1010111110010000100101100101001001111100101101101001001011001000000010
1010001010110101000100010010100011010011100000010011101101101000000010
1010110101111100001011011010011100100110010101001000111101000000000010
1011110000110010110001010111100110111101111011001101101001111000000010
1010000010101100000001101101001111111010011010001100010111100000000010
1010001010111110011000010010111110110100100011110101111101111000000010
1010110111101011001010010010011010111010001011000100110100110000000010
1011001000111110001101111001100101001000101001000101001111111000000010
1010100000010000100010000100110110011011111000000110011101110000000010
1010110110011001010010101100001010010000100001001000001110000000000010
1011100111010101110010101011110010110111101111111100111111101000000010
1011001001101100000001011000101100010100111010011011011111001000000010
1010000111100000010010000011100101010100111110101010100110101000000010
1011110110000101111001110100111000001010110110000110001000111000000010
1010000111010000001110011001111100110011010110001110101110101000000010
1010110101100000101010000010001011110110100100110011110100111000000010
1010110101010011010101011100100001001000001010011001111000010000000010
1010111101000001101110000000010100001101111010100111011101011000000010
1010001100111000011010100101100011110111000010110111101110111000000010
1011111001100110101000011110101000111101101111011111101101010000000010
1011111100000011110010111001000111100100100011111100111011011000000010
1010100011000010011101000111001110011110011110100110101110010000000010
1010000100001000011110010000101000111010101100000101001101010000000010
1011110011101010001010100001101010011110011100011111011110111000000010
1011001101100000010001111001000111000110000001010100101001111000000010
1010111111001001101111001100110111101100101000011101111011011000000010
1011010101111101110001100110111110110110100010000011101101011000000010
1011010100001111000100100100010110001010011101001000101110101000000010
1011100110011000000001010110111011101001001101101111111001100000000010
1010110101001111011100100111100110000011100111000111011001110000000010
1010101000110101001100110000111010111111000000100011011111000000000010
1010110110011011011101101100100100010011100011001111001101100000000010
1010110000000101000111010111101001011010110101111111001100101000000010
1011100110001101001001011000100110001001001111000111001001011000000010
1010110100011000010010110010011110100110011110000111010101110000000010
1011110101111000100010001101110101101011110101010001001000010000000010
1010010100010101010110110100011101010001101010010010100101101000000010
1011011100001110100011011100011010001100000001100011011100011000000010
1010110100011000001010000010111011110110100011101010011100111000000010
1010010010111001101100001001100010001110011110000000001010001000000010
1010010101001101000011101000001110001101000010110100110011111000000010
1010011001110110111010111100101110110001111010001000100000001000000010
1010101101110000110001100111111110111111110010011010010010010000000010
1010001010110111100011110100000110000110110111000001110001110000000010
1010000111010101111110110011000001101011001000111001110001111000000010
1010010011100100101110100100100110111100100010001101100010010000000010
1011101101100101010000110011001110010000001110100101100110011000000010
1010000010011001100011000110001111011111100010111011000011011000000010
1010101100101000110001010101010011000000011000110100001100010000000010
1010000010110011100100101100000110101100100111110001110110110000000010
1011000001100001011000100111110100100000011110101110111110000000000010
1010010000000011000110100100001100010101010111011011111000101000000010
1011111111110000011010110000000010110111100010111110010011111000000010
1011000110100011111001010110010011011100001110110100011010000000000010
1010100101011111001000110101110100101001011000001110100110101000000010
1010111110000011100110011011111011101111101011000001001011111000000010
1010100100010100111010100000001011100101100111101000000011101000000010
1010101101011011011001100100111011001011101010001100101110000000000010
1010011111100000101011101110101010001001010110111110111001101000000010
1010000011100001100011111001001111000000101000000000010100010000000010
1011010110101100110010010010100110101101011100101000100001010000000010
1010101100011111101001001000011100101110100000100111111010011000000010
1010110010100101110110010110100110110001110010110110110000101000000010
1010000000000100110001110111000111101111101110001001110101010000000010
1011000011101001010010000000000000000001010110001111100111001000000010
1011110011100000101101111100011111110001100001111110000011011000000010
1011011111010101100011001111101111000011111111111000001111110000000010
1010000101100110000011000100110110110101010100101010001110110000000010
1011111111000001110110001010010111110101110000000110011111101000000010
1010011011010100010000111110100010111000011001100110110000110000000010
1010000101001000100000000011010000101111110110100000000011100000000010
1011001101111110000010010111110010111101010010011001000000001000000010
1010001100001000010110100010100011001001101101000000010011101000000010
1010001010010111100100001101110101000001010001101101010011111000000010
1010000000011011000100001110010100110001100111101000001111110000000010
1011010100101100000001101011101110111010001110010010100110101000000010
1010101101100100111111111000110001011111010101101011010000101000000010
1011001110110101010000001110010111010101011011010101100011011000000010
1010111010000011100100000000111000001010000111110011111111110000000010
1011101001100001010000011001101000011101111110101011010110111000000010
1010000000000100010100011110010000110011010011011101110110000000000010
1010110100101100001011101000010111011011011111010011011001011000000010
1010000010010101111100000011001000111010111001101110101111010000000010
1011000001011010011110101000010101101110010110101001000001110000000010
1010001000000010111110110011100001000110010101101011011101001000000010
1011010101001101011111010001010011011011000001010101011110011000000010
1010011110010111000001000001011000111000101010111010010111110000000010
1011100001000010011111001111010101100101101101101011000111110000000010
1010111001010100010001011010100011101101010111100110101100000000000010
1011000000001100111101011111101010111111011010110100110000001000000010
1011100001111001000010000110110110111001000110101011100110010000000010
1010110001100001111010001101001111000001110110110101011101001000000010
1011010001111010011101011001111011000110110111000101011010101000000010
1010010100000100010111101101000111000111001011011111010001111000000010
1010000001111101001101011110000100000110010011001111110110011000000010
1011100100001000111110001000100010100001111110111110011111010000000010
1010100001001001110100100110011011100011101000111001100111101000000010
1010111000010000001011110010100011110001000000001010101011111000000010
1011100110111110000101001010111001110011101011101100101110110000000010
1010101100001101100101011011100111110011110010101000111000110000000010
1010001110000101110010010110010011101101010010110110101010001000000010
1010111110001100100001010011110111111011101000111000110011100000000010
1011000001001000100100010111001101011010001001101011100101100000000010
1010001011101111011110010000101001111001100010010001001010000000000010
1010100101100001000000011110111101011101010010100100000000000000000010
1010101010110110110101010000010011101110011110101110100010101000000010
1011110110011000001110101111001001110110011100011100100000100000000010
1011101000100100100010010111011001001111010010111101000011001000000010
1010111101111011000000000010101000010011000001010101010100101000000010
1010110001011010101101101001101011110111110101000011110011101000000010
1010100101001001010100010000100000110100111011010100000000110000000010
1010000000101000101001110110011101111011000010100010000110000000000010
1010011000101010000001001001110001011000000010111001111010011000000010
1011011001000100001010100011000011110110111110010010111111001000000010
1010100010001011100010000110100101100100010010001111001000110000000010
1010001000111111011100001101010010101011100110101111011100001000000010
1011110110111011001110100011100101111100110011100101001110000000000010
1010100011011110010100101010100100111111101110110011110111000000000010
1010110010100001110010000011001011111010101001010000000101001000000010
1011100101101110110100101000110010101001011001000001000101100000000010
1011101000010000100100110001110101101101110111101000101001010000000010
1011110110000001010001110101110000111000101001100101110011010000000010
1010011011111010110101110101110010011010011001011000011110100000000010
1011000110110110111000100010000100110101000000111101101010100000000010
1010101110000000100101101100110111101011110110101100011111001000000010
1010000110010100010100010101110001110000111000111001101011011000000010
1010001101001010000100101010110111011110001011011010001110001000000010
1011111100101100000000101100100110110010111101001101001110010000000010
1010011110100111001010001101101100101111000100101101101010011000000010
1011110010001010000000011110001111000110100111111100111100011000000010
1011001101111101001010111011101011000111011000011011001010001000000010
1011001100001101010111100101000111111001100101011100000101111000000010
1010100100000000101000100100111001011011000101010111001010001000000010
1010110110010011101010111110000010011010110110111111010010101000000010
1010000011100010001101000110101011101011111110100111011010000000000010
1011010011000010010011000111110011101101011100111001011000011000000010
1011010100101000001101011100010001111011010111110111001110111000000010
1010010000110011010011101001001011110001000101000100110100011000000010
1010101011000111011010011100100110101010101000000010111110011000000010
1011000001011100110001101111010011011111111001101101111000110000000010
1011011101001010011011011101010010101101100010101011111111010000000010
1011010101111000010110100100011110011101110011100101111110011000000010
1010010101010101001110010101001110101011100110110000010010011000000010
1010000011001010010011010101000010101100111001010010000101101000000010
1011100011000111100000010000011110000111110001111011100001011000000010
1010001001011100010101001000000100111101001110110101011111110000000010
1011010010001100110110010010010011111100110110011010101100011000000010
1010000110001011000011110101101010100011000101000010100101101000000010
1010010111011111000010111100001000000110001000100000000001101000000010
1010010011011000111001011010001101011101111010100000000010011000000010
1011011110001111011111110110010111111101100011101010100000111000000010
1011100011000110100010101001101011111110100001001010111011101000000010
1010110111011000110010011000100010010000011001000001010110010000000010
1010110010001000011011001110000001111101001110110100001001001000000010
1011100011000001001100001011100010010011001101011001101100111000000010
1011011001110010010010000011111110010000110000011001001110011000000010
1011010100010111110110000111010111001011010001001100110100011000000010
1011110011111100000001010111001101100111010111111110101001011000000010
1010111001010011010011110011010000011110110011110110100100011000000010
1011010101000011110000001001000110000110101100100111111010010000000010
1011011100101100110010000001011011011101001101011010110001111000000010
1010111110110010010011000011111001001011000101100001101011110000000010
1011010110000101010111111010011100000001101001010110001101001000000010
1011100110100010100001011101001110100111010100000000110001111000000010
1011000000111110100000100011011100100011000101001111110111111000000010
1010001111100100101000010011010000100100001110100101101001100000000010
1010100000111100001001011111101000010010111101111110011010011000000010
1011011011111111000001011000101101001011100111011101100011101000000010
1010000000110101110110010001011111100111001001101011100110100000000010
1011101000110100011000000001001101100011010010001000000011110000000010
1010100101100001001001110100010111101001111111000100010000001000000010
1011000101101100011011111010110000010001111111101111100011100000000010
1011001000010001010010100011110100110101111000001010111010100000000010
1011111111000010000011100100000101011111000001110011011001110000000010
1010110000111001010111100100110010011011000100101000100100111000000010
1011111100010100111101110111110111000000011100101101000111110000000010
1010011000000111110001100100000111001110100001110010011010101000000010
1011110100011101101010110101001001011101111111110001011111100000000010
1010111000101100101010011011001010101111010110011010111011011000000010
1011100110100000110010111111110100100010000001010110111100011000000010
1010101110000001010010001101110101001011010100101101010001110000000010
1010000101000111110111111111010111110111000011110111001011100000000010
1010110010001100111011111000000110110011111111101101101110101000000010
1010011011101111000111110111001010001010011111000111001011110000000010
1010101111111011111000101101011001111011011100100001011001111000000010
1010011000010000001110100101010110010010110111101100011010100000000010
1010111010110001110000011000010011101111110110110110001110111000000010
1011101101101100110111001011100101000110100011101010111011011000000010
1010110101010101100000101001101101010101111010011010110101101000000010
1010110100110001100111100101011001010010010001011101011111010000000010
1010000111110110110100010000010001100110000100101111011000111000000010
1010000100001111011000000100011001111000110011100111100011110000000010
1010101101000001101100001000001001111001110111110111011111111000000010
1011110010010001101111100000000011010110000000000010101011110000000010
1010101000111110100101010111010100001111001100011100101001111000000010
1010000011010111101011001110000111000111101010001011111100000000000010
1010010100100100101100100101101000010010100010110000111010110000000010
1010011000000100000010001100100011001100111000110000111111011000000010
1011100111100110110000011010101101110101101100111111110111111000000010
1011111101000111100011101001001011111110010001010101111110001000000010
1011010100100110100100101110101110000000011011000101000001111000000010
1010000000100101011011100111011011100000001111011111100010110000000010
1011111010100011101100000011000100111000010010001010111111001000000010
1010111111001000100101001010001011101000111011010101111111101000000010
1011101101101111101101011111110000110111100010111011111110001000000010
1010000111000100111011110010010011100110111110001000101010100000000010
1010101010000010101001101110000111000011000110010101111011101000000010
1010001100011001000100001100011001100000110001101011111101011000000010
1011111100100101011100000101001010111111000101111100011000110000000010
1011101011100111111010100110010001100000011001101010001101101000000010
1011111110001101110101111111111011111011000111000001000100000000000010
1011011100000100011001001000100011001001001100000001010101011000000010
1011111010001001011000011100110110001010010111010101110111111000000010
1010000001001111011001100111101000110001001010001000111001001000000010
1011001110001111000001001100000011111111011111100110001101000000000010
1010010011000100110001010010001111010101011110110110110001100000000010
1011110010001001100100111001111000100110111010101101101010101000000010
1010100100111111000001110001100010011000001010011110111111100000000010
1011001000011111100000001110100100101100110011111111101100101000000010
1010010011001100010001000011110100000011000010001101111000111000000010
1011110000001011101010110100010110010000100111110001001011111000000010
1010011100000101000101010001101111011111101101111111000110001000000010
1010101010001010000100101000000000100100110101111110010111000000000010
1010000011000101101100110010101000011010100000111001010010111000000010
1011000010001111001010100001011010001001001010001101010011001000000010
1010010110001101110101000100000001001001100011111110111111110000000010
1011001101010010110100101111001001011011011110010011111011100000000010
1011111010111101000100111001000110110100101000110101011010001000000010
1010011111001110100110111111111010001101011001011011111000100000000010
1010101101010011001110001000000011111000101110100111011011110000000010
1010110110011100001110011110111001011010000011000100100001000000000010
1010110011110000110010111100010011100010111010010001101101000000000010
1011001111111011110100010000010001111111111000101100010010110000000010
1010101000001000101111111010001000100001101110001001001001110000000010
1010110110101000100101010110101000011011110011000011111000110000000010
1010011100111000100001101100110011100010110111011100000100011000000010
1011101110000100011101101001011111101010100001101100011011010000000010
1011011001001011101100111100100001011010001011110011011100110000000010
1011010111001101001100101000111101111011111010100101000111011000000010
1010011010000111010011110000100101010010011011110011110101011000000010
1010010100110100100111010100000111011010110000111110111101110000000010
1011001101011101001011100100000000010011100111001101011001111000000010
1011101101011001111001101111110100111011001111010001001100111000000010
1011101010101001001011000001100111100110001000101000011001011000000010
1010010110110000000100010111010000010111111001111110100001001000000010
1011001110111001100100101101000011100011001011001110101101110000000010
1011101111000001101100001001010001001111001001101011011000100000000010
1010111100111111000000011111000001101000100011001111111100000000000010
1010010010100000100011100110000001101110011110111000000000101000000010
1010100110001000001000101101100010111110000110001010011011000000000010
1011111110000000010001001001100000101101110110111110101111011000000010
1010111000010001010010010101111011100011100101100000001000100000000010
1010101000010100100011101000001011111110001111001010111000011000000010
1010101101110000011101010100100100111001101011010111011101010000000010
1010110000011110010010110101000110100000110111011011110011101000000010
1011000100111000010110010010100010110001001101011101101100100000000010
1010101011011000001010010101100011111111011100100111011101111000000010
1010111111010100000010001110101111110101111011101000110001011000000010
1010011110000000101100010010011111011100010110100011001001011000000010
1010010001000101011011000100110010111111010011101000100010110000000010
1010000011111011100110001010011000100011010100001010000000010000000010
1011000110010000100110000100011001101111011110101111110100000000000010
1010101001011000101000010000000110101001001010101010100100111000000010
1011001110000110011111011111001000000011110100110011011100111000000010
1011000100000001001110100100011100110101010111111000110100110000000010
1011000100001111010010010100111110101010100111101110110101011000000010
1010011001110101101001101100100111110001000010101010000010100000000010
1011010100101110011000010101000001010010100011010010001111000000000010
1010110101100101110010010000010010101110111010011010011101110000000010
1011100111110101110100010100101101010111101001101101000100001000000010
1010110001100100010101111001110110110001010011011011000000101000000010
1010011000000000011010111111001010100110011110010100011111101000000010
1011111000100101100100100100000101000011110000001110111000110000000010
1010110001011001001000111100011110111100000111001110111001010000000010
1011000011101000101011110001010010011111100000100110001110101000000010
1010010001001010110110101001100110100001101001011111110110011000000010
1010110100100000001101001011101001101011100101010011011111111000000010
1011111010011000010110000111011100110010110010111110110111011000000010
1010001111100101110001101101011000101010111010000101110001101000000010
1011010100010111111110101011100110011110100110011011100100100000000010
1010110100010110001011011001001111000001110011100110011101111000000010
1011010010101000010011001110011000110001000111111011001100110000000010
1010100101101001000110110011110111001100100000111100010001010000000010
1011101111110101100000101001101000011011001010001000100011001000000010
1010110101101100011111000000010010010001010111000111110100100000000010
1011001010101010101000111101010101011111011010111000010010111000000010
1011010100000110000101011001110111110011101111001000010100000000000010
1010110000101010111011011001001011011110000001111010001111011000000010
1010101100111110011111011110101001000101001111110011100000100000000010
1010010110000100110000111101000101100001100001111010010011111000000010
1011100111001010110111110001100010000001010011000011011110110000000010
1010101010010111100100010000010110110010010111100101101010111000000010
1010000011001100111010100101001100001001101111111101000101011000000010
1010110110000100101001011111010001110110110111011011011101111000000010
1010100001111010110110000101001110001100100101010100110100001000000010
1010010100010110110101001000010001100100110111010011111110001000000010
1010001110010011111000010111010101101111001001101100000100101000000010
1010001000101101100011001100110011100010010101110001001100101000000010
1011100101011010011100001010011110010110111101100100000001010000000010
1010000000000110000101101000000001100001010010110001001010001000000010
1010100000010110010000000101001101111001111111110000001111111000000010
1011111111010100100010000010100110100010101001111000010111101000000010
1011100001110000110001101101011100100110001111110010010000001000000010
1011000011010011110101100010001011101111100010001100100110101000000010
1011010000111000000010001100011101111010011110111101000001101000000010
1011001011101110100100010011101010100101010011011010100000000000000010
1011010111111101001100100101111101100111110100101100010000101000000010
1010010011111100100011110100010001100110001001001101010111001000000010
1010001100000001111010010000001101101001011100010101000000110000000010
1011100011100111101100001110110101111111001110111110011011100000000010
1010001000001000010011011100000111001101011110010101011101101000000010
1010000010101110000110110110110001001010000010111110001111000000000010
1010011100111101111101011010101100000111100110011110001111010000000010
1011101100011110111100001001001000000011100011100100111010011000000010
1010101001011001001111000001011111101100110111011100111101101000000010
1011010111011100001111001100000000111100110010101010100101000000000010
1011110110000001111110010101010110111011011011101101010111110000000010
1011101000000111111110000111010110010001011101111010110101111000000010
1011110010010001100101010101001001001001110110100011101100111000000010
1010010001110100011010000101000110111011110111001100110001001000000010
1010010001010011100101100000000010000001111000000111100100101000000010
1010000000001001111000110100000111011001010011010010110111111000000010
1010001111000001001100011001010001111110110111100001101101001000000010
1010001000100110101101010010110101111001011110101001011100111000000010
1011010000101000010100001001000101101111001010011110100011001000000010
1010000100000100110110011111101011110100100111011111100001110000000010
1011001000011000111100111000000000100100110110010001011011111000000010
1010110011011110100000000111011001010101001101001000101011010000000010
1011000100011100110000110011011100111111011101111110100011011000000010
1010000110000011001110111100111111101100001110011011110001000000000010
1010111110000110110001001111100000101111111100100011011010100000000010
1011001100110101111010101010100011010011000010011101100010101000000010
1011010110000010010011011000010011000010101001011111111001011000000010
1011001100010100000100011110101011111101101001101101011001101000000010
1011000011100100010011001011110110000011110111110000100100010000000010
1010010101010001111100100101110010010111000100100101100101111000000010
1010000010110101010110011100010001111110111101011010101111001000000010
1011101001000110101011000000110111100001000010101110111100011000000010
1010101111010010111011101100100110110110111011011110110111100000000010
1011110111000010101111011000100100111101001101101100111100000000000010
1011100111110010110001111001011101010110101000101011110111101000000010
1010111001100011100001101101110111100011001111111010101000100000000010
1010010111110001111010100000010000010100000000010101100110001000000010
1010110110001000000100100000011011010111011111011111111011110000000010
1010010011010100101101010110010000110110001011111101011110001000000010
1010010101010111110101000001110100001111000001010011010010000000000010
1011010110001111010000001100011100011100111011000110010001110000000010
1010100000111110111000110011101110010010110111100101110001001000000010
1011010111011110100111110011011001011001111100011111110100100000000010
1011001011001101110110111010010000001101011010001010110110001000000010
1011000110010110001001010100000111110110111111001111011000001000000010
1011111100110111001001100100000000110111111110111011110001110000000010
1011100000100010100000100110011000000101001011011110100010101000000010
1010001111001100010011001010001001111011110100011001100100010000000010
1011010100000100111010000011000011100000000111101011100110111000000010
1010111001100110001010000100100001010010110101110110111000011000000010
1010111001110011100001100100101111000100110111110011101100100000000010
1010011101111101000110000010111001100001101101111011111011000000000010
1011000111000011010101010001000110101011010011101100101110100000000010
1011000011100010011010000110010110001010111010001101111010011000000010
1011101011001001001010000100001010100010111101110101110000010000000010
1011110101010010000111110001101111110111011100100011000100110000000010
1011010111001101110010110111111100110110000011100111101111101000000010
1011001101100000100110010001000000000011110001100010110011000000000010
1011001010111110011100000011000110100100011001100011011101110000000010
1011010001000011011000011001110011001001110001110011111100011000000010
1011011100011010001001111010111000001000001100000110111000101000000010
1011000011000111101101110001000110000110101000101010001011001000000010
1010001010110000001011010001010001000011110100101111110100111000000010
1010100001010011111101011101011001101010101100001100011011010000000010
1011000011101000001011111110100101111110100011011101110001010000000010
1011100110100110000000111001011100100010011101100100101001001000000010
1011011001110110100110010111100110001010000000110100011010101000000010
1010000001000011111111110110111111101100111111000100000101011000000010
1010010000000011001010000000010100001111110011101100110000000000000010
1011101010001000111011111000011100010100101101001111101011010000000010
1011001001000000000110000001111000011001011001110001101110101000000010
1010010101101101100101010011011001000101101101000001111001001000000010
1010011110000011001100010001011100011110111111101001111100111000000010
1010010011011011111101011000100100000111110110101001001110011000000010
1010011100011011000101011010111001111010111000001110100101111000000010
1011010011011010000110001101101001010101100101010100111101010000000010
1010001000100010001001010001000100111110110100000110100101111000000010
1010110110101010000011111000100011001001101111010100110000001000000010
1010100000000111000100000101010000111111110001000000001011010000000010
1011010010101101010011101101001001100001000011100000100110011000000010
1010101110101001111011011100101000010111000010000101110101000000000010
1011010110010100110101101001011011000110000011000011101001010000000010
1010010000101011101011111001000010111111000001110101000101000000000010
1010101000111000111000100101011111001100111100100111010001111000000010
1010110111110101001111001010101010010011010111001100111001001000000010
1011110110000101110000001000001001000110111010000110111011001000000010
1010110000011000001110100111000110101111101000010001001111011000000010
1010101010100010111010100100100111111011100010110011010010111000000010
1011000001010010111001010010011111011010010000010100010111111000000010
1010101100001000100010001100010111100111010011100111101110101000000010
1010000010000001011111010000111001001111011110111010101011001000000010
1010011011101000110010011000010011101011100111000111111011011000000010
1011100000001100010001000111011011010100010011000001110101110000000010
1011101101100010011110101100101010101111010010111000010101111000000010
1011001010101110100001001001101001111011111100110111101000011000000010
