1111011000010100101101000011111010100000000000000000000000000000000010
1110001001011010100000110000111000000000000000000000000000000000000010
1110111001001111000010010000111010100000000000000000000000000000000010
1111001100101001000101100111011000100000000000000000000000000000000010
1110010111111000111101111100110111000000000000000000000000000000000010
1111111101001001000011101001111010000000000000000000000000000000000010
1111000011010010001111010011111001100000000000000000000000000000000010
1110100100010001001100100001010100100000000000000000000000000000000010
1111011010111100001100000100000010000000000000000000000000000000000010
1111001110000110111001010110011011000000000000000000000000000000000010
1111101011010111100110011111110101100000000000000000000000000000000010
1110101111001010011000000011010110100000000000000000000000000000000010
1110001110001110000100000010010001000000000000000000000000000000000010
1110010011110001111011100010110001100000000000000000000000000000000010
1111111001010000111010001111011001000000000000000000000000000000000010
1110000011001011100000111011110100100000000000000000000000000000000010
1111110100111011001001101001010010000000000000000000000000000000000010
1111100111100001011011101010010111100000000000000000000000000000000010
1111000010111010000100111111111000100000000000000000000000000000000010
1110101100001001111111110000011101000000000000000000000000000000000010
1111001111001111110101111101100011000000000000000000000000000000000010
1110110001110010101111111101001110000000000000000000000000000000000010
1111101111010101011010110001010001000000000000000000000000000000000010
1110000110001010011111100101010001100000000000000000000000000000000010
1110011100000001111011110100100010100000000000000000000000000000000010
1111111011111010011100111010011111000000000000000000000000000000000010
1111111000011100010011110110010010000000000000000000000000000000000010
1110110010001110110100010100011101100000000000000000000000000000000010
1110001100001111000110111111010010100000000000000000000000000000000010
1111111110011111101111101100000110000000000000000000000000000000000010
1110010001111100111010000111101111100000000000000000000000000000000010
1110000001000000010110000011111100000000000000000000000000000000000010
1110011001001110101011100111100110100000000000000000000000000000000010
1111111110101101100110010110011101000000000000000000000000000000000010
1110011100110100001010111111011100100000000000000000000000000000000010
1111001000000111000011001101011000100000000000000000000000000000000010
1110100011001100111101011001000111100000000000000000000000000000000010
1111110101011110111000000110110000000000000000000000000000000000000010
1110010100110101001110010010110001000000000000000000000000000000000010
1111011110010101110010110101110010100000000000000000000000000000000010
1111100111110101111000101110100001100000000000000000000000000000000010
1111010111011110011101000110110110000000000000000000000000000000000010
1111110100110110001010001011100100000000000000000000000000000000000010
1110101110101111011101110101101000100000000000000000000000000000000010
1110110101110111101000000101011110100000000000000000000000000000000010
1110001100011010110001101001000000000000000000000000000000000000000010
1111010010100110111001000111110010000000000000000000000000000000000010
1110101010011100011000001001011010100000000000000000000000000000000010
1111110001000010001010110000101010000000000000000000000000000000000010
1110111001011110001110000100011101100000000000000000000000000000000010
1110100100110101010010100010100101100000000000000000000000000000000010
1111011100101111010010001001001000000000000000000000000000000000000010
1110001100000010000011100101111001000000000000000000000000000000000010
1111111110010101010101000001111001100000000000000000000000000000000010
1111010101110001000110000111100000100000000000000000000000000000000010
1111001011110111101100000010001001000000000000000000000000000000000010
1111101011011011001000010010000101100000000000000000000000000000000010
1110010100001000111111100000101011000000000000000000000000000000000010
1111111111001100011101011100000111000000000000000000000000000000000010
1111100000100011010001010001001101100000000000000000000000000000000010
1111111011100111011010111001001010000000000000000000000000000000000010
1111111100110010010011000110010000100000000000000000000000000000000010
1111110111110101011101111100100110000000000000000000000000000000000010
1110010000011000110011011001010001000000000000000000000000000000000010
1110000011110011001110101010001010100000000000000000000000000000000010
1111101110110100000011000110101010100000000000000000000000000000000010
1110101101010110111000110100100100100000000000000000000000000000000010
1110100111000001111010110110100011100000000000000000000000000000000010
1110111101100000010000101010100001100000000000000000000000000000000010
1110101111011111000001010010000100100000000000000000000000000000000010
1111001011010100111110101010100110000000000000000000000000000000000010
1111000111011111100111100011111110000000000000000000000000000000000010
1110010100100101010100011010110100000000000000000000000000000000000010
1111110111100001110000010000010101100000000000000000000000000000000010
1111100010100111010000111110100001000000000000000000000000000000000010
1111111001000111110101011000000010000000000000000000000000000000000010
1110001010001111111000101111101111100000000000000000000000000000000010
1111111101000011111100000011010101100000000000000000000000000000000010
1111010000100101110000111010011000000000000000000000000000000000000010
1110110010111000011000110100001001000000000000000000000000000000000010
1110011001100010011010101111010100100000000000000000000000000000000010
1111111101011110011111110011111000100000000000000000000000000000000010
1110111011010101100000110001111110100000000000000000000000000000000010
1111110011010110010000011110001111100000000000000000000000000000000010
1111011111100010000010100111111111100000000000000000000000000000000010
1110011111101001101100001011000010000000000000000000000000000000000010
1111001100001011111001001000101000100000000000000000000000000000000010
1110100000000111001001011100011000000000000000000000000000000000000010
1111010111111001110100001001111100000000000000000000000000000000000010
1110010001000110101100000111100011100000000000000000000000000000000010
1111011010000101001101001011101100100000000000000000000000000000000010
1111100011010111100110101001010101000000000000000000000000000000000010
1111011001111101001101011000010001100000000000000000000000000000000010
1110100010000110100101011100110001100000000000000000000000000000000010
1111100001100001110100010100100100100000000000000000000000000000000010
1111011110100011101010100011011011000000000000000000000000000000000010
1110110110010001000100010100010110000000000000000000000000000000000010
1110101111110011010110010011110000000000000000000000000000000000000010
1111010010111111000010111010111111000000000000000000000000000000000010
1110000110001111111000001111010010100000000000000000000000000000000010
1111001110101100001101111101001001000000000000000000000000000000000010
1111011000110111110001100010110000100000000000000000000000000000000010
1110011100001101110100000110100100000000000000000000000000000000000010
1111000111111111101101111010111111000000000000000000000000000000000010
1110101110111111011101111101011000000000000000000000000000000000000010
1111011000110011011010100110000011100000000000000000000000000000000010
1110011010000011110000110000000000100000000000000000000000000000000010
1111101111100101101011001100000110000000000000000000000000000000000010
1111010010001101010011010000001100000000000000000000000000000000000010
1110111101011011111000011111001110000000000000000000000000000000000010
1110110101110101010000100000100111000000000000000000000000000000000010
1111010011111111110011100100000010000000000000000000000000000000000010
1110100110000010101101001000000001000000000000000000000000000000000010
1111000100011001001110011001000101000000000000000000000000000000000010
1110110010110111001000001010110010000000000000000000000000000000000010
1110001110000000101111001110111110000000000000000000000000000000000010
1111101001010111111011011000000010000000000000000000000000000000000010
1110001000100101111111011001100100100000000000000000000000000000000010
1111110110111101011111011010100010000000000000000000000000000000000010
1111110100011100101001010000101001000000000000000000000000000000000010
1110000010010001011010100001110001000000000000000000000000000000000010
1110010001100100000011001101111011100000000000000000000000000000000010
1110000001001001010011110011001011100000000000000000000000000000000010
1111100100100000100111111100001100000000000000000000000000000000000010
1110111101010101101101000110101100100000000000000000000000000000000010
1111010111010010000001101101011000100000000000000000000000000000000010
1110110011011001110010010101001001100000000000000000000000000000000010
1110011110010111011011010101000100000000000000000000000000000000000010
1110101101100100100110101110100110000000000000000000000000000000000010
1110110010010001011100000110000010000000000000000000000000000000000010
1110110110110010100010001001110001100000000000000000000000000000000010
1111110001100110010110111010010000100000000000000000000000000000000010
1110101111011101100110100011000010000000000000000000000000000000000010
1111101100010011001011101100010010100000000000000000000000000000000010
1111100010010100001000111000011001000000000000000000000000000000000010
1111011000011100010010100000101101100000000000000000000000000000000010
1111101001000101011001101000010010000000000000000000000000000000000010
1110100110000111111001100000000000100000000000000000000000000000000010
1111101111001111000010011110010110100000000000000000000000000000000010
1111010111101000011111010010001000100000000000000000000000000000000010
1110001010011110010011110110001011000000000000000000000000000000000010
1111010001110111010110011000100011100000000000000000000000000000000010
1110111110011011001100110111010100000000000000000000000000000000000010
1111110011111000000101001111000001100000000000000000000000000000000010
1111101111001110001100101000111101000000000000000000000000000000000010
1110000100111111111110011111000101000000000000000000000000000000000010
1111110101011010101001100101000100000000000000000000000000000000000010
1111111010101001111000011111000000000000000000000000000000000000000010
1110110010111011111100011100110000000000000000000000000000000000000010
1110010010111110001111111110010101000000000000000000000000000000000010
1111101100000111100100100110110000000000000000000000000000000000000010
1111101011110100110111001101000001100000000000000000000000000000000010
1110100010111111010001000111110000000000000000000000000000000000000010
1111101110011110010011110110001010000000000000000000000000000000000010
1110101010000111110100101100110001000000000000000000000000000000000010
1110001111111110111001111100100001100000000000000000000000000000000010
1111010100001011101001101110100001100000000000000000000000000000000010
1111001000010100010011000001100100000000000000000000000000000000000010
1111100101110110010110001011011001000000000000000000000000000000000010
1111011011001001111000011111011110000000000000000000000000000000000010
1111000011011100010101111010100110000000000000000000000000000000000010
1110100110110001001000010011110100100000000000000000000000000000000010
1110100010001100000010001001000011000000000000000000000000000000000010
1110010010111100000000011000010011100000000000000000000000000000000010
1110111000001111110101001001001011000000000000000000000000000000000010
1111101001010001001000001100001001100000000000000000000000000000000010
1111100010100010000011101101001111000000000000000000000000000000000010
1110001111101110111111000110111110100000000000000000000000000000000010
1110010011100110111011011010110110100000000000000000000000000000000010
1110110100100000100001001000001111000000000000000000000000000000000010
1111110000100011111011011100001011100000000000000000000000000000000010
1111011101111100001111110100110111100000000000000000000000000000000010
1111101111111111101010111010011000000000000000000000000000000000000010
1110000101110101110001000110001001100000000000000000000000000000000010
1111100011101010110011101101010011000000000000000000000000000000000010
1110100010111100110011011000010111000000000000000000000000000000000010
1111101100001000100001011111111011100000000000000000000000000000000010
1110110010000000110101010101011011100000000000000000000000000000000010
1110001111101110011100001010100000100000000000000000000000000000000010
1111000111001100110110101100001101100000000000000000000000000000000010
1111100100101001011011011010100011100000000000000000000000000000000010
1111101111000011101010110100111100000000000000000000000000000000000010
1110001011001101010111100001001110000000000000000000000000000000000010
1110101111001101000010000001111110100000000000000000000000000000000010
1110000110110011011010010010001111000000000000000000000000000000000010
1111111000110011101000011110100011100000000000000000000000000000000010
1111111111000000111010001011111101100000000000000000000000000000000010
1110111101000110001011111001110000000000000000000000000000000000000010
1110100101100110011011100100000101000000000000000000000000000000000010
1111011110011111011111100101100111100000000000000000000000000000000010
1111010111011001110001001110000101000000000000000000000000000000000010
1110110110011100011011100000110001100000000000000000000000000000000010
1111001101100010110010111010010110100000000000000000000000000000000010
1111010100000110100111110100101111000000000000000000000000000000000010
1110111110000000100001100011101011100000000000000000000000000000000010
1111101001000101101110101000101111000000000000000000000000000000000010
1111000111100101011110101101010110100000000000000000000000000000000010
1110001010101000101001010101001000100000000000000000000000000000000010
1111001100011111110101111001000111000000000000000000000000000000000010
1110011100110101101000001110110111100000000000000000000000000000000010
1111001110101101001000100100001010100000000000000000000000000000000010
1111001001111001001110111001011100100000000000000000000000000000000010
1110000001111100010111101011110101000000000000000000000000000000000010
1110111000010101011101011100100010100000000000000000000000000000000010
1110000100111100110000101100010010000000000000000000000000000000000010
1111101001000111001010000111100011100000000000000000000000000000000010
1110100110110100010001111010111110000000000000000000000000000000000010
1111110101011101110001010110111000100000000000000000000000000000000010
1110110101000100111011110101111011000000000000000000000000000000000010
1111000100010010100111001000010100100000000000000000000000000000000010
1110110000111100111100010000110110100000000000000000000000000000000010
1111001111000001110101010011001100100000000000000000000000000000000010
1111001010010101001111100110000011000000000000000000000000000000000010
1111010010101100111101111010100000000000000000000000000000000000000010
1110011111111101101101000001010110000000000000000000000000000000000010
1110001000011111101110000100101100000000000000000000000000000000000010
1111111010001100111011101000001001000000000000000000000000000000000010
1110010111110110010100111010101100100000000000000000000000000000000010
1111001110000010111001111001010000100000000000000000000000000000000010
1111100110110101000001011110100000000000000000000000000000000000000010
1111011000101110000001010110001100100000000000000000000000000000000010
1111100111010000010000011010000000100000000000000000000000000000000010
1111101011101011000011000001010110100000000000000000000000000000000010
1110111010001001100000011101000111000000000000000000000000000000000010
1111101100010110100001110101000011100000000000000000000000000000000010
1110001100110010110010011101011111000000000000000000000000000000000010
1111010111011101111111101010010111000000000000000000000000000000000010
1110111111011110001100010111101110100000000000000000000000000000000010
1111111010100011100110101111001101100000000000000000000000000000000010
1110111101110100111000110000101000000000000000000000000000000000000010
1111110011110010100101010110010010100000000000000000000000000000000010
1110101011011100100110001111100001100000000000000000000000000000000010
1111110110010101100010000111000000100000000000000000000000000000000010
1111101000111100100000111110101010000000000000000000000000000000000010
1111110110101000111100111010101100100000000000000000000000000000000010
1111000011010010010001001110101010100000000000000000000000000000000010
1110011110011001101110011011101101100000000000000000000000000000000010
1111110110111010110010000110011110100000000000000000000000000000000010
1110111000011110100000001011110111100000000000000000000000000000000010
1111000011111011101001111011101011100000000000000000000000000000000010
1111110011100101101010101011111111100000000000000000000000000000000010
1110001010001110000111101010101000000000000000000000000000000000000010
1111111011111010010011001111111000000000000000000000000000000000000010
1110001110110000100000000111000110000000000000000000000000000000000010
1110011101000100110111110111101000100000000000000000000000000000000010
1111000110111111100010111000110010000000000000000000000000000000000010
1110100101000010110100101101111101000000000000000000000000000000000010
1111001010010101000000100110011001100000000000000000000000000000000010
1110011000001110100111001011100100100000000000000000000000000000000010
1110010000110000000111100101110111100000000000000000000000000000000010
1110100101001010001100001010000101000000000000000000000000000000000010
1111000010011100001110010111010010100000000000000000000000000000000010
1111111111111110111101001011010111100000000000000000000000000000000010
1111110010101100100100000100000111100000000000000000000000000000000010
1111101001001011001111100001010000000000000000000000000000000000000010
1110000001001101101110110000011011000000000000000000000000000000000010
1111101011001011110110000100111000000000000000000000000000000000000010
1110011011101111110010100001010101000000000000000000000000000000000010
1110010100111101001010000001000001000000000000000000000000000000000010
1110000111100011110001110101000010100000000000000000000000000000000010
1111111011011010110101100100101010100000000000000000000000000000000010
1111000110101110110010111000110000000000000000000000000000000000000010
1110000110101111011110010111010000100000000000000000000000000000000010
1110001100110100110100001101001010000000000000000000000000000000000010
1110111010001100100111100001101001000000000000000000000000000000000010
1111000100011111111000001100011010000000000000000000000000000000000010
1111011101010100101110010101101001000000000000000000000000000000000010
1111110110101000010010010100000000000000000000000000000000000000000010
1111111001010111011000010010000000100000000000000000000000000000000010
1111101111000101101110000001110010000000000000000000000000000000000010
1110001010100000110011010101100001100000000000000000000000000000000010
1111000001101100010110001011001101000000000000000000000000000000000010
1111110000001011000100101100001100100000000000000000000000000000000010
1111000111100011111011011000101010100000000000000000000000000000000010
1111101001110010000000001010011001100000000000000000000000000000000010
1111000011101101001100001011001101100000000000000000000000000000000010
1110101100000110000010110100001100100000000000000000000000000000000010
1111100101110101011110011111000110100000000000000000000000000000000010
1110111011010100001101000000111111000000000000000000000000000000000010
1110001001011011100010010101101000100000000000000000000000000000000010
1110010011001011001100101000101100100000000000000000000000000000000010
1110010101111101011010001110000110100000000000000000000000000000000010
1111101101110010011110111011100001000000000000000000000000000000000010
1111100101000011001100000110011011000000000000000000000000000000000010
1110010101000110100010110110011101100000000000000000000000000000000010
1111111100010000000011001011100000000000000000000000000000000000000010
1110011001100000010100001111100001000000000000000000000000000000000010
1111100111000011100100000111010010000000000000000000000000000000000010
1110110111110101110001111101011111100000000000000000000000000000000010
1111110010101101100000101111010010000000000000000000000000000000000010
1110110111011000101010011001001101100000000000000000000000000000000010
1110100011111001000110010111010100000000000000000000000000000000000010
1111011010111000011101110100100010100000000000000000000000000000000010
1110111010000110101010010000100001000000000000000000000000000000000010
1110111010001010011010100100011001000000000000000000000000000000000010
1110101110111000110110100001111000000000000000000000000000000000000010
1111100001100100001001011001110010000000000000000000000000000000000010
1110111110101010101001010000100010000000000000000000000000000000000010
1110101001011110111001011001110011000000000000000000000000000000000010
1110101101100001110101011010100100000000000000000000000000000000000010
1111100001111100010001001110101100100000000000000000000000000000000010
1110111111111110100010110001000010000000000000000000000000000000000010
1110001111011011001010001010100110000000000000000000000000000000000010
1110111000110000001100011110001000000000000000000000000000000000000010
1110001001001010011101100100001010000000000000000000000000000000000010
1110101100011011101100011001010110000000000000000000000000000000000010
1111011011100011001010000111010011000000000000000000000000000000000010
1110111010110001101000100001100101000000000000000000000000000000000010
1110100011000101001011111110001000000000000000000000000000000000000010
1111101010100001010110110010000000100000000000000000000000000000000010
1111011110000011111010010001010000000000000000000000000000000000000010
1111011011011000110010111110101010000000000000000000000000000000000010
1111100010111001000000110111010000100000000000000000000000000000000010
1111110101100001111000110010010001000000000000000000000000000000000010
1110000001010111000011001011010100000000000000000000000000000000000010
1111000011010011100010100111010000000000000000000000000000000000000010
1110100010100010000111001110100110000000000000000000000000000000000010
1111101100011010100101011100011110000000000000000000000000000000000010
1111111011101101100010011011001001100000000000000000000000000000000010
1110111011000111011001001110110000100000000000000000000000000000000010
1111100010100110001100000101111111100000000000000000000000000000000010
1111101100111110110100110100001001100000000000000000000000000000000010
1111101001010001111111001011000010000000000000000000000000000000000010
1110101001010011100000011100000011100000000000000000000000000000000010
1111101111111111000001000101010010100000000000000000000000000000000010
1110111111111101100111100100101110000000000000000000000000000000000010
1110000111010011101010001010110100100000000000000000000000000000000010
1110000100111001110011001101010101000000000000000000000000000000000010
1111000011101011100111110110010011000000000000000000000000000000000010
1110001100100100110011100100101110100000000000000000000000000000000010
1110101001111110000010011011010000000000000000000000000000000000000010
1110011111000011010101100001011101000000000000000000000000000000000010
1111010001010100000001000110010010000000000000000000000000000000000010
1111101001011110100100100010111011000000000000000000000000000000000010
1111001011000110110111100011000010100000000000000000000000000000000010
1110100001111000011000100111000110000000000000000000000000000000000010
1111010101011001101011001111100100100000000000000000000000000000000010
1111010100110110010000001000011010100000000000000000000000000000000010
1111010011101101011100111111000101100000000000000000000000000000000010
1110111110111100010011010100001000000000000000000000000000000000000010
1110011101100001101001100000111110100000000000000000000000000000000010
1110001111000010001101100010000011100000000000000000000000000000000010
1111100011111111110101000010111011100000000000000000000000000000000010
1111100011100100010111010110001011100000000000000000000000000000000010
1110001100011010101000011110010010000000000000000000000000000000000010
1111001100010111101000000101100000000000000000000000000000000000000010
1111100111110010000000110001011110000000000000000000000000000000000010
1111010011100101101000111111100010000000000000000000000000000000000010
1111001010101100010010011100011101000000000000000000000000000000000010
1111001000000111010000100001101000000000000000000000000000000000000010
1111001000010010010100001000110000100000000000000000000000000000000010
1111011100000001110110110110000110000000000000000000000000000000000010
1110001111001111100111110000011011100000000000000000000000000000000010
1110001001000111001111001100110010100000000000000000000000000000000010
1111111001011001000000001111111010100000000000000000000000000000000010
1110011111111111110110101101110101100000000000000000000000000000000010
1110111011010101110110010011111011100000000000000000000000000000000010
1110111011100100100010110111100001100000000000000000000000000000000010
1110011110010000111011000001101000000000000000000000000000000000000010
1111111100001011110101010010001111000000000000000000000000000000000010
1110101101011010010111101110011100100000000000000000000000000000000010
1110110000100010110000001101111101000000000000000000000000000000000010
1111000101110110110010100010100000000000000000000000000000000000000010
1110101100010110000110010001110110100000000000000000000000000000000010
1111101110001110111011101110101110100000000000000000000000000000000010
1111101101101010010100010110101101000000000000000000000000000000000010
1110010100001111110011111100001100000000000000000000000000000000000010
1110001010100001110101000011111011100000000000000000000000000000000010
1110000101000000011100101100100010000000000000000000000000000000000010
1111110101011100110100001000110110100000000000000000000000000000000010
1110011111111001110110100000011000100000000000000000000000000000000010
1110011101000110000000101010110011100000000000000000000000000000000010
1110001000001011011001110111010010000000000000000000000000000000000010
1110110111010011100101001001011110100000000000000000000000000000000010
1110011001011110000001100001001100100000000000000000000000000000000010
1110101110011010100010111011110001100000000000000000000000000000000010
1111101011000010001001000101011100000000000000000000000000000000000010
1111100010010001110101001111101010100000000000000000000000000000000010
1111011011111111010000000110000001000000000000000000000000000000000010
1110101111011001001000001110011011000000000000000000000000000000000010
1111011011010111110100000101001100100000000000000000000000000000000010
1111110101011011111101000101101100100000000000000000000000000000000010
1111111001100111000100011101101011000000000000000000000000000000000010
1110100011111110101010111111111001100000000000000000000000000000000010
1111110011010100000101110111001101100000000000000000000000000000000010
1110111110111010101000010101011000100000000000000000000000000000000010
1110000101010100111000110011010100000000000000000000000000000000000010
1111111000010000111110100111110110100000000000000000000000000000000010
1110001110110100110011011111010011000000000000000000000000000000000010
1111111000001011100110010111010000000000000000000000000000000000000010
1110010010100110001101111110010111000000000000000000000000000000000010
1110010110110010101011101010110010000000000000000000000000000000000010
1111011100100100000101000101000110100000000000000000000000000000000010
1111001010101011000100110111000000000000000000000000000000000000000010
1111100101000011000101011110100110100000000000000000000000000000000010
1111011100100101001111000000010011000000000000000000000000000000000010
1110111000011010101001101110011101000000000000000000000000000000000010
1110111010000010000000010001111001000000000000000000000000000000000010
1110111010101111100111110011100000100000000000000000000000000000000010
1111010100000001110111110000111110100000000000000000000000000000000010
1111011111101000100111110111101011100000000000000000000000000000000010
1111011111111100111110010011100110100000000000000000000000000000000010
1111100011111110010011010011101011100000000000000000000000000000000010
1110000100101100110111010011101010000000000000000000000000000000000010
1111111111111010110101000011011110000000000000000000000000000000000010
1110011001001111001010000010101010000000000000000000000000000000000010
1111001000110101111110001011000100100000000000000000000000000000000010
1110101101100111101100011001001110000000000000000000000000000000000010
1110010111000011100001010100000100000000000000000000000000000000000010
1111001111001111110100010000001110100000000000000000000000000000000010
1111010111100101100001000100111011000000000000000000000000000000000010
1110100100000011100110011101001110100000000000000000000000000000000010
1111000101000101000110111110101110000000000000000000000000000000000010
1110011011101100101101010010101100100000000000000000000000000000000010
1111000010100001001111111000101010100000000000000000000000000000000010
1110110111111000111110110111100101100000000000000000000000000000000010
1110011110110110010010010111010000000000000000000000000000000000000010
1110101101001110000101100110111100100000000000000000000000000000000010
1111011011000000001100100000101101000000000000000000000000000000000010
1110010001111100011001111100100001100000000000000000000000000000000010
1110000111001101011110110100001101100000000000000000000000000000000010
1110000011110010001100001110010100000000000000000000000000000000000010
1110110101100110101101100111000101000000000000000000000000000000000010
1111101010100100110100001101111010100000000000000000000000000000000010
1111001100110001000110111101011101100000000000000000000000000000000010
1110001000101001100000001010110010100000000000000000000000000000000010
1111100010101111110101110100100001000000000000000000000000000000000010
1110111000111000111110011111100011100000000000000000000000000000000010
1110111010110000100110100001010110100000000000000000000000000000000010
1110011001110101011110110101100001100000000000000000000000000000000010
1111011010111100101101011011011110100000000000000000000000000000000010
1110110001100000001110001011101010100000000000000000000000000000000010
1110001001100110000101100011001011100000000000000000000000000000000010
1110010001010011111001010101000001000000000000000000000000000000000010
1110011101001001000010000110100000100000000000000000000000000000000010
1111011011000011110000111001100010000000000000000000000000000000000010
1110001001111001011100010110011100100000000000000000000000000000000010
1111011000000010011011110100001011000000000000000000000000000000000010
1110110001001101110011000011111101100000000000000000000000000000000010
1111111011101000001100001001010111000000000000000000000000000000000010
1111000100100000001110100100101110000000000000000000000000000000000010
1111111101000110110011000010110011000000000000000000000000000000000010
1110110111011110001010010010001100100000000000000000000000000000000010
1111001111000001000011100011011101000000000000000000000000000000000010
1111101110011101100110000110101000000000000000000000000000000000000010
1111110011000000111100101110000101000000000000000000000000000000000010
1111010011110001010111110010101011000000000000000000000000000000000010
1111010110001110010110100011010101100000000000000000000000000000000010
1110000101010110110101011110010110000000000000000000000000000000000010
1111100110110111111101110110000001100000000000000000000000000000000010
1111001101101001000101010100110000100000000000000000000000000000000010
1111101000101101010010100011100001100000000000000000000000000000000010
1111111000100111110100101100001011000000000000000000000000000000000010
1111101011111110111000010010010101000000000000000000000000000000000010
1110010100001101110100101110101101000000000000000000000000000000000010
1110101100001001111101011001100011100000000000000000000000000000000010
1111110011111000100110001010100111000000000000000000000000000000000010
1111111110001110111000100000101010000000000000000000000000000000000010
1111011010011010000010001010101001100000000000000000000000000000000010
1110010110011111110001110011100001100000000000000000000000000000000010
1110101011011110111110110010001011000000000000000000000000000000000010
1111000110000100100100100111001101100000000000000000000000000000000010
1111000011101100011110000011010001100000000000000000000000000000000010
1111010110100100100000100001101001000000000000000000000000000000000010
1110011001000100010010001110111110000000000000000000000000000000000010
1110100001010011111100101101011110100000000000000000000000000000000010
1111101011001110000110100111000001100000000000000000000000000000000010
1111110110101111110100001100100101000000000000000000000000000000000010
1111010111000100001010001100000010100000000000000000000000000000000010
1110001000000111100100001111110000000000000000000000000000000000000010
1110010110110111000111000001010111100000000000000000000000000000000010
1111011111011111111110110100111101000000000000000000000000000000000010
1111011111110000011010001011100010000000000000000000000000000000000010
1110100101010000111000001010100000100000000000000000000000000000000010
1110001010010101011001100011010110100000000000000000000000000000000010
1111101010101101110011110110100000100000000000000000000000000000000010
1110101001101011111010000101110010000000000000000000000000000000000010
1111000101011001110000111011010010000000000000000000000000000000000010
1111100010000110110101101011011011000000000000000000000000000000000010
1111000111011000101011010011000111000000000000000000000000000000000010
1111001110111101110111000110011111100000000000000000000000000000000010
1110110110000000101100110011110110100000000000000000000000000000000010
1110110110010011011110000110100011000000000000000000000000000000000010
1111110101101000010111101011011010100000000000000000000000000000000010
1111100111000001010101110010010000000000000000000000000000000000000010
1111101011011101101010101011011001100000000000000000000000000000000010
1110000110011000100101000111110100000000000000000000000000000000000010
1111100000000000111111111100111000100000000000000000000000000000000010
1111001010111100000101000000111000000000000000000000000000000000000010
1111111010101000100000111001000100100000000000000000000000000000000010
1110100100101100011111010000010101100000000000000000000000000000000010
1111011001000101100111110010101100100000000000000000000000000000000010
1110101101001000101011100111000101100000000000000000000000000000000010
1110011110010010111001011101000110000000000000000000000000000000000010
1110011110100001010011100010001100000000000000000000000000000000000010
1110010111011010011110010000001101100000000000000000000000000000000010
1110010001001101101000001111001111100000000000000000000000000000000010
1110101011000011111100101100100000100000000000000000000000000000000010
1110010110101011111011001111100001100000000000000000000000000000000010
1110000100000110101111111101000111000000000000000000000000000000000010
1111011011101001000011101110100011100000000000000000000000000000000010
1111001111100111011000001000111010000000000000000000000000000000000010
1111100110101100010110110111100000100000000000000000000000000000000010
1111000011111001100101101110000101000000000000000000000000000000000010
1111101000101010011110101111110001100000000000000000000000000000000010
1111000111100000001010001100010010000000000000000000000000000000000010
1111111001100011000101011011110100100000000000000000000000000000000010
1111000100111011100111100111101010000000000000000000000000000000000010
1110110110011101000111100010011101000000000000000000000000000000000010
1110000101101001111011000010000000100000000000000000000000000000000010
1111111111110111111110111110000111100000000000000000000000000000000010
1111110010101110100111000011001110100000000000000000000000000000000010
1111010111011101001010011100010010100000000000000000000000000000000010
1110101101101100000101001111100001000000000000000000000000000000000010
1111100001011001011110111000010101100000000000000000000000000000000010
1110011111001011110011110011110100000000000000000000000000000000000010
1111110000101011101111010001011001100000000000000000000000000000000010
1111110101101111010110001011010100100000000000000000000000000000000010
1111000110011101001000010101011111100000000000000000000000000000000010
1110000001110011000010011001101101000000000000000000000000000000000010
1110110010111110010000001100101110000000000000000000000000000000000010
1110110100101011111010000111000110100000000000000000000000000000000010
1111100110111101011101101010000110100000000000000000000000000000000010
1111001001101110110001011101110101100000000000000000000000000000000010
1111111001111010110111100111100100000000000000000000000000000000000010
1110000111101001111100000011100001100000000000000000000000000000000010
1110011101111010100000101110110100100000000000000000000000000000000010
1110000100011000010101010000001101000000000000000000000000000000000010
1110001100110010100100000010001000100000000000000000000000000000000010
1111110011010110001011111111000001100000000000000000000000000000000010
1110010101010100001010100011111110100000000000000000000000000000000010
1110000001110010111111010100111010100000000000000000000000000000000010
1110110111110111010100110110001000100000000000000000000000000000000010
1110010010010111100001000011010001100000000000000000000000000000000010
1111100110011001001011011011010111100000000000000000000000000000000010
1111111101010011010010101111011010000000000000000000000000000000000010
1111111000010110010011101011100000000000000000000000000000000000000010
1111101010001011010000110111001001100000000000000000000000000000000010
1111100110110010100001010011010010100000000000000000000000000000000010
1111011000010010010101001110000111000000000000000000000000000000000010
1111111101110110111111100000101010000000000000000000000000000000000010
1111001111111111111010110111110011000000000000000000000000000000000010
1110100010010101101010001101010000100000000000000000000000000000000010
1110111101100011111101100100000110000000000000000000000000000000000010
1111010110101110011000000100101111100000000000000000000000000000000010
1110000010110110011000111110010101000000000000000000000000000000000010
1111010100000001011100011100001001100000000000000000000000000000000010
1111100101100011101100011100010010100000000000000000000000000000000010
1110111011001110011000110110100110000000000000000000000000000000000010
1111100100100010100010001001111110100000000000000000000000000000000010
1111001010010111111001010101000110000000000000000000000000000000000010
1111010111100110110010100001000011100000000000000000000000000000000010
1110000111111111101000100011010011000000000000000000000000000000000010
1110111110110010101111011001010111000000000000000000000000000000000010
1111101101110101000010100100110110100000000000000000000000000000000010
1111110101000010011011000010011010100000000000000000000000000000000010
1110100100110011011100100000110110000000000000000000000000000000000010
1110101010011110110100110010001010000000000000000000000000000000000010
1111100101011011111010111000011110000000000000000000000000000000000010
1110011010110110000010110011111001100000000000000000000000000000000010
1110000101110100001100001111100010100000000000000000000000000000000010
1111101100101110101111111001000101100000000000000000000000000000000010
1111011101010011110101001110000000000000000000000000000000000000000010
1111001100110100010010110000010000000000000000000000000000000000000010
1110011111100000010110001111101111000000000000000000000000000000000010
1110001010001010001011011101010110100000000000000000000000000000000010
1110010111010011011101100001010000100000000000000000000000000000000010
1111000110000010111000000111101110000000000000000000000000000000000010
1110110110100010100001000001101011000000000000000000000000000000000010
1110000011001111010110111011011011100000000000000000000000000000000010
1111010011101100011100110101000101100000000000000000000000000000000010
1110111001001111010100010111111100000000000000000000000000000000000010
1111110000011101011101111000011101000000000000000000000000000000000010
1111010010000100110000100110001110100000000000000000000000000000000010
1111111011111100110001111000011000100000000000000000000000000000000010
1111010011010010101001000011001010000000000000000000000000000000000010
1111100100111110011110111110110001000000000000000000000000000000000010
1110100001100110111100000010011011000000000000000000000000000000000010
1111011000101010110000111100110111000000000000000000000000000000000010
1111110001111100010011010010101010100000000000000000000000000000000010
1110001001011101101101000000110100100000000000000000000000000000000010
1111011110110100000000101110100011000000000000000000000000000000000010
1111001010111111111000110001011100000000000000000000000000000000000010
1110010111011000000100010100101101100000000000000000000000000000000010
1110001001110001000101110101011000000000000000000000000000000000000010
1111101000101101001010000010110111100000000000000000000000000000000010
1111100100011110011001100100011100000000000000000000000000000000000010
1111011000100111000010110011111100000000000000000000000000000000000010
1110000011100001011001000001100101100000000000000000000000000000000010
1111001000110010100110011011001111000000000000000000000000000000000010
1110110110001110011110011000000001000000000000000000000000000000000010
1110000110100000111001111001101001000000000000000000000000000000000010
1110100101001111111000000001000011100000000000000000000000000000000010
1110001000100101100110011001101101100000000000000000000000000000000010
1110110101110101001110010000100010000000000000000000000000000000000010
1110101110110011111010010100001001100000000000000000000000000000000010
1111101100000010011001001100010110000000000000000000000000000000000010
1110000101111110011101110011010111100000000000000000000000000000000010
1110010110010000111001110000100001100000000000000000000000000000000010
1111111100000110010001100000011011100000000000000000000000000000000010
1110111100100000010101010100111000100000000000000000000000000000000010
1111110111101101000110001110001011100000000000000000000000000000000010
1111010001000110101000100001101101100000000000000000000000000000000010
1110111011100110100001101111101010000000000000000000000000000000000010
1110111111010010100110010110111110100000000000000000000000000000000010
1111100110101000111010000000011001000000000000000000000000000000000010
1110001011101000101010000100000001000000000000000000000000000000000010
1110110111010100010010110001011010000000000000000000000000000000000010
1111011001000100100000001101101101100000000000000000000000000000000010
1111111110110010110110111001001110000000000000000000000000000000000010
1110111111011111111100101001010100100000000000000000000000000000000010
1110001001111101011111010111101010100000000000000000000000000000000010
1111010001000111100000100011111110100000000000000000000000000000000010
1111000110010100110110000001010000100000000000000000000000000000000010
1110001011011100000001100001000101100000000000000000000000000000000010
1111111000101010010000100011110011100000000000000000000000000000000010
1110000000011111000000101011111000000000000000000000000000000000000010
1110111001011110100010001010010101000000000000000000000000000000000010
1111110111000110010101101101000001000000000000000000000000000000000010
1111111100101011011111001011101100000000000000000000000000000000000010
1111101001100111111001101011011000100000000000000000000000000000000010
1110110011001001100110011101011110000000000000000000000000000000000010
1110011110011111011001000100001110100000000000000000000000000000000010
1111001100101101010000011010001001000000000000000000000000000000000010
1110000111011000001000101001010101000000000000000000000000000000000010
1111010111101000111000011100011000100000000000000000000000000000000010
1110011100011100010001001100101011100000000000000000000000000000000010
1110011111001011000110001011111100000000000000000000000000000000000010
1111001101101001111111011010001111000000000000000000000000000000000010
1111110110100001011101111101000001100000000000000000000000000000000010
1111111001110001100011111001101011100000000000000000000000000000000010
1110010100100110001010010110111111100000000000000000000000000000000010
1110100110000111101111001110000001100000000000000000000000000000000010
1110000101010101011000111100100010000000000000000000000000000000000010
1111100000101111100100001111011011100000000000000000000000000000000010
1110000000111000011101001010101100000000000000000000000000000000000010
1110000010110011101111000101000010000000000000000000000000000000000010
1110101100000111110101011010100110100000000000000000000000000000000010
1110001011011110111001101101100001100000000000000000000000000000000010
1111100101101011000111000010111110000000000000000000000000000000000010
1110011110000011001101101111001101100000000000000000000000000000000010
1111100111011011010110010001110011100000000000000000000000000000000010
1110001010101100111010000011001000100000000000000000000000000000000010
1111010111011010010100110110111100100000000000000000000000000000000010
1111000111001101011111000000100001100000000000000000000000000000000010
1110011001000111011011111100010101000000000000000000000000000000000010
1111110001111101110011100001111110100000000000000000000000000000000010
1110111101101001000010000101010000000000000000000000000000000000000010
1110111101101001010011001111010000100000000000000000000000000000000010
1110010010000011000010101101100111100000000000000000000000000000000010
1110011000111011010001010000000101100000000000000000000000000000000010
1111010010110001101100010101010011100000000000000000000000000000000010
1110110010010111101010100000101011000000000000000000000000000000000010
1110110001101100010001000101111100100000000000000000000000000000000010
1110011001010001110011010110100100100000000000000000000000000000000010
1111001011110111011000000110010000000000000000000000000000000000000010
1110001011010000111100000010100110000000000000000000000000000000000010
1111011000001000101111011100111100000000000000000000000000000000000010
1110011000110011100111010111111111000000000000000000000000000000000010
1110011010011000001011011011010100100000000000000000000000000000000010
1111111011111110111010001001100100000000000000000000000000000000000010
1110101100010001100011010000111110000000000000000000000000000000000010
1111011100110101000110110111101111100000000000000000000000000000000010
1110111111100011110010110110101000000000000000000000000000000000000010
1110111011101100010110100000101000100000000000000000000000000000000010
1110010100011011000000011111000100100000000000000000000000000000000010
1111110111000111001110100010100111000000000000000000000000000000000010
1110010100110010110011000010101111100000000000000000000000000000000010
1111001010000001011011000110011111000000000000000000000000000000000010
1110010100011101101101011110100100100000000000000000000000000000000010
1111001001001000101011001001100100000000000000000000000000000000000010
1111111011101101100011100101001001000000000000000000000000000000000010
1110010110101110011010001011111001100000000000000000000000000000000010
1111000010010111001110101010111010100000000000000000000000000000000010
1111001000010001101001011110010110100000000000000000000000000000000010
1110111001010010101100010110001111100000000000000000000000000000000010
1110011001111001010111011010000011100000000000000000000000000000000010
1111110110010100000111100110001001000000000000000000000000000000000010
1111001011011000111011000100101110100000000000000000000000000000000010
1111101010110000111110100010001101100000000000000000000000000000000010
1110001110100010111100101000101111000000000000000000000000000000000010
1111111111100110011011100101000000100000000000000000000000000000000010
1111101011001111111000000001100000000000000000000000000000000000000010
1110110100111110111110111010110111000000000000000000000000000000000010
1110110110101011110110011110011101100000000000000000000000000000000010
1111001100010111101011100101100100000000000000000000000000000000000010
1110100111100101010111010110111111000000000000000000000000000000000010
1111000111011111101001110010111111100000000000000000000000000000000010
1110101011111001000011110110100100000000000000000000000000000000000010
1110000000110111110011000111100100100000000000000000000000000000000010
1111001100011100110110000110011001000000000000000000000000000000000010
1111101010010110000001011111001011100000000000000000000000000000000010
1111010000101101111101011010110000000000000000000000000000000000000010
1110001101011100100110001001000101000000000000000000000000000000000010
1110011010011101010011010000011011000000000000000000000000000000000010
1110010001101011001100101001100001100000000000000000000000000000000010
1111000010111110101010010111010110100000000000000000000000000000000010
1111011101110010011001010100100000100000000000000000000000000000000010
1110111010000101001010100110000001100000000000000000000000000000000010
1110010101110010001000100111100101100000000000000000000000000000000010
1110011100111000011010001001011010000000000000000000000000000000000010
1111010101010100011011110010000110000000000000000000000000000000000010
1111001011110101110011001111011111100000000000000000000000000000000010
1110010000000000110101011111001100000000000000000000000000000000000010
1110100011100100110011100011100010000000000000000000000000000000000010
1111010111000010111001110001110001000000000000000000000000000000000010
1111001011011100010001101100011000000000000000000000000000000000000010
1110100001011010100101110110101010100000000000000000000000000000000010
1110100100011001001010111010101010100000000000000000000000000000000010
1111000111001000010000000101000011100000000000000000000000000000000010
1111101111000001110000100010100011100000000000000000000000000000000010
1110001000001110011011110001001011000000000000000000000000000000000010
1110111101001000011110000110011100000000000000000000000000000000000010
1111011110001001100110100001011100100000000000000000000000000000000010
1111010111101011111100101011010101100000000000000000000000000000000010
1110101111000100001110011111111101000000000000000000000000000000000010
1111101110111010111100000101010100100000000000000000000000000000000010
1110001101101011100110111000110101100000000000000000000000000000000010
1110101011100111110101100101101100000000000000000000000000000000000010
1111000010111100101110001001111100000000000000000000000000000000000010
1111101110011010101110100011000111000000000000000000000000000000000010
1110011011101100011001011011101110100000000000000000000000000000000010
1110011110110100111101110111101111000000000000000000000000000000000010
1111100000010011001101011000100110100000000000000000000000000000000010
1111011001110100101000101101001001100000000000000000000000000000000010
1111001111110010011101110111000100000000000000000000000000000000000010
1111111100100100101111010000000000100000000000000000000000000000000010
1110111010011110111101100000000111000000000000000000000000000000000010
1110011110111111011101001011111001000000000000000000000000000000000010
1111111001011010011001100000110100000000000000000000000000000000000010
1111111000000110101110100011110010100000000000000000000000000000000010
1111001011110001001000110101011010000000000000000000000000000000000010
1111011000100011100101010110000001100000000000000000000000000000000010
1111101000101111011001010011010000000000000000000000000000000000000010
1110011000000011111011111001111011000000000000000000000000000000000010
1110001111001101000000110101000000000000000000000000000000000000000010
1110100011010100011001100100011100100000000000000000000000000000000010
1111000111010010011001111011010111000000000000000000000000000000000010
1111001000000000011101011001111000100000000000000000000000000000000010
1110110110011011110001011101011101100000000000000000000000000000000010
1110010011110000101001110001010111000000000000000000000000000000000010
1111100111110111001010011111110101000000000000000000000000000000000010
1110111111101011000100001100111110000000000000000000000000000000000010
1110110001010001010111000100100101100000000000000000000000000000000010
1111111101100011001001011000100010100000000000000000000000000000000010
1110111110110011101001101101010100000000000000000000000000000000000010
1110001101101010100000001000111011000000000000000000000000000000000010
1111111000010011000101011100111001000000000000000000000000000000000010
1111111000000111111100011100111111100000000000000000000000000000000010
1111110001010001110101001010000101000000000000000000000000000000000010
1110111011010010111101001111101101000000000000000000000000000000000010
1111100011000001100010100000000100000000000000000000000000000000000010
1110010000101010101011000011011100000000000000000000000000000000000010
1110111111111100101111001100101001100000000000000000000000000000000010
1110011011000110011011101001110011000000000000000000000000000000000010
1110110000100001001000101001011111000000000000000000000000000000000010
1111110011110011101011000001101111100000000000000000000000000000000010
1111011011010011001000111001010011000000000000000000000000000000000010
1110111101110010000001100101110110000000000000000000000000000000000010
1110001001101101011011101000010000000000000000000000000000000000000010
1110110011110001001101100100010010000000000000000000000000000000000010
1110001100111010101000110000111000000000000000000000000000000000000010
1111101100000011101011010100010100000000000000000000000000000000000010
1111111000101000001010010010100100000000000000000000000000000000000010
1110101001010101001101111001101000000000000000000000000000000000000010
1111101001101001101101100101110111000000000000000000000000000000000010
1110010100010110100100101111101001100000000000000000000000000000000010
1111001111000000011010101100011110000000000000000000000000000000000010
1111101110010101110010011100101101000000000000000000000000000000000010
1111101010011111000001000011111111000000000000000000000000000000000010
1110111111101100010001011010111110000000000000000000000000000000000010
1110011010001101011110101010000010100000000000000000000000000000000010
1111110110110001011010111011011010000000000000000000000000000000000010
1110101000001011000011101001000000100000000000000000000000000000000010
1110001111100111110010001110100100100000000000000000000000000000000010
1110011110000011101010100010000011100000000000000000000000000000000010
1110111011001001111100111010111110000000000000000000000000000000000010
1110101100011111011111011001000011100000000000000000000000000000000010
1110110100110000111001001010100010000000000000000000000000000000000010
1111110001000110011110110110011011000000000000000000000000000000000010
1110111011100001101101111100010110100000000000000000000000000000000010
1111111011011110011001101010000111000000000000000000000000000000000010
1110110001110100001000010100111000000000000000000000000000000000000010
1111011110011011001111101111110000000000000000000000000000000000000010
1110111001110011000010011001000000000000000000000000000000000000000010
1110100010111100111000111101011100100000000000000000000000000000000010
1111001011011011101110111110111101000000000000000000000000000000000010
1111001101010101001101000011001001100000000000000000000000000000000010
1110011110111101101011111011110000000000000000000000000000000000000010
1110100101101011101011111000000100100000000000000000000000000000000010
1111001001111001001011000110011101100000000000000000000000000000000010
1111110001110110001000111010010000100000000000000000000000000000000010
1110100111001111000110111010101111100000000000000000000000000000000010
1111111001111010011110010101100100100000000000000000000000000000000010
1111101110101110011111110111111010000000000000000000000000000000000010
1111100101101110011011010100010001100000000000000000000000000000000010
1110100110011011010100011100001011000000000000000000000000000000000010
1110101101011001000100100100101000100000000000000000000000000000000010
1110101101011111000110010110100000100000000000000000000000000000000010
1111111001001111010111010000010111000000000000000000000000000000000010
1111011010010111101000001101000110000000000000000000000000000000000010
1111111110001100111110010110100010000000000000000000000000000000000010
1111001110100000011100010101001001000000000000000000000000000000000010
1110110000010110100111100111010110000000000000000000000000000000000010
1111001001011001000010111111001110000000000000000000000000000000000010
1110101010010110100100111001011000000000000000000000000000000000000010
1110000011011101011001010110000000000000000000000000000000000000000010
1111110101100000100010101101101101100000000000000000000000000000000010
1110100011001111101011001010111110000000000000000000000000000000000010
1110110110100111101101001000001111100000000000000000000000000000000010
1111010100011000011100001011001100000000000000000000000000000000000010
1111001011111000011111110111010111000000000000000000000000000000000010
1111101000101000101001000101000101000000000000000000000000000000000010
1110101010010011101100110010100001000000000000000000000000000000000010
1110011100010111010110110111111110100000000000000000000000000000000010
1111100110000010100100101101001111000000000000000000000000000000000010
1111011111101011001010010110100101000000000000000000000000000000000010
1111100010010001100100010010100111000000000000000000000000000000000010
1111000110001011100010111110000110100000000000000000000000000000000010
1110000010111010001110000000100011000000000000000000000000000000000010
1110010110001000010100110111111010000000000000000000000000000000000010
1110001001100001011101100101111101000000000000000000000000000000000010
1111111101100010010100101100010000000000000000000000000000000000000010
1110110010111011001011011100000111000000000000000000000000000000000010
1110011010011010100100111100001011000000000000000000000000000000000010
1110110101101010111000011001001010100000000000000000000000000000000010
1110110011101111001011010110110101000000000000000000000000000000000010
1111000110110111100100011100000010000000000000000000000000000000000010
1110010110110001000001001100101111000000000000000000000000000000000010
1110011111110000100011111100010111100000000000000000000000000000000010
1110010000011100110010001110000100000000000000000000000000000000000010
1111010100110010001000000100000011000000000000000000000000000000000010
1110101011011010100001101001111001100000000000000000000000000000000010
1110101001101110010100101100010111000000000000000000000000000000000010
1111000000000101010000010100100000000000000000000000000000000000000010
1111101011010110111111010011110010000000000000000000000000000000000010
1111001011000100001110011011011101100000000000000000000000000000000010
1110010110011001110000010110100010100000000000000000000000000000000010
1110000111100011011110001011110010000000000000000000000000000000000010
1111010000100001110100011000101101000000000000000000000000000000000010
1110110011110001011011000100101100100000000000000000000000000000000010
1110001110011100110101100000001011000000000000000000000000000000000010
1111011001010010010001010000001100100000000000000000000000000000000010
1111111111101111011101110101010001100000000000000000000000000000000010
1111010111011000010001101101101011100000000000000000000000000000000010
1111010001110000111110111111010000000000000000000000000000000000000010
1110101001011011011001100000111001000000000000000000000000000000000010
1111011111111101101110110001001001100000000000000000000000000000000010
1110110010000000011001010000011001000000000000000000000000000000000010
1110010111010010110000110101000010100000000000000000000000000000000010
1111110010001010111010000011000011000000000000000000000000000000000010
1110010110101111100110000001000101000000000000000000000000000000000010
1111000101110000101001011000010110100000000000000000000000000000000010
1110110110100110111000001101001100100000000000000000000000000000000010
1110000100110000111011111011001110000000000000000000000000000000000010
1111011110111001010100011000001100000000000000000000000000000000000010
1111111010100000000011000101001111000000000000000000000000000000000010
1111010111000110011110110100001000100000000000000000000000000000000010
1111110001111001000010001110100011000000000000000000000000000000000010
1111010111110111000111101110100000100000000000000000000000000000000010
1110110111010001000011110101110001000000000000000000000000000000000010
1110010111110010001110110100011000100000000000000000000000000000000010
1111010110111010110000010011011110000000000000000000000000000000000010
1110110111111011010101000010001110100000000000000000000000000000000010
1110110110010100110010110001010110000000000000000000000000000000000010
1111111100010001111011100111111000100000000000000000000000000000000010
1111010100101001010011100111110100000000000000000000000000000000000010
1110101101001111010010001010101000100000000000000000000000000000000010
1110100010110110101110001110111100100000000000000000000000000000000010
1111000101110010110101101010010001000000000000000000000000000000000010
1110000100000010111101110110111100000000000000000000000000000000000010
1110101101010011000111001000100000100000000000000000000000000000000010
1111101110110111010101010100111101000000000000000000000000000000000010
1111000011111001101010001110000101100000000000000000000000000000000010
1111000111100000011111011100101101000000000000000000000000000000000010
1110111011101000010001000111101010100000000000000000000000000000000010
1111110101001001000100101110001011000000000000000000000000000000000010
1110001011001001000111001110111000000000000000000000000000000000000010
1110110010000101010110001000101101000000000000000000000000000000000010
1110000101100111101001101000010000000000000000000000000000000000000010
1111101001011110000101100000010010000000000000000000000000000000000010
1110100110001101000110101011001011000000000000000000000000000000000010
1111001001000001100000101000110110000000000000000000000000000000000010
1110010011111000001111111010100101100000000000000000000000000000000010
1111110011011110110010111100101011000000000000000000000000000000000010
1111110010110101101001000011100100000000000000000000000000000000000010
1111010010011011000110001010000001100000000000000000000000000000000010
1110100011011101111001010101100110000000000000000000000000000000000010
1110000100110101001110000010000010100000000000000000000000000000000010
1111100000101000011000101010110110100000000000000000000000000000000010
1111101110010001111110010011100010000000000000000000000000000000000010
1111011001111011000111001000100010000000000000000000000000000000000010
1110101101000001111100010010100011100000000000000000000000000000000010
1110100010001110001111110001111000000000000000000000000000000000000010
1110000010000101000010010000010111100000000000000000000000000000000010
1110011001011101100100011101000011000000000000000000000000000000000010
1110111101011000111100110001001000100000000000000000000000000000000010
1111011010110110001000101101001010100000000000000000000000000000000010
1111010010111001000110101001011011000000000000000000000000000000000010
1111011110111100111100000111011100000000000000000000000000000000000010
1111101001111111101110001011111100100000000000000000000000000000000010
1111101110000100011010101000010010100000000000000000000000000000000010
1110011111110111101001011010010010100000000000000000000000000000000010
1111100111110110001110001010000101100000000000000000000000000000000010
1110010010011000000000001011111101100000000000000000000000000000000010
1111000000111011101100011110101000000000000000000000000000000000000010
1111010101010101111010000000101001100000000000000000000000000000000010
1110110001110100100000111000010011000000000000000000000000000000000010
1111110100101101011110110010110111000000000000000000000000000000000010
1110001001110010001011100000100110100000000000000000000000000000000010
1110001110101010010111000111100011000000000000000000000000000000000010
1110101001011110011011011000011111000000000000000000000000000000000010
1110000101111101001110010111100011100000000000000000000000000000000010
1111100110000100001011110000100111000000000000000000000000000000000010
1111110100101010110101100100110111000000000000000000000000000000000010
1111011111001110010011001100101000000000000000000000000000000000000010
1110100100001100110101010101001010000000000000000000000000000000000010
1111010101101110101111011101101110000000000000000000000000000000000010
1111010111110010001011010010110010000000000000000000000000000000000010
1110010111101000111001100010000011100000000000000000000000000000000010
1110101011101001010011010011001010000000000000000000000000000000000010
1111111100101111000011000101001011000000000000000000000000000000000010
1110001001111000000101001001110010100000000000000000000000000000000010
1110000110011010010000001110011110000000000000000000000000000000000010
1111111011000111010001011010010000100000000000000000000000000000000010
1111011001001001101101101110111101100000000000000000000000000000000010
1111011001101000101110111001110110000000000000000000000000000000000010
1110110101111110010101111010110111100000000000000000000000000000000010
1110111110000011101011011010001000000000000000000000000000000000000010
1111111000111110111100011110111101100000000000000000000000000000000010
1110011110111000110101110001111101000000000000000000000000000000000010
1111101010010000000101100100101000000000000000000000000000000000000010
1111110010000000011010111111100001000000000000000000000000000000000010
1110111010101001111100001000101100000000000000000000000000000000000010
1111011001101101110000010011001100000000000000000000000000000000000010
1110100001001100111101000110111100000000000000000000000000000000000010
1110111010000100101111011111010111000000000000000000000000000000000010
1111001010010110001001101000100000000000000000000000000000000000000010
1111111010101111100111001100001010000000000000000000000000000000000010
1111100111011110000011101011011001000000000000000000000000000000000010
1111010011001010101110111110111101000000000000000000000000000000000010
1111011010100000100000011100101100100000000000000000000000000000000010
1110011001101111001001011111111010000000000000000000000000000000000010
1110110011011001111111010001001110000000000000000000000000000000000010
1110110001111000011011010110101011100000000000000000000000000000000010
1111000000001110010111010000000010100000000000000000000000000000000010
1110101000101100011101111000101110100000000000000000000000000000000010
1111000010101000110110000000100110100000000000000000000000000000000010
1111001010111011110010000100011101100000000000000000000000000000000010
1110110000011000111100111010101110100000000000000000000000000000000010
1111100011110101010100101010000010000000000000000000000000000000000010
1110001010000010001010000111111001000000000000000000000000000000000010
1110010000100001101101000111101110000000000000000000000000000000000010
1110011000101011111011011011010111100000000000000000000000000000000010
1111100011101111110001100010000101000000000000000000000000000000000010
1111100000010001111101100101100101000000000000000000000000000000000010
1111111010011101001011000100101101000000000000000000000000000000000010
1111100111111101101011100110010000100000000000000000000000000000000010
1110000110111010000100110111111101000000000000000000000000000000000010
1111111011010001001000000000011110000000000000000000000000000000000010
1110101100110000110101011000101111100000000000000000000000000000000010
1110010110111011101001001101101010000000000000000000000000000000000010
1110100011100010100110011100000100000000000000000000000000000000000010
1110000101111010010110000100010110100000000000000000000000000000000010
1110011011010111001010110111001001100000000000000000000000000000000010
1110110101111011001110011000100010000000000000000000000000000000000010
1110111110110111111011101001001100100000000000000000000000000000000010
1111010011110000011111010010110101100000000000000000000000000000000010
1110100111001111011011100100100100000000000000000000000000000000000010
1110011111110101011001101110101010100000000000000000000000000000000010
1110100011111000110000110010110110100000000000000000000000000000000010
1111001101110001111101010011011011000000000000000000000000000000000010
1111100000101111101110000000000100100000000000000000000000000000000010
1111001110101110111001110101111011000000000000000000000000000000000010
1111011111010011101100000111000010000000000000000000000000000000000010
1110011001001111001000101100110111100000000000000000000000000000000010
1110111010101010101100000110010100000000000000000000000000000000000010
1111110111111011100001100100110011000000000000000000000000000000000010
1110000001011110101111001001000010100000000000000000000000000000000010
1111000100000010111001001010111101000000000000000000000000000000000010
1110100111111011001000100100111110000000000000000000000000000000000010
1110010010010011000111010100000110100000000000000000000000000000000010
1110011000001101101111001100111000100000000000000000000000000000000010
1111010000110000001000111000010101000000000000000000000000000000000010
1111101100011111100001100111110110100000000000000000000000000000000010
1111011001000011111000001010111001100000000000000000000000000000000010
1110011100110110100011000001000110100000000000000000000000000000000010
1111010101011110011110110000100001100000000000000000000000000000000010
1111010001010100000011101110111110100000000000000000000000000000000010
1111000100101111111000011000101001000000000000000000000000000000000010
1110000110000001000111100011110010000000000000000000000000000000000010
1110111111100100111100001110000101000000000000000000000000000000000010
1111010010010000001100100010010111000000000000000000000000000000000010
1111001011001111100011011001101010100000000000000000000000000000000010
1110010101010001011001100011111000100000000000000000000000000000000010
1110101010110010011011101110110101000000000000000000000000000000000010
1110001110111000110011101010111110100000000000000000000000000000000010
1111001111111010110001010110000011000000000000000000000000000000000010
1110011101000100101111100001100001100000000000000000000000000000000010
1110111000000110100111001110110101100000000000000000000000000000000010
1110001011101001001111101010001010100000000000000000000000000000000010
1111100111110111010010100110001010000000000000000000000000000000000010
1111100111111110011001111001010001000000000000000000000000000000000010
1110110111000011011101111000010000100000000000000000000000000000000010
1110110010110001100110000010101101000000000000000000000000000000000010
1111001111110011010000000000100010100000000000000000000000000000000010
1111100010010001111100000011001011000000000000000000000000000000000010
1110101110110010101101110011110100100000000000000000000000000000000010
1110011110101010111011001000000100100000000000000000000000000000000010
1111011000001010101010010000010110000000000000000000000000000000000010
1110101011011111100110000110111011100000000000000000000000000000000010
1110100000100011100110100010110110100000000000000000000000000000000010
1111001111010101100111011110111010000000000000000000000000000000000010
1110111010001110110111001001000000000000000000000000000000000000000010
1110100111101110011111100100000100100000000000000000000000000000000010
1111111010101110010110011100001000100000000000000000000000000000000010
1111111111010011000111011000011010000000000000000000000000000000000010
1111110111011100001110001000001011000000000000000000000000000000000010
1110010100110010101110010100110000000000000000000000000000000000000010
1111100110110111011110100110110111000000000000000000000000000000000010
1110110000100010010100000000001001000000000000000000000000000000000010
1111011010010011001110001100100110100000000000000000000000000000000010
1110101101011101100011010010010100100000000000000000000000000000000010
1110101010100010011010110010101011100000000000000000000000000000000010
