1010010111010000000110011001010011111010000111011011110111101111100010
1010110010101110010100101001000111001100101011110010000011010011000010
1010011110000101001101100010000000111010111011111111111011011001011010
1010010011110110110001111110001010111100100100001011000101000100001010
1010011110111011010001010101100110101000110011111110000011100001101010
1010110011111001011001011001010010110111001100011100101100100101000010
1011110000110100110000000000000100001111000101111011111111000011110010
1011101100111001110100110101010110011110111110011101000000011101011010
1011101000010100001100010100110000000011101101000101110110011011010010
1011111111101111011011000111100101100000110010000000100111110010011010
1011111110000000001110110001100000011111001001111101111110101011111010
1011111010110101011010111001110111110100100001000100110000000001010010
1010101111011001100001101101010100011111111010001101110111110101101010
1011100010111111010110011100111101101010100010100111000010010001100010
1010010001001101101000010001000011000101111011011101101010010101001010
1011100100110101000001011010111001001000010101010101101010000000110010
1010110010100101101100111111100100000101001111001000010111101110010010
1010111010100001101100101000001111100100000100110110010100100101011010
1010001011000000001111111101101000001011000111101101110110111010000010
1010110011111010010101111010011000001000010001001101010010001101101010
1010011011010100100101111111011101001001111110000101011111100101010010
1011010100010110011110101111111110100100111011000011011011100110100010
1011111100011010001000000110010110101111111001110111111111000000111010
1010010010111000011001100110110110000101011100011101010110000010010010
1010110100001000110011111010000011011010001001100111111111000010011010
1010001010101111101111000111011111101110000110100000011000000100111010
1011000110010010000101100011000111011101011110000101111111110011110010
1010011111111101011011011111011010100100111110001101100000100000100010
1010100001011110001011010010000111011000100110111111111101100010111010
1010010110110001110110001110100000001010111011111110010100000001111010
1010010111000100010011100101011000000101110101011001111100111010100010
1011010110010100100111111110001110100100000000010010110100000001001010
1010100000001010010000000000011010010101000101011100110110010001101010
1010001000010100011011010011100000110001000010001100000010000011000010
1010111011001000011010110001000010110101101111011110100011011111011010
1011001111100001001110111101010110100000101110011110101101101011011010
1010101101001000011010000010010010011111110100110111110010000110111010
1010111111101111101011101010011001001011010000010000101101000111010010
1010010100101011011001011001101001110111010001101101010110011101101010
1011011110111111011011001011101110100011101010000000100000001000010010
1011010100010100000110111100101010011111110101111111111011101001111010
1010111010111010111110101111001011111011000100000101000100101111110010
1010101000010000001111100000000011101110111111110110111100000101011010
1010111010101001110110110111000101010010000111100001011100100000010010
1011010001010010101001001101101100001010010000001101111100111110100010
1011011110000011110010011110111001100101100111001101010100110100111010
1010100001100001000001100111100100001111011111111111110101111001011010
1011101111110101111011110110101110001001111101111001010000000001001010
1010110101011011011010110101000111011011111111100110110101101101100010
1011010110000111001110110011001010100110011010111001001000110001101010
1011010001001111101000000111001000000111110011011101011001001111101010
1010100111000111111110101111010100110001110000010011001001000001111010
1011001010000100000011101000010010100000001110011101111001100010001010
1011100000001111111010001011010111010100110010011100101101011110001010
1010010010110000000111101001100000110111010110011011010110010011101010
1011011001001110101111101111010010000101000001011100100111011010101010
1010000011010010100111010101010000000101110111110111110010010101011010
1011110011100111101101111110101011101000010000111010111001100010001010
1011100010000000101001110110011100001110100000011110111010011101111010
1011100001010010011000111111110111101001001100111100000000101111000010
1010000010110001000111001011001111001001101000111010001110001001001010
1011010011110011010100110001110110000000001000101001100001101100101010
1010000110010001000100000010100000101001011110000100001011010110101010
1011100101100000100111111011011000001101101101111100100001110111000010
1010110100100000001000100000010000011001001100101001101110010110110010
1010100000000001001001100011001101001111000010000001001110100001010010
1010000101101100011000100011011001110000101111101000000111100011011010
1010111000100111110111011110010111100110101100100011000111010000000010
1010000100011100010001001011011000011001111011010111101010011101000010
1010001100101100110011101011011001101010100010001110000001000011110010
1010111001000010001010001111100000000000100101111111110010100000110010
1011110110001101111111000000101111111110110100010100110001001101011010
1011011111000010001000000110010010001110110110100101111100000001111010
1011110111010101010000101001000110111110010000110111010111001000110010
1011000010000011000100101101100000010110010111100111110000011011110010
1011111111100101100111011110101001101110101010001110111010001001111010
1011000001011101100100001000100011111101111000000101101011100111100010
1011101011101110001110111010111111100100100100010101010110000010010010
1011111011010011100111011010010000001111110011111101101001000010001010
1011010000011011001111110111101001100100001110010010000000111000010010
1011100101010001101010011100001000110010111101000011110101100101110010
1010101100100111000111110101011111111100000000100101011010100001000010
1010101101110100101110001000000001110100111011011101110011101100101010
1010010001111101111001111110010111110100011010110110101010000100100010
1011100100001010001100010011111101010110110110001101011101111000101010
1010100111111010110100110100111111100010100111001111011010101100110010
1010110001001101011000111000101000010111101111101000111000011011111010
1011100011101110111001010100110110111110000101100101100011101011100010
1010010101100000010011010100110000110000110100111100100001101011111010
1010010111110101100111011101111000101111000001101010110100111100011010
1010111001110010011010010001011000011111100010011101000111110011111010
1010111011011010110110001001100100101011100110011000111110100110111010
1010110000011100101101100000111000111010100110011111011010100101110010
1010011001111001011110100100000101000101111101000000000000101000101010
1010101101000000000111010100000111000010001011101111010011101101100010
1011000010111010001110111011010011100101001101001100010100100001000010
1010010101001100001010011000100101011111011101000111110101011000111010
1010110000001110010000101101010110110010010101011101000000100100000010
1010111100111001001001001001010010011100111110111100110011110110111010
1010000001110101010010111000101011110010001000100001000100000110000010
1011101001001001101000000010101110100000100001001110100010100101110010
1011010100001110111110101100011110100100011010001100001001000010101010
1010110010011101101111110111110001010111001101101100110111100011001010
1011100111000110001101010011010000010100010001010100001001110100000010
1010101101000010011100110010010011111111101110100111011110001001111010
1011100011110001011111111010110100101111010001010010001011101100001010
1010101000010000001010000011000001110001100011001010000101101100001010
1011011110101001111101110100100010110001101011110011011010001100110010
1011110110010010000001000010101101000100110010001001010010001111011010
1010100001000001100001100010110100101011100001011100101010000010000010
1010100011100100100000001100111010001100111101011111100111100100011010
1010110000001111101011001100111001100100101011000101000111001010100010
1011111011101000011111011001011011010111101000101101001100000111100010
1011111000101110110110101100101010110101000000010000000101110000100010
1010110001101110000111110010001100010101011110000111111100011111101010
1011110100101011101110110111110001010101101101100001111011000000000010
1011100110110010111100100101000011011101011100000010111111010011101010
1010011100100111101100111111110111011111100101101110110111011001000010
1010001101101011011000110111001101111101100011110011011100000111100010
1010111111110010001001111110011010110110100000001010000110100000111010
1011011100100110001100001111011101001011011011010001110010111111111010
1010011101110000110110100010011101110111000011111001100101100010011010
1010001001000000101110011111001111110110110101010110000001000101111010
1011011101000000001101010000001111100010000111001010000010001001111010
1010100010100100101000011110111111100111011101100001100000010001000010
1010101101101100101101001000001111001010000100001001011110011100101010
1010111111010001000000000001111010010111110000000011100001011000011010
1011101110101111101001101100101101001000000000001101010100010110110010
