1010110010110110110100100011111100100110100001010000110111010000000010
1011111101110011101111010011111100111010101010111001101010101000000010
1011001001000000100000111101011100001110010000101010110101000000000010
1011111110010001001011110010100111110010011010011111111010011000000010
1010000100001111011001011011011001100001011111100010111011100000000010
1011100100000010001001001011111100100011101111011100011100100000000010
1011000101110111111001100100001010111110001011101111101110011000000010
1011111011101000011111001010010110000110100101101011101010010000000010
1010110011000010000100000101111101000110111111010111100001000000000010
1011111011100101011001111101100110110111011101001111111111110000000010
1011101111100100110100000010100100011001100011000011001010001000000010
1010011101100000110000010010110011111110010100011110001110001000000010
1010011110001100010011111011000111111010110101000011000100000000000010
1010110111010110101010110110010010011110101100011101000011011000000010
1010001100011100110110001111000101111100101111000111101101000000000010
1011101011011100010110000010111010011111011000001001111111111000000010
1010000111001100001001011010011010001101010000011000001100011000000010
1011010110010010101101010011000110000011101101111100100000110000000010
1010101110111000111000110000000010010011010010011111101100101000000010
1011100011001110010001000000011001001011101010100001011011000000000010
1011100101111010101101101101000101100011100000101111111000000000000010
1011110100110101011111110000000010111000001111001101010100010000000010
1010110011001011101011110010010011001011011111101011110010110000000010
1011000000000010001010000000101011010101100110011100011110000000000010
1011101011101010001101001001010110100010110000110110011111011000000010
1010111000011000110000111010010001111001010001100101000011111000000010
1011001101011100110011100000010000001000111010010111101110010000000010
1010110001011000001111111100011011111000110000111101110011000000000010
1010010100110010101011101000010101100011110001110110001010010000000010
1010010100011001010000111011010101101000011001011000101101001000000010
1010001010010011110010001101100001111100011011001111011010111000000010
1011110110011010111100101000010011011110111000001000011010001000000010
1010101101010110110011000000110001000001111000000111100111101000000010
1011010100101011110010111010100101111010110001110100111101101000000010
1011001001000000000000100111100101101010000010110110011110001000000010
1011101010110101100010100001000010010100101001001001100110111000000010
1010000010010110011111111000001101001011111110111111110100100000000010
1010010000001010110101000000010011001111111101100110000101110000000010
1010000000100101100011111101100011110001101001111000001010100000000010
1010100000000000011101000001001011111001100100000100100111111000000010
1010111100010111001010100111010101001010000000001100100100100000000010
1010010000000011111100101110001000101001101111000001100011011000000010
1011100100100101111101101010111111000001100001000001001010010000000010
1010000010101110111101000000001110010001010010011111111111111000000010
1011101100100101000111111101001001110111100100011111011101000000000010
1011000110011011111110000111101110011001011000010000111100001000000010
1010111010110110110001000001011001100011111100010000001111011000000010
1010100010001001101011100000101100010000000011100101111000110000000010
1010110110101001010001111100001001011000110101011000011111001000000010
1011110011000010001011011101101011111101110101010101111110010000000010
1010111101010100101011001010000100100100011001110001101101010000000010
1011011111010011110110101101110100000110100100100110111110110000000010
1011010110001111101100110000000010111011011001110000000010101000000010
1011111011000000001110001110101010110100011001011101001010111000000010
1011100011010011100011001110111111110111000010011001101010100000000010
1011001011011011011010000010100010101010010000100001010011110000000010
1011100011010011000011010101101110000111011000110010100110010000000010
1010010111111100001000101110010011111110110001011011111110110000000010
1011001000000011100011001100110000001010001001001010111100001000000010
1011011111001111011100000100010011111011001111101111101011111000000010
1011000101000010101000110010001101011111010100100100001110110000000010
1010001010001100001111101010010011101110100010101001000110101000000010
1010010110111011110000011011100001001011110010010001111110100000000010
1011001100010010001100011111000110110100001001011101010000000000000010
1011110100100000011101011101000100001111001110010011011001111000000010
1010011000010111010010100100011001001010001100111110110110101000000010
1010100011110000101110011001000110100100100000011011111011010000000010
1010100001001101100111011101110001011011010011001111000111000000000010
1010011001101001000100000001000101110101001110000000100010111000000010
1011011101010011000010101100001101010001010010101110100110000000000010
1010000000110100000010111000101111000111110110110011101101011000000010
1011010011001110000011100011001001110011111001110011010101000000000010
1011111101110011100010010010101111111011010001111000111110100000000010
1010010111111010010110111110001111101010010011110111111110110000000010
1010000101100000011010110010111110111101011010111000011110001000000010
1011110101101101101110111110100011010000111001100110110001010000000010
1010110001101001011010001010010011111110001111101101011111100000000010
1010110000010111110001101010100111001010111100010110001110011000000010
1011011111101010001100000000111101000111100011110001110010110000000010
1010001001101110000100001110111100111111001010111111011001110000000010
1010111100000101101111010010101100101000010100010100000010111000000010
1011000110110011111000000110011011110100100101100011111110010000000010
1010101011011001101011010110111001101011101010101001100001110000000010
1011011110100110000000001110010100000110011001010001010111001000000010
1010010010101111000011000101111101001110110100011001010010011000000010
1010010001011100100001010110000001010100010000110111010100110000000010
1010001000101010000000011010010000111010101000101101100000111000000010
1011111111101011001001000000101010101110010111001100010100101000000010
1010110011110101100110001110010001000011110000011110010010111000000010
1010001111100100101110011001000101111001111001001001010101010000000010
1011001010100101101011010111011011000111101111111111000100111000000010
1011101000001011110100000001001010000000000000000000000000000000000010
1011010000111001010101001001110101001010101011111111111011111000000010
1011000101101010101010110011000111101110110000101011100011111000000010
1011000011000110111011001010011001001011100001010110111010111000000010
1011001111000011111001000010010101010101111001100010100010001000000010
1010001001001010001101001110000101110010001110010000100000011000000010
1010100101101110011000011011101010000000111101101010100010110000000010
1011000000000110001010001000000001110011011101011100001011110000000010
1011111011110111001110000001000110111101011010100111101001011000000010
1010111110100110101111001010000110100111011110011100011101110000000010
1010100111101100001110110001011110000110100100111101110000110000000010
1011010010101110101100100110011110010111100101101011100100001000000010
1010110111100001001001100000111010000000100000010000011111000000000010
1011101100001101011010100000000001000110010101110101011001010000000010
1011001101111010100111011100000000101001001100010011010111010000000010
1010100100001110010000100001011010101011000101111110101000010000000010
1010001001001111100001101111000011001101100100101111011111111000000010
1011010011101101100001011011000101101001110110110101100100000000000010
1010101010001101111100011001000001001111011100110011010100010000000010
1010100001101100100110000100111010110001000100001010100000110000000010
1011110010001000000010000100101100111110001110110100100010100000000010
1011100010000010001000101010101000101000010000000101111110101000000010
1010010111101011101110001100110111011100011001101110110110011000000010
1010000110110100011101010000110110010111111010111001110011001000000010
1011011110000101101101010111100010000010000101001000000000010000000010
1011000000100111100100100110011010101010111000101110101101100000000010
1010110111011011100101110111000010111100001000001001011100011000000010
1011001101111111011001010110100000111011011101101001101100111000000010
1011011000100001111100011011110010101101111101100000111011001000000010
1010011001010111110010101000000111001101011000111110110101010000000010
1010010101011001001101101111010000010100100000000101010111001000000010
1011101001111110101001010011001000001111110111110000011100001000000010
1011001000000101101101100001110011001100110000101111101100100000000010
1010100011000001000111000000100000111001001111101100100100000000000010
1010001001100001110110000000010010001011100001000011101101110000000010
1011101010001110101001000100110000111111111001001010110100011000000010
1011101110100101101100100100111000010011100111111111111011100000000010
1011101001010100000011010110011101010100011100111001000110010000000010
1010101111110001011000011100101000010001100111001000101010100000000010
1011100111110000000001110111011001000111111000101101110101110000000010
1010001100101111000010100010011100001111101100011001011011101000000010
1011110001010111000011000101111010000001010010100000001011011000000010
1010111100000100110010100110000111110001100110101001000100111000000010
1010010000000000010111011011101110111100100111111101011100110000000010
1010010101101100101000101010001001010001000000000001101010011000000010
1010001010001001111011011011100100000011110100010101110001010000000010
1010001101000000100011100110101100110100001010111101011011111000000010
1011000010111000001100111110001011000101111001100101111001100000000010
1010100111000101101000101000001001111001100110111100110001111000000010
1010010011111101011100010011011101001010011001101001011011110000000010
1011001110111011110010000000000010000110101001101001111100001000000010
1010111000111100000011101101100110001111110011011101011011111000000010
1011110011001110000001110110010101000111101100100011011101100000000010
1010110001011011100110010110001100001000100101100000101001110000000010
1010101101001000011101100010000100011111101100101010111000001000000010
1010111110100100010100011111101011100011011111000110000101000000000010
1011101011111001111111110010011100110110001101101010001100010000000010
1010010100010010011010001011110110101101111111110111110111101000000010
1011101001110100101100011010000000011101101010001011011000000000000010
1011011010000100001110000011001010111000001111100011001111000000000010
1010010100011001110111100101110110111100110111101001001000110000000010
1011101100011100001011110001010001010001110101100110111101100000000010
1011001111110110101111110100000011110110101111010011001001000000000010
1010100100111111110110100010111110000101001001000111011100001000000010
1010011110111010011111111111101111110111110111011111011111111000000010
1010101010110101000101101001110000110010111011101110111101100000000010
1011101001000010110011111010100100000101001110010110001100110000000010
1010010001110001111011010111011010111001111010100111001111111000000010
1011111110110110011001101010011010110011111010101100000110000000000010
1010001110000010000010111110100000000100000011100110110000110000000010
1011100000011110111001001001101111101001111011010110011000111000000010
1011111100010010011100000101000000000000111100110100001100010000000010
1011011100011111001111101111000011010000011001101111110111000000000010
1011100111010100110001111111100100100110100011100000111010111000000010
1010011100010101010010001101101101100010011100111101000110111000000010
1011010101010110111100000010100000011001001110001100111000010000000010
1011010100011001011101001111001101110001011001001110011010110000000010
1010111001011011110101111000000011100101000001101000101001010000000010
1010010011100111111101011110101010101010100101100111000101011000000010
1010000001011111011100110010101010110101100011100101000000011000000010
1010110011010111001101000111010010111100111110001010110110000000000010
1010100000011001000100001100000110011111111011011011101000010000000010
1011101001000011001100100111111101011110111100110011101000100000000010
1010010011101011010000110100001101111100001010011101111011010000000010
1010110100010000000000010110010100101100011110011110100100100000000010
1011001010011010101001100100011000000011010011001000010110011000000010
1011100000101011010010110110110110111000011011011001101100110000000010
1011010110001010010100110110110100000100000101010101011100010000000010
1010011110001010101111000101110110101100010101111101011101100000000010
1011001101001100111110101000011000011111000111010110111001100000000010
1010111010110111000111111110011000011100001111100100100010110000000010
1010110001111011100111111011011101001011101001001111111110001000000010
1010010000001000000010100110011101111110111000100100101110110000000010
1011001110101000110001011000111110100110111100110000011011100000000010
1011110100100110000111000010010001001011011101000010110011000000000010
1011100100110111100100010110100100101010101010110010110011011000000010
1010010011101100011011001100011001011010000111110100111000000000000010
1010101010101000111110100111100110010001011101111101001111000000000010
1011111101100101000110000010001000111111111110001111000101000000000010
1010110010100001101011011000000000010110101001010100000110011000000010
1010010010101001110001001110001100001110111010001010101100011000000010
1011101101100001100110001110010010000010000000000011111001111000000010
1011110101100110111011010000001011100100100111101111100010010000000010
1011100000110111101011001001000111010100100010010101010010010000000010
1010011111001011111010001111001011011110100111111010000001001000000010
1011111111001000101100010100010011001000011111101111010100111000000010
1011100111001110011111000000100001111111011100100111001011001000000010
1010110010110000101110010000101010100000000010100011000100010000000010
1011011110001100100110011001111101101010000001001011110011011000000010
1010101000110010100100100001000111011001111101011011001001110000000010
1011110101101011010100001101100111111001101111000110111110111000000010
1010000000100000001100000001100111100001101011111101000100111000000010
1011110111111110110001100010100111100010101100011001000110101000000010
1010011101010111100100100110011000111100000101011000001111100000000010
1010100011000110010011111111001000010110000110011111010110101000000010
1010111111100010110101001110101001000010000011111110101011100000000010
1011010000110001110111001100100010111110110101011111000001100000000010
1011101001001101010110110110101100111010000000111000000100000000000010
1010010101110001011001010111001111000111001011100110011101111000000010
1010011101010100001111001111000000000000100000100011101111001000000010
1010101111100000100100001000100001110000001001001101110011101000000010
1011110000000111101100110101100000010110010010110001001001010000000010
1011100100100111000001010010101111001110011010101110100011101000000010
1011100101010111100011001011000010000100110011000111111011001000000010
1010101100100101100100110111000010100100110010111111110101010000000010
1011001100000010111111001010100010010000111100110101111010101000000010
1011001100101101000100110010000011101010001000100110101101111000000010
1010011110000110101100001111011100001010010011000100001010111000000010
1010110101001001110001100000100111101101000010101111011110101000000010
1011000001000000111110000010111001110100011110010001101010100000000010
1011010110111011100001000101100101000010011000111110110000100000000010
1011000110111111100100000110010011111010101011100110101011000000000010
1010000010001001111001001000100110000000011000000011101011000000000010
1011111000111001010111000000001011000111011011011101010110011000000010
1011111001011001100000110110001101100000010011110010111011100000000010
1010000110111100110001101100011011100011101011110010101110000000000010
1011000101111010111110100100110000110001100110101000100111100000000010
1011101100001011010010110110010101000110011110111000010110110000000010
1011001010010111110010101101110100100000101001100100001101101000000010
1011100111101000011011011100011001110001110110111000011000100000000010
1011011000111010011110100001000100101001111011001101111100010000000010
1011010001001110010110000100110001000110010100101000000101001000000010
1011100100101000011011011110110001000010100111100101110110111000000010
1011000101011010001001100110110111011000101111100010011111011000000010
1010000110010011001000010000011111010011000111100010111111011000000010
1010100001000110100011110110111001000001011101100010101001101000000010
1010000001001001100100100011011101001100010000011110110111001000000010
1010110000100111011111111000110011100001001000000110110010100000000010
1010010101000100000010110011011101111111100101000100111001011000000010
1011000011010011100101010001100111001010001000000010110010001000000010
1011010001111101101100001110100100001111100001011110010101111000000010
1011111111000001100000101001101000001110001011000110110010101000000010
1011110100000010010010111010110001100100000100111101100101110000000010
1011101011011110110000010011111111110111011110101001110011010000000010
1010000011010110100101010001000100100010011100010101101001100000000010
1011110010100000100010111111001101110100001001101100001001111000000010
1010011000000100000000011110000001001000110101100000001001000000000010
1011110110000001110010100111100001110011000111110011011101011000000010
1011111111011100010010001001101100011111101010001000001000011000000010
1011000101100101111010011010010000000100101111110111000100000000000010
1011001010110000001100101110111011001110111100001011100111100000000010
1011010100101100100110010100111110001101110111101101101001110000000010
1011101110000100001110111000010100001010100010111011111111011000000010
1011110010011100111001111100010011100111011110100011101011010000000010
1010010010010000100011101100111001100101101001011001101101101000000010
1010100001000000101011110011010011111110101000111010001010000000000010
1010100111111011001001100111110110001001001111001010011010000000000010
1010101000101110110100100011110101111101010011010101000000001000000010
1011100011001001111000100100011001010110110111010101110101100000000010
1010101101101110110110101110010011101001100111010010011100111000000010
1010001100001000000000101111100110101110100101011101011110100000000010
1010110011111010011101010100100000110011110000010100111010100000000010
1011110110010001001000000100110010010010000100000101000011110000000010
1011101110011100011010000001010000111110100111001001110101101000000010
1011011101100001010000101111000100011011111100101011111110010000000010
1010001100101001100100010111110010101010111100000101101100011000000010
1010110000001000010110111000100011010110010010111010101010100000000010
1011001011101010010100001101011111111000001101111010111100011000000010
1010111110010001011011100010010110100011011101011111101010111000000010
1011011101110110100000111111000000111100101100011011010010011000000010
1010110100110100010001111101101100000010101011101000001000100000000010
1011010011000001010001010111111001011011011011110110110111101000000010
1010110100101000101110100101011000111010001100100110100110100000000010
1011000110111111111001101001111100011111101101110101100010001000000010
1010001100110101001010100100101010011010010001001001100001111000000010
1011000101111010001001000010111001100100101001110000110001110000000010
1011110001100000001000000010100011010001010000101100011000111000000010
1010000110110001011110001011101000001111101111110010100101010000000010
1010101001100100111000010111101011100100100011111111010110110000000010
1011000001111000100001001100010110100011111110000100101000111000000010
1011100001001100001011110000110001110111110101100101111011001000000010
1010010010100110010011100010010001101001101010010111100100100000000010
1010111010101100101100010100111111010110111011110101010101010000000010
1011010010110100101001001101100101110110111111111111011100100000000010
1010111010001010001100000001011101010010110111111001100000101000000010
1011011010100101111110111011100110111010101010110011111001000000000010
1011100010000110101110001001100111010110011011110000110001011000000010
1010010001011100110011011000000111011111101100111011010101100000000010
1010010011000010000001011100011100011111100101100011001011110000000010
1010101010001110010010101001101110000001110000011101100001101000000010
1011100111001001101000011111110100111101101110111011010011010000000010
1010000110100001001010001010110111011110110101010111100101101000000010
1010110011110011000000000010100001111101001010111011101111001000000010
1010100110000100110001100000110111001100111111111010111010101000000010
1011000101001001100101110110101010010111010100000001100001111000000010
1011010110101001010001101100010011001100001011000010000010000000000010
1010011010000111011010010000001110110100101011010110101011101000000010
1010100000001000100000011011100010101101101001110001110001000000000010
1010011101100011011111101111100101101110111100101111001100111000000010
1011111101100010000110111000010111110100010011111111111010000000000010
1011100010101000100001100111111001010111001001001100000111101000000010
1011000010000101111000001011011010001000111011010111101100001000000010
1011010101101000110001001010010111101000011010010101101111001000000010
1011010101011011010011000100100101100111010100000010100100100000000010
1010110110100101000101011100101000111101001000010001010110110000000010
1011100011001100101011101001101000000110110101011100110001111000000010
1010110010111101111000100100010111111100010000001001011011100000000010
1010100011111000101010001010000000000011111110001000010100101000000010
1011000000110100110101111100110010100110100011011011010010000000000010
1011101010000100110111100101010101110110011010101001000011011000000010
1010010000101101111010110001110001101001111101110010011000011000000010
1010100100000010100011110010111011000010000010100101110100011000000010
1011000100010100001011111100111110101101111100010000000101101000000010
1010110001010100000011001100010010110111100100110011000110000000000010
1010000111101111111010111010011000011100100100010100011000000000000010
1010101001011000000011000010110001100101110010000110110010011000000010
1011010011111011100000110000001011011001111011001111010000000000000010
1010011110111001000111001000010101010011000001111010011011100000000010
1010100111000001100010011000110010000100010111011000110100010000000010
1010010000111001000001010000010001000010110010001110111100010000000010
1011110111011011100100100011111011100110101011011100110000110000000010
1011101011111100010010000000011101010110001101001000100101001000000010
1010100111001000110011111100001101111110101101001010110100001000000010
1011101111101000111110011111011100100011001010101111001000100000000010
1011100000011010101000000000100011100100101111111100010000100000000010
1011101101110000110001110010011101101101011011001110010011011000000010
1010000111000011101100111011011100110100101110011000111100100000000010
1011011111100000101100001010000100010001010111111111011011011000000010
1011110101010111110101011110110001100001100011100110111100111000000010
1011000111011001001000000110010011001101011110101010010101001000000010
1010000111000100000000101010011011010001001111110011100100101000000010
1011010000101111001110010011111011000100010110111111111101101000000010
1011100100101101111100100101111000100011100010001111011110001000000010
1010101010101000100000000000011110000110101100000000101011011000000010
1010110101100000000100000100011101010100011111001010001101000000000010
1011111000010101110111110000011010000001001111100001101001010000000010
1011111011110011111100010110111010100111110100111111011111110000000010
1010101010100100110010110000110110100101100101000110111100001000000010
1010100001000001001110100111011110111101110111100100011000001000000010
1011101110101000010011110011011100010000101110111100000010110000000010
1011101001100100110100100000001010101101010000011111011100101000000010
1011011110101110100011101011110010111110010010001010100111100000000010
1010000011100000001110001110111010001011110110111101010000011000000010
1010101100000011000010110101010000011110011110100111001011000000000010
1011000110010011111000001100110101110001101010001100010110000000000010
1011101111100100100101101001101010110000000000011000010001101000000010
1010010001101001110100001110010011101111011010101011011001001000000010
1010111000101100011101010001010001011110111100101100010101100000000010
1011000111100000010100100000100101111010111011101111101010001000000010
1010000100111100010101111100100110100100110101111001111111010000000010
1011000010001111100110010011000101010100011010010101101000011000000010
1010000111100000000010000011111011101011000010011111000110101000000010
1010101100101100111101011001110111110101101011101010000011000000000010
1011110100011000011011110010000111111110100001111001011100010000000010
1010001110111111101110010001101011111110001101110100011110101000000010
1010100110000001001111111000111111001011011100111000110010101000000010
1011101011111010101111110110110000000000101000110010010000110000000010
1010010000110100000010100010010010110010010010100101110110011000000010
1011000010010000111001100010111111000111000001100111111001100000000010
1011110110110011001000100000000101111111111001111111000111001000000010
1011110001110000001111011001110001100111111001101110010001010000000010
1010101000010010111001101010000110111011101011111000010110010000000010
1011010110111100111100001101010100011100001110011110111111111000000010
1011101000110110110101100000001100010011101000101010011110101000000010
1010111100000000011000001111000110101100101000100000111101010000000010
1010011101010110111000000111010111011111010011011111010110000000000010
1011010111101110011001110110010001000110001101110001011110001000000010
1011100101000001111010101101001010110001000101000010100011101000000010
1010000100001000100011101111101110000001100110001111011111011000000010
1010110011001001100100110001010000111000111111111000001000110000000010
1011100111011000011101000000110101011100000101010111111100111000000010
1010101100100111000111001111100011100111100111001001101010011000000010
1011001100110010010101100101001001001110111011000000101001010000000010
1011011010000010111011001000001000111011011001011110101011100000000010
1011010100000111011001011010101111001110001011011110000001111000000010
1011101011110100010001010001000110101100010100000111100110110000000010
1010011001111000100100001101111001100101110111100110100111011000000010
1010011000010011010100000111000111100011001001101100100010100000000010
1010000110001100110000110010100111110111011010101000001111100000000010
1011001010111000000111001010101100011101101111000011010111110000000010
1010101000111110001001101011011001011111100001110010101111000000000010
1010001010100000000100100100001000100111111011000111100101000000000010
1011000011111000101000000001101000100110001001010011011000010000000010
1011100000001001111100100101001000010000011010111101001110111000000010
1011101100011101100101000000000001111101010110110101001010111000000010
1010000011001010011001100011000000111000011010111000110110101000000010
1011101100110110010001101101101011111001010111000111001001111000000010
1010101011000010101100100101010110110010111111010011001110100000000010
1010110101000010110100101111110000101011010010110110011001101000000010
1010001111001001111110110001010110010011110010110111011110001000000010
1010110110001100100111011100000100010010101010000101000001101000000010
1010101101011011110101000000011010101111101011100000101000101000000010
1011111011000101100001100001111010111000001011000110011010101000000010
1010111011000100011101011011000101110111001010010110010010000000000010
1010010111111110011110111000101100011111011111011111101010111000000010
1010100011001001001101001000010110011011110111110010011001000000000010
1010101111000001110000110001000110011111011001000111010101000000000010
1010000011111001010100010111000010100010001101010010101101101000000010
1011011011110011001000101011010011000110011011001011011011000000000010
1011010001000010101000001100101100010011000010011110110101100000000010
1011100110111010101010000001110111100111001001010000011101011000000010
1010010101111101010110101101101111001011111111011001110011100000000010
1010010111111011101000111110001010010011110110100111100001000000000010
1010010001010101001100011100010011101110000101001111110101011000000010
1011101111010010101010000011000110000111100001011001001100101000000010
1011011111001101001001000111100100010100111111100001100010110000000010
1010000001011111000000011011101010111001110011001011110111000000000010
1011110010100110101101011010100011101000011101110010110010001000000010
1011010101000100110101110110110110000111100110011110010011111000000010
1011111100000000011010000100010101101001111010100010101111110000000010
1010100001100101111111101011010010100001110110010001001100110000000010
1011111111000011101010100010001001000000011110011010100001111000000010
1010000110101111111011110011100010000100100101111100111101000000000010
1011111100000010100011000110111011101100111111011101101111000000000010
1010110000000001001001101001010110010100000001010001011100011000000010
1011111110000011001011100111010111000010101000011100111001111000000010
1011110111111000000110011000000110110100101101101111100100000000000010
1010011100000010111011101001111000111001011011001010101111111000000010
1011011010100010110011000100110111101101111111100010010011000000000010
1011111100101101001110110110110101111011111101001101110100011000000010
1011010010100001111010000110001110111101110000100100010110111000000010
1011100100111111111011000100111000101111011000101110111111101000000010
1010010110101100000111000110111010101110010101000110101101000000000010
1010101010001001011000101000010011101011000001010100111010001000000010
1010011000111100111010110001101100100100100000100100111011000000000010
1011100000000111100010011100011011011011100001111101101101110000000010
1011001100111010011111000110101100011001100100100111111110100000000010
1011001000001001001000001111111110000011011010100010100101110000000010
1011110000111010110010011100110010010100101001100111110110110000000010
1011011011011110000000001100100001100001110011000101110001110000000010
1010101100100001110100001110100101101001110111110011110010111000000010
1011000011011101011000010101110010011101110011111010010100100000000010
1011000010000110011000111010111101110000101011000100111110111000000010
1010010000000010010001111000100011100100110011000110011010100000000010
1011000010000001111000000010011011000011010011111111101111001000000010
1010001110100100101110001111110011000011101101010010110011010000000010
1011101100100100000111100001110111111000100011110111000100110000000010
1011100010100010010110011100001010110101011111001110110000001000000010
1011111100100110001011011000100010010100111001111010011010111000000010
1010101110100111010001001000000001011111001001101110011000111000000010
1010010011011000100111000001100000101101100011110011111101001000000010
1010111000000001111010011001010011010100101101101010111000011000000010
1011101101000100001100111111110011111111110111011000011011111000000010
1010000010010110110001110001011001101010010110001011000001111000000010
1011110011001000000111101100101110000001001011111011000100011000000010
1010010000010101101111101010110110111011101110000110101111011000000010
1010011001110000001000001110000001111000010111100010010011111000000010
1010011000000111010101110011110010100001100110110100110000010000000010
1010000101001110001110100010001011110100101111111100011001111000000010
1011001010110000111010011011101110101101100000110101001000110000000010
1010011001110101110000010100111010111010110011011011001101111000000010
1010100011110010111101110011010000101111100000100100010100110000000010
1011000101101101000010011011011110000101010001100000000000101000000010
1011010011100100100000001100100000000010010101011101111100000000000010
1011110001110011001001010101110111110101000111101111010101001000000010
1010001100010101011101111001110000101111000111111110001000101000000010
1010010001111101110111010100000011110101010000101001011000001000000010
1010101111111110100001100010011110010110000101001111110011010000000010
1011100000001001000010110111111001110111101011110000110101111000000010
1011001000000110001110110010011001111000111101000111110000010000000010
1010000101010011011010010101010101010100100110001100100010010000000010
1011001111010010101010100000111011000010000111101010100111101000000010
1010100111000010000000010000110001111000111010010110110001110000000010
1010110001011110011010001001100110011011011111001000101110001000000010
1010100110001010010110010110011010010100100101000011100110010000000010
1011011111100001001101011101001110010111000000110000010101101000000010
1011001001001010100001110000110111010011010001110010111111101000000010
1011011011010101111010000001110100111111111010001010110100111000000010
1010111001000100111110110110101011110110011111000110000100011000000010
1011110011101101010010010111110000111010111111111000011101101000000010
1010001010100010111001110010000111110101001100001110111010110000000010
1011011000110101100100001100100100110110111010011000111111110000000010
1010001100001000000101101010111011101100011001111111111010011000000010
1011111111110001000001110010100001001111101001000000110000100000000010
1011011110010010111110100001101010110001000010101110101111111000000010
1010000000000100100100101000010011000110100000010000110010100000000010
1010001111111000000001000101001010000000110010110001001011101000000010
1010001011010101100110111010111011010111110111111110011001111000000010
1011011011110011110000100111000111100001000000000111111110111000000010
1010010000111110101110010011001010110100110111011100010111010000000010
1010100000100101010100100101111010011001000001100000110101101000000010
1011101001100001000000000001000110110011110001011000100101000000000010
1010011010111010001011001111011001100001011111001101011100110000000010
1011110001110111000101010111000101000111100111101011110010001000000010
1010100001001001011010010000101001101010001101100100110101101000000010
1010010001100010010101110000100101000100110100110001110100010000000010
1011001100111011000100000100001111100111001011011110000011111000000010
1010000101001110001000000111000001000001101100101011111110101000000010
1010110101010110000111110101100101001011111011001010111000100000000010
1010000101110000010100001100000001011100111010111001001111110000000010
1011000110101001001110011100001111111111101111111100000010011000000010
1010010011001111100100011110011010001111110100000101101011111000000010
1010000010001101010100001001000001101111101011000111000101100000000010
1011000011101000101100000101001000100000110011011001001111011000000010
1011110101101101100010001110101100001000110011110001000010000000000010
1010101010010110100111000101101000010000000010100001010101000000000010
1011101110100110010110000000110001100111011111100111111011011000000010
1010110101101000011011110101101001111000001110001010001110100000000010
1010010011111010110010111111001011011000000001101110001111110000000010
1011101101101000001000101011110101000111101001001011010110101000000010
1010111000100101110000010110000001000100101001001100101001111000000010
1011110000011001011111110010000100111101001000101111011000001000000010
1010111111000001001110110111010101010001000011101011101110111000000010
1011001111010000011101000100001011101000100101100101011001100000000010
1010010100101010101011110110010111111011100000111111011000001000000010
1011010000000001001011101110110000000011010001111011010110000000000010
1011100100101101111001101111011000000011001001110010111111011000000010
1011000010111001101011011110000101110100100010000111000110000000000010
1011010100001011000010111100100101110101110000010100010010101000000010
1010011000110101001011001111100000011110001000110111011000111000000010
1010100000010101111011011010010000110101101000101111100110101000000010
1011010111000011101011011011010101111010100111011001101111011000000010
1011101001010001100100100111010010101111110111100011110101100000000010
1011001001100010101000101010111000110011010000111111111011001000000010
1011111001110011100010011010010100101111110001010111100110100000000010
1010010101101000100011110011100100010001110100001000100001011000000010
1010100011100000000101010111110001001101110111000101000100000000000010
1010000101100011000100100111111010011001110000011001111110101000000010
1010110110101101001100011001100110001010100000101110001100100000000010
1010111111101000011110011001111010000110100111011010110111000000000010
1011001111100110111100001010101001011011100110010110000101100000000010
1011100001001000000010000110011110000011110010010110110000110000000010
1010101111001001000111000010011000001000110100011101001100101000000010
1010011101000000111000101100110011000100010000000001101000101000000010
1011000110111010010000010010000100111001001101010100000110110000000010
1010010001011000111000010110010001101111001111111111010010100000000010
1011001001110111011100101000011000100110011001100010011010011000000010
1010110001001111010110010010100110011100101011001001001101010000000010
1010110000001100001001110111011101000101001110001101101010010000000010
1010011011101000101110000111111101010101011011111011110110011000000010
1011010011100101100110001001000011101011000010001110011011011000000010
1010110110011001001101011001001110011010101011011011101011011000000010
1010101110101001011001010111001101101100011111000111101011001000000010
1010111110010000011101010100001111111010001110110011011000000000000010
1011111001100010101100011011001001111010100100101110110001001000000010
1011011110100111001000010101011110110011011100110101111111010000000010
1011000101010001110110010011010001111110010111100111010011111000000010
1011100111010000010111000111101101000110010111010101110001100000000010
1011001101100011000000100100010000110101011000110011100110100000000010
1011111010000110000100100001111110110010011101010111100010101000000010
1010101101100010100101100100101110011000000111101011011101001000000010
1010100000101110011111110011111010000010111011011011110011111000000010
1010110000100111100001100010000001000101010000100010101010001000000010
1010101010000110000000101000010110101000110111110010100110001000000010
1010011111011100100100100101101100101111010010110011111101101000000010
1011001010110101001010010101001001000100011111000010100110011000000010
1011111010101000110001001000010101011001011111110110010100110000000010
1011101110001000111000001001101111110100110111111101011001111000000010
1011010000100100101010101100101000001100110101010010111001011000000010
1010010111111101001011110100000100001001011110111001101101001000000010
1011101001001001111110101001101101001110100100001000111010111000000010
1010110001010011100011101000001011011010111110010011100110011000000010
1010001010010101001110000101110110100111101011010110100110011000000010
1010111001001101011010110001100001010001111010000110000110000000000010
1011001110011110100110111000101110001010110010101100101011101000000010
1011000110111000100011010000011111101011101100110011100010110000000010
1010000111101010100100100110110010100111000111000011110100110000000010
1010000000101000101111000000100100001000100100011110100101010000000010
1011001100111111001000100100011110101001100101001001111011111000000010
1010110100100010110010001001001110010110001011100110000110001000000010
1011000100001100100101100011111101100101101011011111110100111000000010
1010011110100111101011111011001111010000110001010111111110011000000010
1011001111011110011010001100000001100011010111110110010010001000000010
1010001011101101101110100100101011101100011011011001111000110000000010
1010000110100100100100000000001000101001010111000111111010100000000010
1011110111101101001010111000000111000001100111010011011001011000000010
1010000000111101010110000011100011101000111001010100110011111000000010
