1011001010101010000000000101111100000000000000000000000000000000000010
1010110000101000111110100100010101000000000000000000000000000000000010
1010101100001100011111000110000111100000000000000000000000000000000010
1010100110011100000101101001101001000000000000000000000000000000000010
1010111101101101111000010011011011100000000000000000000000000000000010
1010010100100010001010101000100101000000000000000000000000000000000010
1010100110100000000100101011010110100000000000000000000000000000000010
1011111110101101101101111000001100100000000000000000000000000000000010
1010010011111000010110010011001110000000000000000000000000000000000010
1011011001101010011010000110001010100000000000000000000000000000000010
1010101000001101010000101000111101000000000000000000000000000000000010
1010110010001110000000111110001100000000000000000000000000000000000010
1011001101100000010010001110111001100000000000000000000000000000000010
1010000101111001010111101110100111100000000000000000000000000000000010
1010110100100000001111001000111101100000000000000000000000000000000010
1011100110101001010111100000011100100000000000000000000000000000000010
1010000111111001100111111111010001000000000000000000000000000000000010
1010101001001000001010001001011110000000000000000000000000000000000010
1011011001110100110000100101111101100000000000000000000000000000000010
1011010010000110001010100100000110000000000000000000000000000000000010
1010111110010011001010011010011101100000000000000000000000000000000010
1011011000101110000011110000000001000000000000000000000000000000000010
1010001100010110110010010001011110000000000000000000000000000000000010
1010100100010000010001110110000100100000000000000000000000000000000010
1010101110010001010110001100000110000000000000000000000000000000000010
1010101111010110110001100001001110000000000000000000000000000000000010
1010011001100010101001111100110100100000000000000000000000000000000010
1010100101110100100001111100101011100000000000000000000000000000000010
1010010100100100000001110101101101000000000000000000000000000000000010
1010011110000001000110101001001010000000000000000000000000000000000010
1010000001000000111000001010001100100000000000000000000000000000000010
1011111100001011110011101110111101100000000000000000000000000000000010
1011101111101011110010011101011100100000000000000000000000000000000010
1010100111010010001111111010001101000000000000000000000000000000000010
1011011100101110010010001111100110100000000000000000000000000000000010
1010101000100110000010101111001000000000000000000000000000000000000010
1010001100111110110101101111011001100000000000000000000000000000000010
1011010000000010001011000010001010000000000000000000000000000000000010
1011101101110111110100001001000011000000000000000000000000000000000010
1011010010010111001100000000011010100000000000000000000000000000000010
1011001001001011100000110100000001100000000000000000000000000000000010
1011000001000001001101100100111001000000000000000000000000000000000010
1010000001101000100000011001111110100000000000000000000000000000000010
1010101010110011101010101001111001000000000000000000000000000000000010
1010011101101001010010000100001010000000000000000000000000000000000010
1010011000101010110111010010110110000000000000000000000000000000000010
1011000001001110101111011001000010100000000000000000000000000000000010
1011010000011000001110111110111010100000000000000000000000000000000010
1011111111000011010011111100111111100000000000000000000000000000000010
1010100011011001001011011000000110100000000000000000000000000000000010
1010001101011101101100011001110011100000000000000000000000000000000010
1011111000011010110111001101111011100000000000000000000000000000000010
1011100011101011110010110101111111000000000000000000000000000000000010
1010011100000000001110010111011110000000000000000000000000000000000010
1011000000010100110111001001011010100000000000000000000000000000000010
1010100110111100000010101111100011000000000000000000000000000000000010
1011011011010001101010101101110011100000000000000000000000000000000010
1011100101100011001010011010011101100000000000000000000000000000000010
1011110101000010100000010000011011000000000000000000000000000000000010
1011111101011000101111100011011000000000000000000000000000000000000010
1010011011000010000100110111001101000000000000000000000000000000000010
1010101000100110000101110010100010100000000000000000000000000000000010
1010100000101100010011111001011010100000000000000000000000000000000010
1011000111110000110010101111011010100000000000000000000000000000000010
1010110011001110001010010111100101100000000000000000000000000000000010
1010101001100010001001010010010101100000000000000000000000000000000010
1010010010000011111011111011111100000000000000000000000000000000000010
1011101111000000101000001101001010000000000000000000000000000000000010
1010100111000000000000110110111010000000000000000000000000000000000010
1010011100111000010110110110101111100000000000000000000000000000000010
1010010000101010000011110001001100000000000000000000000000000000000010
1010010010111100110010110001001110000000000000000000000000000000000010
1010010001000111111000011001001111100000000000000000000000000000000010
1011110001100000000011010110111110000000000000000000000000000000000010
1011000000010111010011100100100110000000000000000000000000000000000010
1011111001000011001001110101000000100000000000000000000000000000000010
1010110001011001001011111011110111000000000000000000000000000000000010
1011000101101000111101110100110001100000000000000000000000000000000010
1010010100101011111111110000101011000000000000000000000000000000000010
1010010100011010000010101011000000100000000000000000000000000000000010
1011011000000100100101000000100110100000000000000000000000000000000010
1011001101010000000011011010010110000000000000000000000000000000000010
1011000110101000100100100100011111000000000000000000000000000000000010
1011010111100011010011000011100101000000000000000000000000000000000010
1010110110011011001011101000010101100000000000000000000000000000000010
1010100111010001011101111011001000000000000000000000000000000000000010
1010101000001011101000001001110110000000000000000000000000000000000010
1010011100011000101011101111011100000000000000000000000000000000000010
1010101010010000000010010000100010100000000000000000000000000000000010
1010000000100101110011000000110111000000000000000000000000000000000010
1011000101000111010010000111011111000000000000000000000000000000000010
1010101101011010000011011001101111100000000000000000000000000000000010
1010011100010011001111111010011100000000000000000000000000000000000010
1010001111010011001001010010000100000000000000000000000000000000000010
1010001010000000000010001011100011000000000000000000000000000000000010
1011000101101011000000110111100010000000000000000000000000000000000010
1010001010010010000111111110100101000000000000000000000000000000000010
1011011111000100110111010010001000000000000000000000000000000000000010
1011000100100000111111000000100001100000000000000000000000000000000010
1011000100000001000100110111101000000000000000000000000000000000000010
1010110111001100000110111110111110000000000000000000000000000000000010
1011000111010100110111110010110100100000000000000000000000000000000010
1010001000001100101011010011101100100000000000000000000000000000000010
1011000011110111011010011011011110100000000000000000000000000000000010
1011110010001001111110101101111100100000000000000000000000000000000010
1011100001010011011100000100001110100000000000000000000000000000000010
1010001100010111001111000100000101000000000000000000000000000000000010
1010110001001000100111010100111111100000000000000000000000000000000010
1010001010011110101111001100001110100000000000000000000000000000000010
1011110110011011011101110101110101100000000000000000000000000000000010
1010011100010111100100000001110000000000000000000000000000000000000010
1011001111101011010011011010010001000000000000000000000000000000000010
1011000000011100111100110010001111100000000000000000000000000000000010
1011100000001101101100011100101001000000000000000000000000000000000010
1011000111010001001001011111111011000000000000000000000000000000000010
1011000000001100100011111011111000100000000000000000000000000000000010
1010111110010110111100111100111011100000000000000000000000000000000010
1010000000100011111111110111110101000000000000000000000000000000000010
1011011010101000001100101011110000100000000000000000000000000000000010
1010011101001010100101100010000110000000000000000000000000000000000010
1011001010000000010001111101010101000000000000000000000000000000000010
1011011111011011011100000000110100100000000000000000000000000000000010
1011000101011101101101101100111101000000000000000000000000000000000010
1010001000111110100000111011111010000000000000000000000000000000000010
1010111011010011000100101000011011100000000000000000000000000000000010
1011011110001101011100110001111101100000000000000000000000000000000010
1010011011111111101010110001100010100000000000000000000000000000000010
1010001100001001111100111110001011000000000000000000000000000000000010
1011001010100100010011111101100100000000000000000000000000000000000010
1011100011010111000011000101000100100000000000000000000000000000000010
1010000100001111001011111101010110000000000000000000000000000000000010
1010001001011000100101111001001110100000000000000000000000000000000010
1010110000111111011000110011001110100000000000000000000000000000000010
1011110011001100101000011011111011100000000000000000000000000000000010
1010100111110001100100110000111101000000000000000000000000000000000010
1011101110100000101000001110001010100000000000000000000000000000000010
1011011000001110111101101010110100000000000000000000000000000000000010
1010011001000111001001111101111001100000000000000000000000000000000010
1011010010101100101110011100010111000000000000000000000000000000000010
1010001100000100111001110101000000100000000000000000000000000000000010
1011111101100010110000110101101010100000000000000000000000000000000010
1011110001110011101101110011101111100000000000000000000000000000000010
1010100000110000101111101011110100100000000000000000000000000000000010
1010100100110100011110110111001100000000000000000000000000000000000010
1011000100010011000111110000011111100000000000000000000000000000000010
1010110101100001000110101001001111100000000000000000000000000000000010
1011010000110000000000111100100100100000000000000000000000000000000010
1011110001001111001101001101001001000000000000000000000000000000000010
1011101100110001111011110000111110000000000000000000000000000000000010
1011100001011010100100000001110111000000000000000000000000000000000010
1010111010110011001100110000111110100000000000000000000000000000000010
1010100111001000100011000111101100100000000000000000000000000000000010
1011100100000111000010100110110101100000000000000000000000000000000010
1010111100110101011011110010011101100000000000000000000000000000000010
1010111001001001001100111001100011000000000000000000000000000000000010
1011101101101101010111111100011101100000000000000000000000000000000010
1010111100010001011101000100110010000000000000000000000000000000000010
1010010011011110110110001001011011000000000000000000000000000000000010
1011011100010010101100100011110010100000000000000000000000000000000010
1010011100100110110011000111010110000000000000000000000000000000000010
1010001011110111001011101101100001100000000000000000000000000000000010
1011010100110001100101111010001100000000000000000000000000000000000010
1010101110011101011111000001100110100000000000000000000000000000000010
1010001000100010000101011110000100000000000000000000000000000000000010
1010011000010001101011010111011110100000000000000000000000000000000010
1011000011001010100011111100001011100000000000000000000000000000000010
1010001011010111110100101011101001100000000000000000000000000000000010
1010001110000001100111001101100110000000000000000000000000000000000010
1011111000110010011011011100101100100000000000000000000000000000000010
1010010000111010011011001110100101100000000000000000000000000000000010
1010001010001100010111110100100111000000000000000000000000000000000010
1011100111110110100100000111000010000000000000000000000000000000000010
1010111000000001101100100100000101100000000000000000000000000000000010
1011011100100111001001001111010110000000000000000000000000000000000010
1011010011010011111000010010111011000000000000000000000000000000000010
1011100100101101010111001100000111100000000000000000000000000000000010
1011101001101000011010010110111011100000000000000000000000000000000010
1010110100011010000110000011000101100000000000000000000000000000000010
1010101111100110001001111010110111100000000000000000000000000000000010
1010111100110011101000001011011000000000000000000000000000000000000010
1011111110100010110101101011001101000000000000000000000000000000000010
1011010100011010011011001110100101000000000000000000000000000000000010
1011010110110010101011111010100010100000000000000000000000000000000010
1010010010100001000111110110110001000000000000000000000000000000000010
1011101110000100001100111000000011100000000000000000000000000000000010
1010010010000010111010111000000101000000000000000000000000000000000010
1010100010000101010101110011111010000000000000000000000000000000000010
1010111110010111111100000101111001100000000000000000000000000000000010
1011010111011000011010010110111011000000000000000000000000000000000010
1011110101010111111000011010110110100000000000000000000000000000000010
1011100101111000100110101111100011100000000000000000000000000000000010
1010010010110011110101110111111100000000000000000000000000000000000010
1011111111101100100100101001101010000000000000000000000000000000000010
1011010111100010000000010011110101100000000000000000000000000000000010
1010001001011111000101111001110111000000000000000000000000000000000010
1011011110111010100010101010111000100000000000000000000000000000000010
1010111110100010011011101011010101000000000000000000000000000000000010
1011101100110010011000100100111111000000000000000000000000000000000010
1010001111111100111010001111100111100000000000000000000000000000000010
1010111101110000100110001010110010000000000000000000000000000000000010
1011100010111111110011101101110111000000000000000000000000000000000010
1011110000001100111110110101111100100000000000000000000000000000000010
1011000001011001000100101010000011000000000000000000000000000000000010
1010110010110010110011101000010101100000000000000000000000000000000010
1010011011101001011110101001110101000000000000000000000000000000000010
1011110101110000111001010100011010000000000000000000000000000000000010
1010001101110100100111101001101100100000000000000000000000000000000010
1011111011001101001100010011001101100000000000000000000000000000000010
1011111000010010111011011111101010000000000000000000000000000000000010
1010011010001001110110100101000010000000000000000000000000000000000010
1010000000000011101110111111011001100000000000000000000000000000000010
1011110010111010110011100001011110100000000000000000000000000000000010
1010110111110111111000001000011001100000000000000000000000000000000010
1011111011011001101110000000011011100000000000000000000000000000000010
1010111001001110000101000111111100100000000000000000000000000000000010
1011100001111001110000101011101011100000000000000000000000000000000010
1010111000001010101101011111100011100000000000000000000000000000000010
1011010000111101011111110111001001100000000000000000000000000000000010
1010111001101000111110111111000001000000000000000000000000000000000010
1011111001001011011110110000110111000000000000000000000000000000000010
1011000000110010111010000110110101000000000000000000000000000000000010
1011000011000000001010110101011001000000000000000000000000000000000010
1010010000000100010111000110010100100000000000000000000000000000000010
1010001101010100000001111011011100100000000000000000000000000000000010
1010110110110110001111111111111101100000000000000000000000000000000010
1011000110110011010000001101101001100000000000000000000000000000000010
1010010000010001110111101001110101100000000000000000000000000000000010
1011011010001100001011010101100001000000000000000000000000000000000010
1011001100100011100010010011111110100000000000000000000000000000000010
1010111001111110100111000001000001100000000000000000000000000000000010
1011101100101110100000101111001110100000000000000000000000000000000010
1010001110000010000011011000100001100000000000000000000000000000000010
1011000000011111000000110100000011000000000000000000000000000000000010
1011010011100101010001000011001011100000000000000000000000000000000010
1011110101011000110110010101011011100000000000000000000000000000000010
1010101101001111000000110000001001000000000000000000000000000000000010
1010000010000001010101011100101110000000000000000000000000000000000010
1010011000101000101111000011111111100000000000000000000000000000000010
1011001100011001001010000111010101100000000000000000000000000000000010
1010111100011010100101011001111110100000000000000000000000000000000010
1010110101010100001000100001011100000000000000000000000000000000000010
1011000110000010010101101111110100000000000000000000000000000000000010
1011011100111100000000110011010110000000000000000000000000000000000010
1010000010101010101100100010011011100000000000000000000000000000000010
1010110010101011010100111111111011000000000000000000000000000000000010
1011100011100010110101110100001011000000000000000000000000000000000010
1011001101000100011011011100010010000000000000000000000000000000000010
1011000011011000111101111100011110100000000000000000000000000000000010
1010000101010111101000100100000100100000000000000000000000000000000010
1011001100001110100011001110101111100000000000000000000000000000000010
1010010100111001101100110011111001100000000000000000000000000000000010
1010111111011110100000011100111011000000000000000000000000000000000010
1010111000011001100000111000110010000000000000000000000000000000000010
1010110111011011100001011001101011100000000000000000000000000000000010
1010011000100101100010101001011101000000000000000000000000000000000010
1010100001001101011001111001110000100000000000000000000000000000000010
1010001111011100100001010000010100100000000000000000000000000000000010
1011010001010001001010101000000000100000000000000000000000000000000010
1011111111000101111111101100111111100000000000000000000000000000000010
1011100011010110011100101011000000000000000000000000000000000000000010
1010110100011011011010100101100010000000000000000000000000000000000010
1010001101011000100010001001100101100000000000000000000000000000000010
1011011001100101100010001110111010100000000000000000000000000000000010
1011010100000001000111000101010000100000000000000000000000000000000010
1011111001110101011010110101000000000000000000000000000000000000000010
1011000011010001001100101100001010100000000000000000000000000000000010
1010010101000111110011011010100100100000000000000000000000000000000010
1011100101110011000000001001000010100000000000000000000000000000000010
1010010011101010010111010100100111100000000000000000000000000000000010
1010111111001000111000010100110100100000000000000000000000000000000010
1010000101110100110110010000100000100000000000000000000000000000000010
1011101111001001101111110111010000000000000000000000000000000000000010
1010001001011100001110110010110100100000000000000000000000000000000010
1010111010010001010000101111001101100000000000000000000000000000000010
1011110001011100010011010110100111100000000000000000000000000000000010
1010100001000111001111110100110110100000000000000000000000000000000010
1010100111000101110100100010011010000000000000000000000000000000000010
1010010010000100010111110101001001000000000000000000000000000000000010
1010000101111000001111001101011011100000000000000000000000000000000010
1011111001100100111001111110000010100000000000000000000000000000000010
1011110011010000100011100001101101000000000000000000000000000000000010
1011000010010111111110011001010100100000000000000000000000000000000010
1011000111101110000000010100010101000000000000000000000000000000000010
1011010001011111100001011001110001100000000000000000000000000000000010
1010000111000011000100100001110001100000000000000000000000000000000010
1010100100111010001111111011101011100000000000000000000000000000000010
1011101011000000001110011101100010000000000000000000000000000000000010
1010111000100000000010110111000011000000000000000000000000000000000010
1011111001110001000011001111101010100000000000000000000000000000000010
1011100001100001101111000111110101100000000000000000000000000000000010
1011010011011110111111111001001101000000000000000000000000000000000010
1010101101100101100101110110110101000000000000000000000000000000000010
1010010001100011101011001110101111100000000000000000000000000000000010
1010000001010111000011011010101001100000000000000000000000000000000010
1011011001111011110010011101011000100000000000000000000000000000000010
1010100000011010100010010000011010000000000000000000000000000000000010
1011010000001010011001011010010101000000000000000000000000000000000010
1010011100111000101110010100111100000000000000000000000000000000000010
1010010100011100010000100000111100000000000000000000000000000000000010
1011001011110101001000101000110001100000000000000000000000000000000010
1010000011101000110010100001010001000000000000000000000000000000000010
1010000000001110101001011100001001100000000000000000000000000000000010
1011000000001011111010101001001100100000000000000000000000000000000010
1010111111001000101011010010111010100000000000000000000000000000000010
1011111101011000000101001101110000000000000000000000000000000000000010
1010000100001101111001101000111000100000000000000000000000000000000010
1010001000010100100111100110110100100000000000000000000000000000000010
1010100100011100001000100010011100000000000000000000000000000000000010
1011110111010000011000001101011010100000000000000000000000000000000010
1011101111000111011010011101100001000000000000000000000000000000000010
1011000100011100011001001101011000100000000000000000000000000000000010
1010011000000111110001000111101110100000000000000000000000000000000010
1010100001110011011100000000011100000000000000000000000000000000000010
1011101101010011001110000100011101100000000000000000000000000000000010
1011001101111000010010001111110001000000000000000000000000000000000010
1010110100010000001000100011100110000000000000000000000000000000000010
1010110110100110111110110000000011100000000000000000000000000000000010
1011000111001101001110001001101001100000000000000000000000000000000010
1011110010001010100011100111101000100000000000000000000000000000000010
1011100111100000111010101101111110100000000000000000000000000000000010
1011110011011010100001110101110100100000000000000000000000000000000010
1010000011001011010111000000101100100000000000000000000000000000000010
1011010110111000000101110111111010100000000000000000000000000000000010
1010111000001010000001000011101110100000000000000000000000000000000010
1010000100111001010000100101110101100000000000000000000000000000000010
1010000001111001110110011100100110100000000000000000000000000000000010
1011101000110011001101011100011101000000000000000000000000000000000010
1010111011100011000110101001110100100000000000000000000000000000000010
1011110100111010100011000011101110000000000000000000000000000000000010
1011000111111000111010001111111001100000000000000000000000000000000010
1011110001000101100001111101011001100000000000000000000000000000000010
1010111001101011010111011111101010000000000000000000000000000000000010
1010010100001000000101111101010010100000000000000000000000000000000010
1010111110110110110101101111101101000000000000000000000000000000000010
1010101010101110101101101110111011000000000000000000000000000000000010
1010010011001010011100101001101111100000000000000000000000000000000010
1010010010000110010011010010100110100000000000000000000000000000000010
1010011010101100000000000101000001100000000000000000000000000000000010
1011001010110101110001100111111000100000000000000000000000000000000010
1010011011010100111000101111110101100000000000000000000000000000000010
1010010101000100101100010100110100000000000000000000000000000000000010
1011110110110100100011001011001100000000000000000000000000000000000010
1011101101101011000110100010111111000000000000000000000000000000000010
1011010010100100010101110001110011000000000000000000000000000000000010
1010010110101010011101000111101100000000000000000000000000000000000010
1010010100101001101101011001110010000000000000000000000000000000000010
1011000000001001001010011011101110100000000000000000000000000000000010
1011101010000101111111110000001110100000000000000000000000000000000010
1010100001000110110111101110101111100000000000000000000000000000000010
1011111110011000110110100010111000100000000000000000000000000000000010
1010101101101000011110110110010110000000000000000000000000000000000010
1011001100010111110001001011100111100000000000000000000000000000000010
1010000100011001000011011101001001000000000000000000000000000000000010
1010101101001110101110010010111100100000000000000000000000000000000010
1011010001100111001011100101100011000000000000000000000000000000000010
1010100000010100100010010010101000000000000000000000000000000000000010
1010100100010011111111010010010110100000000000000000000000000000000010
1011010100111011101101000000110110100000000000000000000000000000000010
1011100111101001110110010011001010100000000000000000000000000000000010
1010110010000010011110110000000010100000000000000000000000000000000010
1011001111111010010100010000110111000000000000000000000000000000000010
1010100001101110101011010111111101100000000000000000000000000000000010
1011100010000100100100111111010110000000000000000000000000000000000010
1011100001011000000010111110011101100000000000000000000000000000000010
1010100100000000110011100001010110100000000000000000000000000000000010
1011011101101110111010000101111001000000000000000000000000000000000010
1011111001101001111010010110100011000000000000000000000000000000000010
1011001110101010111111001110010101100000000000000000000000000000000010
1011101011101110000110101001101011100000000000000000000000000000000010
1011001111110111111000111110111110000000000000000000000000000000000010
1011110110000101101011110111010110000000000000000000000000000000000010
1010100110010100010100001001101101100000000000000000000000000000000010
1010101110001110110011111111001100000000000000000000000000000000000010
1010010010100010010001101100100011100000000000000000000000000000000010
1010011100111101010011000101101010000000000000000000000000000000000010
1010110010001111110010101110010110000000000000000000000000000000000010
1011100110011001001101111011001011000000000000000000000000000000000010
1011011000111101100010011010110101100000000000000000000000000000000010
1010011000010100100110001100011101000000000000000000000000000000000010
1010100100100110010011100101100010100000000000000000000000000000000010
1011100000110000000111001111010101000000000000000000000000000000000010
1011010111101000001001001100110100100000000000000000000000000000000010
1011111110100100010100000111000110000000000000000000000000000000000010
1010010111111000010110111111110110000000000000000000000000000000000010
1011000100010000001101100101101111000000000000000000000000000000000010
1010110000001001100100001010001001100000000000000000000000000000000010
1010010100000000001011000111011001100000000000000000000000000000000010
1011100100011111000110111110001100100000000000000000000000000000000010
1010000110101000000010111001010001000000000000000000000000000000000010
1010010111101010001101011010110111000000000000000000000000000000000010
1011100111101100011101011101110000000000000000000000000000000000000010
1010101001110100000111001010000001000000000000000000000000000000000010
1010010000010101100001000100001101100000000000000000000000000000000010
1010101100010010000100110111100001000000000000000000000000000000000010
1011000000001100010010010101101011100000000000000000000000000000000010
1010110110001111110101011100101010000000000000000000000000000000000010
1011010100110000100111011011111010000000000000000000000000000000000010
1011010010110100011000100001101100100000000000000000000000000000000010
1010000111000000011110000000110000100000000000000000000000000000000010
1011101010101100101100111101011011000000000000000000000000000000000010
1011110110110101011000110001101101100000000000000000000000000000000010
1010000011100001000111110111001001000000000000000000000000000000000010
1010110101100100001010111110001001000000000000000000000000000000000010
1011100110110111011011000000100100000000000000000000000000000000000010
1010011110100010000100000011010110100000000000000000000000000000000010
1010001101001000010000110011011010100000000000000000000000000000000010
1010011101011110001000000001010111100000000000000000000000000000000010
1010000001000110101011110001001010100000000000000000000000000000000010
1011101100000010010110101001010001100000000000000000000000000000000010
1011010011011101000101111000100100000000000000000000000000000000000010
1010000010000100101000110011100000000000000000000000000000000000000010
1011110010111010001110010010011111100000000000000000000000000000000010
1011111000000010001110100111000000000000000000000000000000000000000010
1010100100001110011010100000010110000000000000000000000000000000000010
1010010001110100011001001011000111100000000000000000000000000000000010
1010111110110111101000011000111010100000000000000000000000000000000010
1010001000111111011111001001101010100000000000000000000000000000000010
1010000010101011110001110000100010100000000000000000000000000000000010
1011011111101111100111101011101011000000000000000000000000000000000010
1010100000011100000100110100001111000000000000000000000000000000000010
1010011011010010010111101101110111100000000000000000000000000000000010
1010100100010111101011110010010001000000000000000000000000000000000010
1010001111000100001111001101010101100000000000000000000000000000000010
1010000010111011001110010100000000100000000000000000000000000000000010
1010000000001001101100011111011010100000000000000000000000000000000010
1010011100011010111001010001000111000000000000000000000000000000000010
1010110000111100010110111000001101000000000000000000000000000000000010
1010100010001011001011111111011011100000000000000000000000000000000010
1010001001000000011010010010110101100000000000000000000000000000000010
1010000001000100100000111100000000100000000000000000000000000000000010
1010101111100110101010111110100010100000000000000000000000000000000010
1010110101011111011110110100000101000000000000000000000000000000000010
1011001101101110100111111110111110100000000000000000000000000000000010
1011100001000001010000111101010011000000000000000000000000000000000010
1011110101111000100100011110001101000000000000000000000000000000000010
1010100101110001101101010001110101100000000000000000000000000000000010
1010111100100111100011001110110011000000000000000000000000000000000010
1010001000000000111001011101010101000000000000000000000000000000000010
1010011010011111000011000110101110000000000000000000000000000000000010
1010011111000111101110010110011111100000000000000000000000000000000010
1010111011010100011111010010001000000000000000000000000000000000000010
1011100000111110100100111101001011000000000000000000000000000000000010
1011100101011010010111101000110001100000000000000000000000000000000010
1011100101011010000110010111111100000000000000000000000000000000000010
1011001100100010001100001110000000000000000000000000000000000000000010
1010101010101010011000001101101010100000000000000000000000000000000010
1010001100011100000110111010011101000000000000000000000000000000000010
1011000101011011100010011100110111100000000000000000000000000000000010
1010110010010001001010000001101111000000000000000000000000000000000010
1011100100111000010101001010011000100000000000000000000000000000000010
1011010101111001110111000001001011100000000000000000000000000000000010
1010101001000001100111111011001001000000000000000000000000000000000010
1010110100100111001010110001101001100000000000000000000000000000000010
1011011100110001011010101010000011100000000000000000000000000000000010
1011100101101001100000001010100111000000000000000000000000000000000010
1010011101001100011011111001101101100000000000000000000000000000000010
1011011100000000100100000101011011000000000000000000000000000000000010
1010001000110000010101110101010101100000000000000000000000000000000010
1010111100100010111001011111001000000000000000000000000000000000000010
1011101110101001001011110011010010000000000000000000000000000000000010
1011001001011101000101000011001010000000000000000000000000000000000010
1011110110111000010111111011111000100000000000000000000000000000000010
1011000011100001010111101011001111000000000000000000000000000000000010
1010100010011111110111110011001010100000000000000000000000000000000010
1010000001001111010100100011010100000000000000000000000000000000000010
1010011010110101111000000010001011100000000000000000000000000000000010
1010100001110110101100010000101111000000000000000000000000000000000010
1011000011000011010110111111000110000000000000000000000000000000000010
1011001101010111001100101101111010000000000000000000000000000000000010
1011111101100100111010111010000001100000000000000000000000000000000010
1011111100000000000110011100011000100000000000000000000000000000000010
1011110000011011011001111110100001100000000000000000000000000000000010
1011010000100010100010110111000000100000000000000000000000000000000010
1010000110100111010110000111011110000000000000000000000000000000000010
1010110010000010100011101111101010000000000000000000000000000000000010
1011010000000111011000001010010111100000000000000000000000000000000010
1011010000100110101010010000100010100000000000000000000000000000000010
1011010111000001011111111101110001100000000000000000000000000000000010
1010001101101000001101011110101100000000000000000000000000000000000010
1011101011111001110001111111111100000000000000000000000000000000000010
1011111011100010111111001110001100100000000000000000000000000000000010
1011111111101100101000100010110100000000000000000000000000000000000010
1011101000001111000100110101101001100000000000000000000000000000000010
1011110000010100111110100001010101000000000000000000000000000000000010
1011001110101000010100100011110100100000000000000000000000000000000010
1011010110001001111111110110100001000000000000000000000000000000000010
1010001100101101001010111011110001100000000000000000000000000000000010
1011101000101000100101010000011011100000000000000000000000000000000010
1011101111000110011001011100011011000000000000000000000000000000000010
1011011101100001101111100001100010100000000000000000000000000000000010
1010000000010010101010011101100001100000000000000000000000000000000010
1011111010111110001000101100101101100000000000000000000000000000000010
1011101011100100101010110001110011100000000000000000000000000000000010
1011010100001001000010001001100011000000000000000000000000000000000010
1010000110010101000101011010010110100000000000000000000000000000000010
1011111000001001001000111001001011100000000000000000000000000000000010
1010111100101011101100101100010010100000000000000000000000000000000010
1010100001000010000011111101100101000000000000000000000000000000000010
1010111110011001101011100110111000000000000000000000000000000000000010
1011001010110011100000001111010110100000000000000000000000000000000010
1011001011001111000100000001100110100000000000000000000000000000000010
1010110101000001000010011010111001100000000000000000000000000000000010
1011000101111101100001001001110110100000000000000000000000000000000010
1010110000011011011000010100010011100000000000000000000000000000000010
1011010110111111101110001100111111000000000000000000000000000000000010
1010000100100001111011111000001111000000000000000000000000000000000010
1011000110111010100101100110111110000000000000000000000000000000000010
1010001000010100011111110111011100100000000000000000000000000000000010
1011010100110011101111101001110000100000000000000000000000000000000010
1011011110100011001100101010101001000000000000000000000000000000000010
1011101001000010101011111100100101100000000000000000000000000000000010
1010010000010111101100011000110011100000000000000000000000000000000010
1011101110100100010000101110100011000000000000000000000000000000000010
1011101101110000010100011100001001100000000000000000000000000000000010
1011101101000011101011111110110010000000000000000000000000000000000010
1010110000101011100011101001100100100000000000000000000000000000000010
1011101101011010110001001110101100100000000000000000000000000000000010
1011101101011010010100010010000010000000000000000000000000000000000010
1011101111111010011000101101101010100000000000000000000000000000000010
1010010000110001111101101100000111100000000000000000000000000000000010
1011110100000010000100100101111111100000000000000000000000000000000010
1011000111001011001011011110000100000000000000000000000000000000000010
1011100101001100001100010010000101100000000000000000000000000000000010
1010011110110111100011111111001110000000000000000000000000000000000010
1011000001110100111001000100011000100000000000000000000000000000000010
1011100110101001000001100000000101100000000000000000000000000000000010
1010111100000001001010100111100100100000000000000000000000000000000010
1010001001101011101101010101111010000000000000000000000000000000000010
1011110010111010001000001000011001100000000000000000000000000000000010
1010100000110010101100110110100111000000000000000000000000000000000010
1010011110011011111000101110010101100000000000000000000000000000000010
1010110011011000100110011100011110000000000000000000000000000000000010
1011101010011010101010110110101010100000000000000000000000000000000010
1010000110001001100101001101001011000000000000000000000000000000000010
1011100011010110011001010111000111100000000000000000000000000000000010
1010000001000101110000010000011011100000000000000000000000000000000010
1010111010110001001000011000101011000000000000000000000000000000000010
1011010110101011110110001100011000100000000000000000000000000000000010
1010110100011111010100001101000001000000000000000000000000000000000010
1011011011000001011111001000011001100000000000000000000000000000000010
1011100011000110011000110101101110000000000000000000000000000000000010
1010101001100101110010101100110100000000000000000000000000000000000010
1010100100100000000010100001101110100000000000000000000000000000000010
1010101011000111011101100101101111100000000000000000000000000000000010
1010010000111001000110001011100011100000000000000000000000000000000010
1011011010111111011111000001010011100000000000000000000000000000000010
1010101001011110110111110010001100000000000000000000000000000000000010
1011100101000100001111100010110100100000000000000000000000000000000010
1011101000010111110000010111101001100000000000000000000000000000000010
1011000010010011100101000000010011100000000000000000000000000000000010
1010111110011110010111010101000111100000000000000000000000000000000010
1011111010100101001011111101101010100000000000000000000000000000000010
1010100100100010110000100110110011100000000000000000000000000000000010
1010010100010011100001101010000010100000000000000000000000000000000010
1010101000001000001000010001001110100000000000000000000000000000000010
1010111001101010001111011010111111000000000000000000000000000000000010
1011010100110000000010010010000000000000000000000000000000000000000010
1010110101000101000001000011101010100000000000000000000000000000000010
1010101010111101000111001100111001000000000000000000000000000000000010
1011111000011010010001110110110010100000000000000000000000000000000010
1011100110001010110000110110110110100000000000000000000000000000000010
1010000010010100000110111011001101000000000000000000000000000000000010
1011101010111000001011110100110000100000000000000000000000000000000010
1010011100001010100001000001011110000000000000000000000000000000000010
1010100100000101001101110111100100100000000000000000000000000000000010
1011101110111100001110111110001001000000000000000000000000000000000010
1011101101011000101001101111011111100000000000000000000000000000000010
1010111001010000100000010110011011100000000000000000000000000000000010
1011101111011010110000111010000100000000000000000000000000000000000010
1011000000101001100010111010000101100000000000000000000000000000000010
1010000000010000010111001001011100000000000000000000000000000000000010
1011101001001100010001011111100010000000000000000000000000000000000010
1010000100111001011111011000100100000000000000000000000000000000000010
1010101000101000111010101111001011100000000000000000000000000000000010
1011110110010010010100111101110111100000000000000000000000000000000010
1011110010111001111010100010000001000000000000000000000000000000000010
1011101011010110111110101001101010000000000000000000000000000000000010
1010001000100010011110110111111010000000000000000000000000000000000010
1011110001110011111001011001111110100000000000000000000000000000000010
1011000100011000101000011011011001000000000000000000000000000000000010
1011001101101001001111101010000110000000000000000000000000000000000010
1010101010001100101111110111101010100000000000000000000000000000000010
1011011101100101101000011100100100100000000000000000000000000000000010
1010100010111000001000110110001010000000000000000000000000000000000010
1011001001000001001010111111111001100000000000000000000000000000000010
1011011100000010110111110110111111100000000000000000000000000000000010
1010010010001100101010101000001100100000000000000000000000000000000010
1010011001010001111010101001001101000000000000000000000000000000000010
1010101010000010001000100001001010100000000000000000000000000000000010
1011101110111000000100011000001001000000000000000000000000000000000010
1010010000011000100000110001000011000000000000000000000000000000000010
1011010010110100111011010011011110100000000000000000000000000000000010
1011101001110110101110111110101001100000000000000000000000000000000010
1010100010001100101111101111010001100000000000000000000000000000000010
1011110001001110010001100111011111100000000000000000000000000000000010
1010001010101101011110001011000100000000000000000000000000000000000010
1010100111110110010110100101001011100000000000000000000000000000000010
1011011011101000110011111100001000000000000000000000000000000000000010
1010101101111010100111110101011111100000000000000000000000000000000010
1010001111100100111111110110000100100000000000000000000000000000000010
1011110100100001100010001100101011000000000000000000000000000000000010
1010101011011100110101011001110001100000000000000000000000000000000010
1011010001010110101001110010001111000000000000000000000000000000000010
1011010000110110011100110100000111000000000000000000000000000000000010
1011100010101000000001010001011101000000000000000000000000000000000010
1010100000101100001000001110101001100000000000000000000000000000000010
1010110000000110100101001100101000000000000000000000000000000000000010
1010111111010011111101100110100001000000000000000000000000000000000010
1011100100100100001011100010101110000000000000000000000000000000000010
1010101010010100110111100010101010000000000000000000000000000000000010
1010110110010001011010010110101111100000000000000000000000000000000010
1010010110010001100101000001011110100000000000000000000000000000000010
1011010110011001001110100111010011100000000000000000000000000000000010
1010000010000100010001001010010001100000000000000000000000000000000010
1011001110111000010000000111001001000000000000000000000000000000000010
1010000111010001110101111111010101100000000000000000000000000000000010
1011001001011111000111101111001101100000000000000000000000000000000010
1011011100100100101100100011011010100000000000000000000000000000000010
1010100100111011100010001000111100000000000000000000000000000000000010
1010001110110010111101101011001100100000000000000000000000000000000010
1011000101010101101100111001111111000000000000000000000000000000000010
1011110110110000000101111000000110000000000000000000000000000000000010
1010000101111000000001011101110101100000000000000000000000000000000010
1010110101011001011001100000010011100000000000000000000000000000000010
1011011010110011001101110110011101100000000000000000000000000000000010
1010110111011000011000100011100010100000000000000000000000000000000010
1010001100101111100001000111110001100000000000000000000000000000000010
1011110000001101011100010111000100000000000000000000000000000000000010
1011011100011010001101000001110001000000000000000000000000000000000010
1011011100101100100011100010111000000000000000000000000000000000000010
1011001110011001000011010111101001100000000000000000000000000000000010
1010001001010111111101100100110101100000000000000000000000000000000010
1011010000000011011001000011010100000000000000000000000000000000000010
1011100101111110011101100011001010100000000000000000000000000000000010
1010011001011010001010011010100110000000000000000000000000000000000010
1011100111111101101110111111111001100000000000000000000000000000000010
1010101000010110001000111011011111100000000000000000000000000000000010
1011001010111010110001110100100000100000000000000000000000000000000010
1011010110111001111011010101110110100000000000000000000000000000000010
1010010011111101100110101101100101100000000000000000000000000000000010
1010011011001100100011111001110010100000000000000000000000000000000010
1011011101101010110101100001110110100000000000000000000000000000000010
1010001011000111000110010011100010100000000000000000000000000000000010
1011010110100110001001000110100011100000000000000000000000000000000010
1010001111101000000111001101000111100000000000000000000000000000000010
1010100110111001011011011100011010100000000000000000000000000000000010
1010010000101100001011011100011000000000000000000000000000000000000010
1010100011001110010000001010100101000000000000000000000000000000000010
1011100010110000010101001000101010100000000000000000000000000000000010
1010001111100001100011110010110010100000000000000000000000000000000010
1011010100100110101101001111011100100000000000000000000000000000000010
1010011100100110101101000011011100100000000000000000000000000000000010
1011111100100100000001101010110010100000000000000000000000000000000010
1010111110111101111011011011000110000000000000000000000000000000000010
1010101000101111100000101011101110100000000000000000000000000000000010
1010111010101011101100101001011001000000000000000000000000000000000010
1010001010111100101100011001011111000000000000000000000000000000000010
1010001111000000001011101011001000100000000000000000000000000000000010
1011111010010000100011100110001011000000000000000000000000000000000010
1011001010110100100101111101000010100000000000000000000000000000000010
1010010111100111110111111011111001100000000000000000000000000000000010
1010010001001100110000011110001011100000000000000000000000000000000010
1011101100010101001001100110100111100000000000000000000000000000000010
1010110011110001111010011011001001000000000000000000000000000000000010
1011100100100000000100110001010110000000000000000000000000000000000010
1010001101100010100110100101110101100000000000000000000000000000000010
1011001111100010101000110100010110000000000000000000000000000000000010
1010001110010011101101111001011011000000000000000000000000000000000010
1011110001101000010001101101110011000000000000000000000000000000000010
1010011111011100010010011010010011100000000000000000000000000000000010
1010100001001111010011100011111001000000000000000000000000000000000010
1011011011010100001100101100011011100000000000000000000000000000000010
1010010000010111001111111000011111100000000000000000000000000000000010
1011100100010000100000101101111110100000000000000000000000000000000010
1010101010010001010100101010111101000000000000000000000000000000000010
1011011000111010000011010010010000000000000000000000000000000000000010
1011001110111100010011101111110111100000000000000000000000000000000010
1011100110111000011101101110101011000000000000000000000000000000000010
1011101100110111000111110001010111000000000000000000000000000000000010
1010110100010011110000011111011111100000000000000000000000000000000010
1010011010011100000001101001111100100000000000000000000000000000000010
1011000001110001111000010100000010000000000000000000000000000000000010
1010100101010010010010010100110001000000000000000000000000000000000010
1011011111011100010011000101011000100000000000000000000000000000000010
1011101010000100110011001110000011100000000000000000000000000000000010
1011100011100110010110101000101110100000000000000000000000000000000010
1010011100110101001001100100001011000000000000000000000000000000000010
1011100111010110111101011000100000000000000000000000000000000000000010
1011100111000101011101001000011110000000000000000000000000000000000010
1010100000000000111001001011100111000000000000000000000000000000000010
1010100101100111101011001101101001100000000000000000000000000000000010
1011010111101110010100111110101010000000000000000000000000000000000010
1010101111010101111110000110010000100000000000000000000000000000000010
1010110010110011010011000000000110000000000000000000000000000000000010
1010001010011001100011110100000111100000000000000000000000000000000010
1010100101011011000011000010000101000000000000000000000000000000000010
1011110010100011010000001011001101000000000000000000000000000000000010
1011011000011000110000011100110101100000000000000000000000000000000010
1011000010100100010000000010100010000000000000000000000000000000000010
1011110111101101110011111110111110000000000000000000000000000000000010
1011001000001100101111111000010100100000000000000000000000000000000010
1011000010111111000111011100001000000000000000000000000000000000000010
1010010011001100100100011100110111100000000000000000000000000000000010
1010010100010111001010011011100110100000000000000000000000000000000010
1010111000000101010110001101100101100000000000000000000000000000000010
1011111010111000000000010110011001100000000000000000000000000000000010
1011101010110011010001111010000100000000000000000000000000000000000010
1010101101001000000000101001100100000000000000000000000000000000000010
1010100101111110110101110000011001100000000000000000000000000000000010
1010010011110010000110110100000001100000000000000000000000000000000010
1011010011111100000000110001010101100000000000000000000000000000000010
1010010110010101010101100110110111100000000000000000000000000000000010
1010101000000110000010011101010101100000000000000000000000000000000010
1010001110111001100011111110001001000000000000000000000000000000000010
1011010000111111110011110011000001000000000000000000000000000000000010
1010101110100001001011101110011010000000000000000000000000000000000010
1010000101100100110011110011101100100000000000000000000000000000000010
1010110111110001010010110000010001100000000000000000000000000000000010
1010000001100110110111100000000110100000000000000000000000000000000010
1010000101111010001111001001110111100000000000000000000000000000000010
1010111001010111100110011110001001100000000000000000000000000000000010
1011100010001000101111000010010110100000000000000000000000000000000010
1011001110101100100110111110010101100000000000000000000000000000000010
1011111001101000011111100110000001000000000000000000000000000000000010
1011000001110000111101111011001110000000000000000000000000000000000010
1010001111010101011000100101011101100000000000000000000000000000000010
1010110111000110001110110010000011100000000000000000000000000000000010
1010001101100000011001100000101011000000000000000000000000000000000010
1010110011101110110011011010001111000000000000000000000000000000000010
1010011011100010101111110110101001000000000000000000000000000000000010
1011010010000001110001011101011000000000000000000000000000000000000010
1011010001100100111010101010000101000000000000000000000000000000000010
1010001000010010001010101001010000000000000000000000000000000000000010
1011011111100100111010111000001010100000000000000000000000000000000010
1010100000101111001111011001101111000000000000000000000000000000000010
1011101011101010111100111011011010100000000000000000000000000000000010
1010110001011101110001111010010011000000000000000000000000000000000010
1011100101100111111110001111110010100000000000000000000000000000000010
1010011100010001100101111101101010100000000000000000000000000000000010
1011011101100101010011011111110000100000000000000000000000000000000010
1010011101010001010001000000111110000000000000000000000000000000000010
1010000111110110111110010100011001100000000000000000000000000000000010
1010001111010110101001111111110010100000000000000000000000000000000010
1010100101000000011001010011100100000000000000000000000000000000000010
1010010010001100101111010110110110000000000000000000000000000000000010
1011010001100100010110100111101001000000000000000000000000000000000010
1011011111000111000100010110100001100000000000000000000000000000000010
1010011000111111000110111110010101100000000000000000000000000000000010
1011000101101101000000101101101100100000000000000000000000000000000010
1010100011111110111101000010111111000000000000000000000000000000000010
1010010010100000011100011011001101100000000000000000000000000000000010
1010110001110110001010111011011110000000000000000000000000000000000010
1011111100000010000100111000110010000000000000000000000000000000000010
1010010001101100101100010100110101000000000000000000000000000000000010
1011010010011010000110010101111011000000000000000000000000000000000010
1010110001011011000011010001010110100000000000000000000000000000000010
1010001000101001000001101011100110100000000000000000000000000000000010
1010011000000011100111110010101100000000000000000000000000000000000010
1010001111011000101111101010100111000000000000000000000000000000000010
1010100000010100001000110001001110100000000000000000000000000000000010
1011001010100110000001101001001000100000000000000000000000000000000010
1010111100111011100000111001110011000000000000000000000000000000000010
1010110111101011010100000000011110000000000000000000000000000000000010
1011100111011001010011011101101000000000000000000000000000000000000010
1011110001101110101101111100010110100000000000000000000000000000000010
1011110111110100110111110010111001000000000000000000000000000000000010
1010000100010000111111101101111000100000000000000000000000000000000010
1011101001101110100110011010111110000000000000000000000000000000000010
1010010011111101010101101011111111000000000000000000000000000000000010
1011010000101111010000101000010111100000000000000000000000000000000010
1011010000011010101101100001111101000000000000000000000000000000000010
1011010110101101001011011011100000100000000000000000000000000000000010
1010100001000001100111110000001000100000000000000000000000000000000010
1010110010100100101001001011110110100000000000000000000000000000000010
1011101010111001010001010110000110000000000000000000000000000000000010
1010101001110010101100011000001110000000000000000000000000000000000010
1010101101101011110111101011100101000000000000000000000000000000000010
1011110111010101001100010001101111000000000000000000000000000000000010
1011110111001101000101000111110101100000000000000000000000000000000010
1011100001101110011100111101011001000000000000000000000000000000000010
1010000101000111100101100001100011000000000000000000000000000000000010
1011011001100100111101000010000111000000000000000000000000000000000010
1011010010101000001001000001101011000000000000000000000000000000000010
1011101010001001100000011011010101000000000000000000000000000000000010
1011100000111001011100111101101010100000000000000000000000000000000010
1011010011000100010000010101100001000000000000000000000000000000000010
1011001000111100110111100111111110100000000000000000000000000000000010
1011100110010000111111111001111111000000000000000000000000000000000010
1010000001101011111011111111010111100000000000000000000000000000000010
1010001100111111110011110110001100100000000000000000000000000000000010
1011011101110101000010110010001001100000000000000000000000000000000010
1010101101001010000011101010110011100000000000000000000000000000000010
1010000000000101010001100010111000000000000000000000000000000000000010
1010000000000100100110110100000011000000000000000000000000000000000010
1010100100110011010010111111110010100000000000000000000000000000000010
1011010110011000001011110101101101000000000000000000000000000000000010
1011000100000000010001010110011100100000000000000000000000000000000010
1010100010010100001001110110101010000000000000000000000000000000000010
1010010100001011011000010011101100000000000000000000000000000000000010
1010110101101000100100011111001000100000000000000000000000000000000010
1011001000001101010000110000010110000000000000000000000000000000000010
1010110111111001100100010110000010000000000000000000000000000000000010
1011000000010010111001111111100110100000000000000000000000000000000010
1010010011111001100111100010111110000000000000000000000000000000000010
1010010000101010000001111100011000100000000000000000000000000000000010
1011100001100000010111101111111000000000000000000000000000000000000010
1011100101010000001000110000111110000000000000000000000000000000000010
1011111001101010100001000110000011000000000000000000000000000000000010
1010111001001011110001010001111100100000000000000000000000000000000010
1010101100001010111111101111101101000000000000000000000000000000000010
1010101101000110101100110011100000000000000000000000000000000000000010
1011000001001011101111000011011100100000000000000000000000000000000010
1010111000010110100001110000011111000000000000000000000000000000000010
1010011011001001110110011011010110000000000000000000000000000000000010
1011010001110000100101101001000111100000000000000000000000000000000010
1011110111001100011110110100000111100000000000000000000000000000000010
1010111011010111000110111011001001100000000000000000000000000000000010
1010010101011011101101100110101001100000000000000000000000000000000010
1011001011001001101111111101011000000000000000000000000000000000000010
1011111000000011111101111110001100000000000000000000000000000000000010
1011101100010001100011010111111001100000000000000000000000000000000010
1011001001101000111100110011111000000000000000000000000000000000000010
1011010100001001011001101001011010100000000000000000000000000000000010
1011101111110101011000110100001001100000000000000000000000000000000010
1010101000100101001100000101011000100000000000000000000000000000000010
1010010001000101101111111110100110000000000000000000000000000000000010
1010010100100101001001010101100101000000000000000000000000000000000010
1011011100011110100001010111000101100000000000000000000000000000000010
1010010000100010010011001000000010100000000000000000000000000000000010
1011001001100000001101011101001011100000000000000000000000000000000010
1010100110001100110001110001011110000000000000000000000000000000000010
1010100001100101001111110011001110100000000000000000000000000000000010
1010011110000100111011010101110100000000000000000000000000000000000010
1010100101000100000100111010011010100000000000000000000000000000000010
1011010111000101010011101100011110100000000000000000000000000000000010
1011010101101010101000001101111000000000000000000000000000000000000010
1010111011101011010001011101101111100000000000000000000000000000000010
1010000100000010000110011111101101000000000000000000000000000000000010
1011001101001101101101110011010011000000000000000000000000000000000010
1011110000001000001010000011010000100000000000000000000000000000000010
1010001100110101000011111101110110100000000000000000000000000000000010
1010000000101001010101110010101001000000000000000000000000000000000010
1010101100000011010110001110010100100000000000000000000000000000000010
1011001111111011111111010100110110000000000000000000000000000000000010
1011000111010011100101001011001111000000000000000000000000000000000010
1011111101101001011011100000101111100000000000000000000000000000000010
1011011010011000011000001101100100100000000000000000000000000000000010
1011100111011100101010011000110100100000000000000000000000000000000010
1010000001010010011010000101010101100000000000000000000000000000000010
1010100111111001010100100101101000000000000000000000000000000000000010
1011010001000101110100110011011001100000000000000000000000000000000010
1010001001101100100000110110100111000000000000000000000000000000000010
1011100011100100100000011100011011000000000000000000000000000000000010
1011001010111001110000000111110111000000000000000000000000000000000010
1010110011000101000110001010011100000000000000000000000000000000000010
1011010111101100001011001000000000100000000000000000000000000000000010
1010110100011100110000100000000101100000000000000000000000000000000010
1011000101111010111010000010111001100000000000000000000000000000000010
1010101000001000110011011010110001000000000000000000000000000000000010
1011111000110111111100010110111100100000000000000000000000000000000010
1010001010001111000011011011111101100000000000000000000000000000000010
1010110000000000110100101010101000100000000000000000000000000000000010
1010111100000110111001001011011100000000000000000000000000000000000010
1011011011001110000110110111001000000000000000000000000000000000000010
1011100011100011110000111011010111100000000000000000000000000000000010
1011101110000001010011010101111101000000000000000000000000000000000010
1011111111111101100011010000001011000000000000000000000000000000000010
1011111010111001011001110110100110100000000000000000000000000000000010
1010001010111100010100111001001101100000000000000000000000000000000010
1011011011111000101010110000100101100000000000000000000000000000000010
1011111110000011101000001100111000000000000000000000000000000000000010
1011001000001110001100110010011001100000000000000000000000000000000010
1011111001000010100001011001100011000000000000000000000000000000000010
1011010100000100100110010010011100100000000000000000000000000000000010
1010100100000100101100010000000111100000000000000000000000000000000010
1010111001000111010001100010101101100000000000000000000000000000000010
1011100111111010000110110001111011000000000000000000000000000000000010
1010011010011100100100010001111111100000000000000000000000000000000010
1011010010000000010001010100111100100000000000000000000000000000000010
1011111000101001000110111011011001100000000000000000000000000000000010
1010111011110000001101101101111100100000000000000000000000000000000010
1010010110101101100101010100101111100000000000000000000000000000000010
1011111000011100100001010110011101000000000000000000000000000000000010
1010000000110000100011101010110111100000000000000000000000000000000010
1011110001111000111011100001100010000000000000000000000000000000000010
1011001011010000011000000001010000000000000000000000000000000000000010
1010100111011100010101110101110101000000000000000000000000000000000010
1011010110100001110001101011001110100000000000000000000000000000000010
1010100010101010011110011100100000000000000000000000000000000000000010
1010011010100111000110001001001010000000000000000000000000000000000010
1010011110000100011110101110011100000000000000000000000000000000000010
1011101111000100100111011100001011100000000000000000000000000000000010
1010010100000010010101100000110001000000000000000000000000000000000010
1011110001000011010111110111001000100000000000000000000000000000000010
1010110101111001101011100101111110100000000000000000000000000000000010
1010110110011011010001011000001101000000000000000000000000000000000010
1011101011100011110000110110000000100000000000000000000000000000000010
1011000110110110011101101100010011100000000000000000000000000000000010
1011110111110000001111101111111001100000000000000000000000000000000010
1011100111010100000100001000101111100000000000000000000000000000000010
1010011101010000010011111110010111000000000000000000000000000000000010
1011111000110101001101001000011010100000000000000000000000000000000010
1010011101111100111101111101111011000000000000000000000000000000000010
1011101010111001100111101011101001100000000000000000000000000000000010
1011001010000110001000100010100001000000000000000000000000000000000010
1010111110010001100110101111110111100000000000000000000000000000000010
1010000110000100011110100111010100000000000000000000000000000000000010
1011010111100110000111001011000100100000000000000000000000000000000010
1010100000101111010100000100011111100000000000000000000000000000000010
1011100111001000000111110111101001000000000000000000000000000000000010
1010101101000011110000101111110000000000000000000000000000000000000010
1010010100100111101001000110111001100000000000000000000000000000000010
1011111010011101000000100011010010100000000000000000000000000000000010
1010100111000010011111111001001011000000000000000000000000000000000010
1010111011101110100000111101111001100000000000000000000000000000000010
1010010000010000000001000010010110000000000000000000000000000000000010
1011110101101010000100100111011111100000000000000000000000000000000010
1010110001000101010110101011000011100000000000000000000000000000000010
1010101010010100111011101011010001100000000000000000000000000000000010
1010110000110110100000001101100110100000000000000000000000000000000010
1011001000101011110010100100111000100000000000000000000000000000000010
1011001001010110101111101100111100000000000000000000000000000000000010
1010111111000111100100100011000011000000000000000000000000000000000010
1010101101111011011010110010110000000000000000000000000000000000000010
1011000010000110010000000010111000100000000000000000000000000000000010
1011101001010001110001110001011000100000000000000000000000000000000010
1011111101111110100101111001111111100000000000000000000000000000000010
1010010111100001111001101011010111000000000000000000000000000000000010
1010011010001010111111000101101011100000000000000000000000000000000010
1011111001110010011100111111000100000000000000000000000000000000000010
1011010110001010111111010111001101000000000000000000000000000000000010
1010010001001001110111101011111111100000000000000000000000000000000010
1011001111101101110000110011100110100000000000000000000000000000000010
1011101011010000101011110110111000000000000000000000000000000000000010
1010100010101000110110100010110111100000000000000000000000000000000010
1010010101110000101101111000110111000000000000000000000000000000000010
1011010111000100101011011100111100000000000000000000000000000000000010
1010111100111010110001101100001110100000000000000000000000000000000010
1010010101000000000100110111000000000000000000000000000000000000000010
1011011001000000010100111100000001100000000000000000000000000000000010
1011011000100010010011101100001010000000000000000000000000000000000010
1010011000001110011001100101001101000000000000000000000000000000000010
1010100010010111010010110001011000100000000000000000000000000000000010
1011011110101000101101100110010001100000000000000000000000000000000010
1011100110010100011111101100101111100000000000000000000000000000000010
1010100101010010111001111000110110000000000000000000000000000000000010
1011001100010111100000110100110100000000000000000000000000000000000010
1010101001100010100101111101111001000000000000000000000000000000000010
1011001011000101101010110100100000100000000000000000000000000000000010
1011001100110010100001101001111111100000000000000000000000000000000010
1011011110111001111010110011000011100000000000000000000000000000000010
1010000000000100010010000010001101100000000000000000000000000000000010
1010000101001110010011001010111010000000000000000000000000000000000010
1011001110010011101111101001010011100000000000000000000000000000000010
1011011111010110000010110111100000000000000000000000000000000000000010
1011101001011101101000111101011000100000000000000000000000000000000010
1010011000001001000101101111000010100000000000000000000000000000000010
1011100100010011100101110000001110100000000000000000000000000000000010
1011101110110110000100110111101010000000000000000000000000000000000010
1010001011101011011111111101010000000000000000000000000000000000000010
1011000111001111000101001011001111100000000000000000000000000000000010
1010001011110010000101111111010110000000000000000000000000000000000010
1010010110101010100101111001101010000000000000000000000000000000000010
1011010001011111100010100100101000100000000000000000000000000000000010
1010101000000001001111100110110111100000000000000000000000000000000010
1011101010000001110001010001000001000000000000000000000000000000000010
1010001010011101000110111111001111000000000000000000000000000000000010
1010111011011010000101011010101000100000000000000000000000000000000010
1011000011011011001010101110001110100000000000000000000000000000000010
1010010110101110001001111101000000100000000000000000000000000000000010
1010101010011100010110101100111110100000000000000000000000000000000010
1011100101011011111110000010110001000000000000000000000000000000000010
1010111001101000010101101000101110100000000000000000000000000000000010
1011111111010011101110010100001110000000000000000000000000000000000010
1010010110000000100000101111011011000000000000000000000000000000000010
1011110111101011000110110110111000100000000000000000000000000000000010
1011001011110010111100101011011110100000000000000000000000000000000010
1010010000000101110000010010110010100000000000000000000000000000000010
1010100011001000011101011011110111100000000000000000000000000000000010
1010000100000101011100011010011110000000000000000000000000000000000010
1011011000101100110011101000111100000000000000000000000000000000000010
1010101001100100011101010000011010100000000000000000000000000000000010
1011101101010001001100010011111111100000000000000000000000000000000010
1010000110000100100110100100111010100000000000000000000000000000000010
1010101011110010111011111111111010100000000000000000000000000000000010
1010011010010101101100000001110001100000000000000000000000000000000010
1011001001001101110001110010100011000000000000000000000000000000000010
1010000110001101000011101111100000000000000000000000000000000000000010
1010001010011100110010010100111100100000000000000000000000000000000010
1011001101111101101111100101101110000000000000000000000000000000000010
1011011000000001110101001001000001100000000000000000000000000000000010
1011101110011011000011100101011111000000000000000000000000000000000010
1010101100100011111011000000101000100000000000000000000000000000000010
1010101111010000101000111000101110000000000000000000000000000000000010
1010001100011001010001111100100111100000000000000000000000000000000010
1010011010000111111110011100101001000000000000000000000000000000000010
1011110001101001101010111101011101000000000000000000000000000000000010
1011000011101000000011110011110011000000000000000000000000000000000010
1010111010100011101000001011011110000000000000000000000000000000000010
1010100110010111000010100110101110000000000000000000000000000000000010
1011111001001100111010111111010011000000000000000000000000000000000010
1010001001011100100101100110011010000000000000000000000000000000000010
1011001100101010100000100001101000100000000000000000000000000000000010
1010111100000100010110101100011000100000000000000000000000000000000010
1011110110010001101011010001001011100000000000000000000000000000000010
1011110100010110100111101010100001100000000000000000000000000000000010
1010100001000101001011101100011000100000000000000000000000000000000010
1010111110010110001000011000111000000000000000000000000000000000000010
1010100100011010010110100110101000100000000000000000000000000000000010
1010001000000000110101011010111110100000000000000000000000000000000010
1010111100011011001101111001110010100000000000000000000000000000000010
1010000101110001010001100001001100100000000000000000000000000000000010
1010110000000111101010011100011011000000000000000000000000000000000010
1011100101010101001001100111000001000000000000000000000000000000000010
1010000001010110000001101011000101100000000000000000000000000000000010
1010010110000001000011011101000101100000000000000000000000000000000010
1010000110001100011010010111001100100000000000000000000000000000000010
1011111001010010110001011110011001100000000000000000000000000000000010
1010111100010000100001011111001011100000000000000000000000000000000010
1010001001101001010010100011011100000000000000000000000000000000000010
1010100101011100001111111100110011000000000000000000000000000000000010
1010011010010000101001000110010110000000000000000000000000000000000010
1010000101100001010110101100001010000000000000000000000000000000000010
1010100000101100001111111011110010000000000000000000000000000000000010
