1010111100010000010111010110110001000000000000000000000000000000000010
1010111001011101100110001000011000000000000000000000000000000000000010
1010000111111000011000101001100111000000000000000000000000000000000010
1010110101010001100010110011110111100000000000000000000000000000000010
1011011011001000011001100010010111000000000000000000000000000000000010
1010111001010100000110011111110001000000000000000000000000000000000010
1010111111011001010001100110111001100000000000000000000000000000000010
1011100100100001010011111111110101000000000000000000000000000000000010
1011000101100100110111111101010001000000000000000000000000000000000010
1010110010101110000110011011011010100000000000000000000000000000000010
1010010010011001100011101001001011100000000000000000000000000000000010
1010011000101110010101011011110000100000000000000000000000000000000010
1010001100010100000110000111110110100000000000000000000000000000000010
1011001101011001100011011011011110000000000000000000000000000000000010
1010111000100001100011101100101100000000000000000000000000000000000010
1010111011001100101011011010110111100000000000000000000000000000000010
1010000011010111000111011110011100100000000000000000000000000000000010
1010000110010011010001001011001101100000000000000000000000000000000010
1010111001100111010100001111111000000000000000000000000000000000000010
1011011010010000011100110111000111100000000000000000000000000000000010
1010101000001111000101110111011001000000000000000000000000000000000010
1010010000010111010000111000110110100000000000000000000000000000000010
1010110010110011000110001010100110100000000000000000000000000000000010
1011000011110000011011001001001100100000000000000000000000000000000010
1010011110000110101000110110111010000000000000000000000000000000000010
1010000101011100011101111110110101100000000000000000000000000000000010
1011101100000011100111010011010011000000000000000000000000000000000010
1011000100100000111001111010101011000000000000000000000000000000000010
1011100100100111010011111000110110100000000000000000000000000000000010
1011011110101001101111111110111101100000000000000000000000000000000010
1011000011010100101101110001101011000000000000000000000000000000000010
1010001110011000111101001011111001100000000000000000000000000000000010
1011000100011110011101011101111011000000000000000000000000000000000010
1011001100111100110011101110011011000000000000000000000000000000000010
1011100000001011110111111001101001100000000000000000000000000000000010
1010001001000000101101011011010001100000000000000000000000000000000010
1011000000100001100110000111000011000000000000000000000000000000000010
1011111000101001011010001110110011100000000000000000000000000000000010
1011110001011010001110001111111010000000000000000000000000000000000010
1011011100111011010111111101011111100000000000000000000000000000000010
1010100000101101110100101100101000100000000000000000000000000000000010
1010110111000011110110111010101110100000000000000000000000000000000010
1011111111000000100111100011100001100000000000000000000000000000000010
1010011001101001000111010010110101100000000000000000000000000000000010
1011101101000100010101100001101101100000000000000000000000000000000010
1010001100100001111110111010011010100000000000000000000000000000000010
1010100010110000100101100011001111100000000000000000000000000000000010
1010110000001010001101000000111110000000000000000000000000000000000010
1011001001011010011010110111001111100000000000000000000000000000000010
1010101001001011110110101111111010100000000000000000000000000000000010
1010101111001110101001101011111110100000000000000000000000000000000010
1010010000111100000010101010110010000000000000000000000000000000000010
1011110010011000010101011100101111100000000000000000000000000000000010
1010111000100011001110011111101111100000000000000000000000000000000010
1011001111000110010010010111111111100000000000000000000000000000000010
1010011111001011010111100101111010000000000000000000000000000000000010
1011110101010110000101011011011111000000000000000000000000000000000010
1011111101011100010111011011010100100000000000000000000000000000000010
1011100111000111010101101011100010100000000000000000000000000000000010
1010000110000011100011010110110111000000000000000000000000000000000010
1011100101111011111101001010000111000000000000000000000000000000000010
1010000011011000010010101010110111000000000000000000000000000000000010
1010001100010110000001000010110110000000000000000000000000000000000010
1011111000010000010101100100011110100000000000000000000000000000000010
1011110000011100010111111000001111000000000000000000000000000000000010
1010101001110010010101111011111111100000000000000000000000000000000010
1010101100010000111100110010001111000000000000000000000000000000000010
1010100101100010101001111111111100000000000000000000000000000000000010
1010000101001010010110101000101110100000000000000000000000000000000010
1011001110001010001010010000111101000000000000000000000000000000000010
1011011101001001110001001010100111000000000000000000000000000000000010
1010110101010000100100000001110000100000000000000000000000000000000010
1010111011000000010011000100101011100000000000000000000000000000000010
1010011011011001010001110000001001000000000000000000000000000000000010
1011111101101011100101100111101110000000000000000000000000000000000010
1011110100100100100011101010101001000000000000000000000000000000000010
1010100001101001100011111111111111000000000000000000000000000000000010
1011010101000000000110101000101001000000000000000000000000000000000010
1011110010001100100111101001100111100000000000000000000000000000000010
1011001110001001010011100111111001100000000000000000000000000000000010
1010110011100101001111101101011111100000000000000000000000000000000010
1010101000101010100000001001100001100000000000000000000000000000000010
1010010010110001011010110010111111000000000000000000000000000000000010
1011001100000100010111011100101111000000000000000000000000000000000010
1011110011110010111111110111010011000000000000000000000000000000000010
1011001010011001011000100111111111100000000000000000000000000000000010
1011000111010000010010111100011101000000000000000000000000000000000010
1011101110110001011111000000001111000000000000000000000000000000000010
1011000001000000101011001111101111100000000000000000000000000000000010
1011010001011111110001110000111101100000000000000000000000000000000010
1010101100110101111010111101111100000000000000000000000000000000000010
1010000000001010100111111011111101100000000000000000000000000000000010
1011011100010001111000010101011011100000000000000000000000000000000010
1011000011001010000001100011101101100000000000000000000000000000000010
1011000001110000101111011100110010000000000000000000000000000000000010
1011110000101001000010111100111101100000000000000000000000000000000010
1010001101000001110100111001101100000000000000000000000000000000000010
1011000010011010100001110101111000000000000000000000000000000000000010
1011011100100101001111100111000011100000000000000000000000000000000010
1010000011000110101111100110100110100000000000000000000000000000000010
1010110010010010110110111101111101100000000000000000000000000000000010
1010000011100111000101111101100110000000000000000000000000000000000010
1010101101010000110110011101110000100000000000000000000000000000000010
1010101001010100100010111110110011100000000000000000000000000000000010
1011010100000010001100010001010001100000000000000000000000000000000010
1011000100110101011101101111011010100000000000000000000000000000000010
1010001000111100010111111000110110100000000000000000000000000000000010
1010111001011010100011011111111110100000000000000000000000000000000010
1011110100011010000111011000111100100000000000000000000000000000000010
1010111100100111011010111110011011100000000000000000000000000000000010
1010100011010101001100101101100000000000000000000000000000000000000010
1010010000001000100110101010101111100000000000000000000000000000000010
1011001011100111100101001011111001000000000000000000000000000000000010
1010101010011011111011001101101110100000000000000000000000000000000010
1010110111001011010010101010100000100000000000000000000000000000000010
1011100011000000100010101001000001100000000000000000000000000000000010
1011001001000110111101111010110000000000000000000000000000000000000010
1011111010001000011101111110101001000000000000000000000000000000000010
1010000100000010000111001110100100000000000000000000000000000000000010
1010001110110000001100010110101001100000000000000000000000000000000010
1011110000001100001011111010101110000000000000000000000000000000000010
1011110100011000000001010011001111000000000000000000000000000000000010
1010010100000001000011110101110000100000000000000000000000000000000010
1010001001110111001110011000100101100000000000000000000000000000000010
1011101001010010111011010011111011000000000000000000000000000000000010
1010110011001111000000111001001001100000000000000000000000000000000010
1011111010010011100111011011000110100000000000000000000000000000000010
1011001100110100001111000010000000000000000000000000000000000000000010
1010001011000000110000111010011000100000000000000000000000000000000010
1011100011110100000001000011000111100000000000000000000000000000000010
1011101100011110100110011001011110100000000000000000000000000000000010
1011011001010100000101000010010000000000000000000000000000000000000010
1010010101001000101010101010110111000000000000000000000000000000000010
1011100101010100111101001101100111000000000000000000000000000000000010
1011011101101110000111100110000011000000000000000000000000000000000010
1010010011000001010110111001111010000000000000000000000000000000000010
1010111000100100000010111111010001000000000000000000000000000000000010
1011000111110001000101111110000101000000000000000000000000000000000010
1011000110010010000110001101110111000000000000000000000000000000000010
1010100011101001001111110011111100100000000000000000000000000000000010
1011010001100000010101110111000000000000000000000000000000000000000010
1010100000101100010110110101110100100000000000000000000000000000000010
1010010111001011100111011000111100000000000000000000000000000000000010
1010100010100001110000100110100100100000000000000000000000000000000010
1011000100001000001111011010001010000000000000000000000000000000000010
1011100011101001001111101101110101100000000000000000000000000000000010
1010001110001000110101110010100110100000000000000000000000000000000010
1011001001100011000110011000011001100000000000000000000000000000000010
1011010101100000101010010101011000100000000000000000000000000000000010
1010100011000100000100111100010111100000000000000000000000000000000010
1010110110011111110111010111101000100000000000000000000000000000000010
1011110110010000000110011011111111000000000000000000000000000000000010
1010000100111000100111000110111010100000000000000000000000000000000010
1011000011100001000010101001010110100000000000000000000000000000000010
1010010101110001000111010000100100000000000000000000000000000000000010
1010000111010100111111011101011001100000000000000000000000000000000010
1011111111100110101111101011110110000000000000000000000000000000000010
1010000001010110000111010111111000100000000000000000000000000000000010
1011000100111101001001111000011111100000000000000000000000000000000010
1010000010111101011010001001010001100000000000000000000000000000000010
1010110100010110100101110001100101100000000000000000000000000000000010
1010010011001100000100010111111001000000000000000000000000000000000010
1010111101001011000001111111110101000000000000000000000000000000000010
1011001100111011010100110011011001100000000000000000000000000000000010
1010101100110010100100111010010111000000000000000000000000000000000010
1011110010011101000011000110101001000000000000000000000000000000000010
1010101000110001100001101110010001000000000000000000000000000000000010
1010010000010011010100010011000000100000000000000000000000000000000010
1011000101110001110101011101111111000000000000000000000000000000000010
1011011110010001100011111100010001000000000000000000000000000000000010
1011101010001100100111001111010100100000000000000000000000000000000010
1010010000100101000011110111110101000000000000000000000000000000000010
1010101000100010010100111110011111000000000000000000000000000000000010
1010101111000111001011101010010011100000000000000000000000000000000010
1010001011010100000110001011111110000000000000000000000000000000000010
1010011010000100100100000100010001100000000000000000000000000000000010
1011110011001010100111111111111111000000000000000000000000000000000010
1010010000000000001010100001111110000000000000000000000000000000000010
1010110001100000010110011001000010000000000000000000000000000000000010
1011000001010110000010000111101101100000000000000000000000000000000010
1011111000011001000111111111111101100000000000000000000000000000000010
1011000110010001011011101100100000100000000000000000000000000000000010
1010001010001100010101111110001111000000000000000000000000000000000010
1010010100100000010001001100111001100000000000000000000000000000000010
1011110001001001000100111011100101000000000000000000000000000000000010
1010110100100011000011011000111111100000000000000000000000000000000010
1010011010100101011011110111000111000000000000000000000000000000000010
1011100101010110111101011100001111100000000000000000000000000000000010
1010001111100000000111011111011110100000000000000000000000000000000010
1010000101101000001111110011111011100000000000000000000000000000000010
1010001001100101011111101111101000000000000000000000000000000000000010
1011001000110110011110001011101101100000000000000000000000000000000010
1010010011011111110100010111001110100000000000000000000000000000000010
1010100101110111100011111011011100000000000000000000000000000000000010
1010001011001001011101111011111101100000000000000000000000000000000010
1011011000000101011111100100000001000000000000000000000000000000000010
1011111011010010101101111101110010100000000000000000000000000000000010
1010100000100001110101110011100110000000000000000000000000000000000010
1010010100110000000000111011111111100000000000000000000000000000000010
1010100100001011110101101101001111100000000000000000000000000000000010
1010110111011010000001000010010101000000000000000000000000000000000010
1011001000100000111010111111001000000000000000000000000000000000000010
1010010100000101000011101010001000000000000000000000000000000000000010
1010000001000100010111101110010011000000000000000000000000000000000010
1010000101000111001010101111011110000000000000000000000000000000000010
1010100101001100110001100111111010000000000000000000000000000000000010
1010110010000010001010110111010011000000000000000000000000000000000010
1011010001110010100011111110000011100000000000000000000000000000000010
1010100000110001001110111011000010000000000000000000000000000000000010
1010110110000000001000101100101110100000000000000000000000000000000010
1011110110000001011000001010001001100000000000000000000000000000000010
1011011011111101010010011101110110100000000000000000000000000000000010
1011110100101101010110011001010101000000000000000000000000000000000010
1011000000100011001010000001101110000000000000000000000000000000000010
1010010001110101101010011100011101100000000000000000000000000000000010
1010110011110000011001000001011001100000000000000000000000000000000010
1010100001010011110110011100100100100000000000000000000000000000000010
1010101000000001111011011011100110100000000000000000000000000000000010
1010010100000100100101001001111000000000000000000000000000000000000010
1011001111010111000110010101100000000000000000000000000000000000000010
1011010000100111001110110001101111100000000000000000000000000000000010
1011101011000010001010011010111101100000000000000000000000000000000010
1010011111111100001110110101110000000000000000000000000000000000000010
1011111100100100010001011111001110100000000000000000000000000000000010
1010101010001010010011000001011011000000000000000000000000000000000010
1011000100000011011101010110101110100000000000000000000000000000000010
1010010111111101110110100100110011000000000000000000000000000000000010
1011001010000010010011110100000101100000000000000000000000000000000010
1010010000111111011011010111111011100000000000000000000000000000000010
1011000110000100010100100101001110000000000000000000000000000000000010
1010110111000100110101000000100010100000000000000000000000000000000010
1010100110100011001100110110100111100000000000000000000000000000000010
1010100110011001001010011001110111100000000000000000000000000000000010
1011011010010110001001010110111111000000000000000000000000000000000010
1010011000101100000011000001000011000000000000000000000000000000000010
1011001111111000001111011100101011000000000000000000000000000000000010
1010100100000111111111111011111101100000000000000000000000000000000010
1011101111001101100110000011101101100000000000000000000000000000000010
1010001010000000111010010111010101100000000000000000000000000000000010
1011100100101000111110010110101110000000000000000000000000000000000010
1010000010000001011011010101011010100000000000000000000000000000000010
1011000111101100000100010011101100100000000000000000000000000000000010
1010001110000101010101011100010111000000000000000000000000000000000010
1010101100111110011100110110111101000000000000000000000000000000000010
1011000110000101101011110100010111000000000000000000000000000000000010
1011000111001100010110010110111010100000000000000000000000000000000010
1010111000100111001110111110110111000000000000000000000000000000000010
1010111000111010000011011100111101100000000000000000000000000000000010
1011100100000110110111101010000101100000000000000000000000000000000010
1010000100001010100010100101110110000000000000000000000000000000000010
1010101110010111100111011100100111000000000000000000000000000000000010
1010001011110000000110100100011010000000000000000000000000000000000010
1010111110010101100010011010000010000000000000000000000000000000000010
1011100001010000011110110111100110000000000000000000000000000000000010
1010010101010101001100011101010011000000000000000000000000000000000010
1011000110101110000011100010101100100000000000000000000000000000000010
1010010111110001011101011010101010100000000000000000000000000000000010
1010000101100001000011011001001101100000000000000000000000000000000010
1011011100001111110101100100010101000000000000000000000000000000000010
1011000011011001100000111101011011000000000000000000000000000000000010
1010110100101101011100110101110111000000000000000000000000000000000010
1010000001001101101111100101011100000000000000000000000000000000000010
1010110100000010000110000011010110100000000000000000000000000000000010
1010010000111001111101111111100010000000000000000000000000000000000010
1011000000111100111110010100100110000000000000000000000000000000000010
1010010001000100001111010010100000000000000000000000000000000000000010
1010001011100001100110010100100101100000000000000000000000000000000010
1010000100110010011001100110011111000000000000000000000000000000000010
1010001101011011000000010101110010000000000000000000000000000000000010
1010101010001010010110001111111001100000000000000000000000000000000010
1010010100111101011100110101010011100000000000000000000000000000000010
1010001101011010100111111101000010000000000000000000000000000000000010
1011110100100010101011100111000000000000000000000000000000000000000010
1010001111001011100110010101011001100000000000000000000000000000000010
1011000100100110110000011001101011100000000000000000000000000000000010
1010100110111100111100001101110110100000000000000000000000000000000010
1010111101110101000111010110000100000000000000000000000000000000000010
1011110001001110001010110110101101000000000000000000000000000000000010
1011101101001000110011010000011111100000000000000000000000000000000010
1010111100010110001011110101101111000000000000000000000000000000000010
1010011101100001010111001010010011000000000000000000000000000000000010
1010000010000011011100111001011010100000000000000000000000000000000010
1011001111001000000011001001111110000000000000000000000000000000000010
1010011000100001001110000000011011100000000000000000000000000000000010
1011100000111001011010111101001010100000000000000000000000000000000010
1011101000000100000111101101101011100000000000000000000000000000000010
1011100010101110010111001010111101000000000000000000000000000000000010
1010110011010010000100111100100011000000000000000000000000000000000010
1011110110101101110110100110010110100000000000000000000000000000000010
1011101001101100001110001110100010000000000000000000000000000000000010
1011110000101110111101010110001110100000000000000000000000000000000010
1010100010010010010011111011011001000000000000000000000000000000000010
1010110101000001011010100100010000100000000000000000000000000000000010
1010010011001110000010100100110100000000000000000000000000000000000010
1011001010000000010001111101100101100000000000000000000000000000000010
1011000101001001000011011100001011100000000000000000000000000000000010
1011010101111000001110010000011011100000000000000000000000000000000010
1010011110101010100000001100100101100000000000000000000000000000000010
1010001001001000001001101100110110000000000000000000000000000000000010
1010111011100001110111111110001101100000000000000000000000000000000010
1011010001000011001111111111010101000000000000000000000000000000000010
1011101010101110000001100111111000100000000000000000000000000000000010
1011111100011001010101101111011110100000000000000000000000000000000010
1010011000000101001111011110001011000000000000000000000000000000000010
1010101000011010011110001100001011000000000000000000000000000000000010
1011001011010010010010101101110111000000000000000000000000000000000010
1010110010111001000110100011110101100000000000000000000000000000000010
1011101000111110011111111110100100100000000000000000000000000000000010
1010000000101010000010101010011011100000000000000000000000000000000010
1010011100101110110110101101011010000000000000000000000000000000000010
1011101000000000011110111001000001100000000000000000000000000000000010
1011101110011000011000011000001001100000000000000000000000000000000010
1010000110101100100101001011011110100000000000000000000000000000000010
1010011101111110100100010110011110100000000000000000000000000000000010
1011011001011010001010011111000111100000000000000000000000000000000010
1011100110010010100100011001111000100000000000000000000000000000000010
1011000001001100001001101110111001100000000000000000000000000000000010
1011000011110100011001111110111000100000000000000000000000000000000010
1010010001101000010101011111111111000000000000000000000000000000000010
1010110000010000010100011100111010000000000000000000000000000000000010
1011010011101001011000111101001010000000000000000000000000000000000010
1011110011000010000100010101111101000000000000000000000000000000000010
1010011101110000010101100100100111100000000000000000000000000000000010
1011101101001010001101110010011111100000000000000000000000000000000010
1011010100101010100111011111110001000000000000000000000000000000000010
1011110010100010011110001001101100000000000000000000000000000000000010
1011101110000001100111011001111101000000000000000000000000000000000010
1010100001110000001001110010100001100000000000000000000000000000000010
1011000100011000000100111100110111000000000000000000000000000000000010
1010110100101100000000011010100011000000000000000000000000000000000010
1010101100010000111000001010011101000000000000000000000000000000000010
1011100011010010101110011110100010100000000000000000000000000000000010
1011000101110010001001011111101011100000000000000000000000000000000010
1010011001000101100101111110010111000000000000000000000000000000000010
1010000000011110000110001010001011000000000000000000000000000000000010
1010110011000101101110111111111010100000000000000000000000000000000010
1011000010101000110000110100101100000000000000000000000000000000000010
1011001000001010100001011000011100100000000000000000000000000000000010
1010000110010100111100011011110011000000000000000000000000000000000010
1010100011101011111111110101101101000000000000000000000000000000000010
1011100010101111000110101011100011100000000000000000000000000000000010
1010110000101100010011010101100001000000000000000000000000000000000010
1011000010100111000100110111100110100000000000000000000000000000000010
1011100010110011110000011011001111000000000000000000000000000000000010
1010101110110001110010001111010111100000000000000000000000000000000010
1011010001001100000111110110101110100000000000000000000000000000000010
1011111010001111000110001001001101100000000000000000000000000000000010
1011101001011001000100010000110011000000000000000000000000000000000010
1010101110010011001010010111001111100000000000000000000000000000000010
1010101101110011000010101000000100000000000000000000000000000000000010
1010001011110010100000101110100101000000000000000000000000000000000010
1011001000000001111001000010111011100000000000000000000000000000000010
1010101110001011001111111111001011100000000000000000000000000000000010
1010100100001000100000011101001101000000000000000000000000000000000010
1010001111101001000000001010000011100000000000000000000000000000000010
1011000100001101001101101101010011100000000000000000000000000000000010
1010100110111000011010101001010011000000000000000000000000000000000010
1011001100000011101011110110011010000000000000000000000000000000000010
1010011001001100110110001110101110000000000000000000000000000000000010
1010100001000110110101101100011011000000000000000000000000000000000010
1011100110110011011100010010110110100000000000000000000000000000000010
1011101001100111011110000110110111100000000000000000000000000000000010
1011111000100100100110100110011100000000000000000000000000000000000010
1010110000010010010111011100110110100000000000000000000000000000000010
1010010010111000010010110111010011000000000000000000000000000000000010
1010001000010011111110011010001111100000000000000000000000000000000010
1010110110100100010011101111110011000000000000000000000000000000000010
1010001000010000110010011000001001000000000000000000000000000000000010
1011001001011000010001111001011101100000000000000000000000000000000010
1010110001011100111000010101000101100000000000000000000000000000000010
1011001000001000100101110010011000100000000000000000000000000000000010
1010000010011010100011111101101110100000000000000000000000000000000010
1011101010110100000100101110111001100000000000000000000000000000000010
1010110001011011110011011001011001100000000000000000000000000000000010
1010000100111100000001110111111000100000000000000000000000000000000010
1010100100010001111000001101101011100000000000000000000000000000000010
1010100011001101110110001100011101000000000000000000000000000000000010
1010101010000101011001111101010010000000000000000000000000000000000010
1011111000101010111111001100001101000000000000000000000000000000000010
1010001100001100111001110101011001000000000000000000000000000000000010
1010010011110000010110001010011010100000000000000000000000000000000010
1011101100010001011110110001101110000000000000000000000000000000000010
1011100010101011010111001101101011000000000000000000000000000000000010
1010101000001010000000111101100000000000000000000000000000000000000010
1010100100001110010101111010110011000000000000000000000000000000000010
1010000100001000101101111001101111000000000000000000000000000000000010
1010110010001001000111100101010010100000000000000000000000000000000010
1011110110111001101000000010001001100000000000000000000000000000000010
1011000000101001100100011111101001100000000000000000000000000000000010
1011101000100001000001111101010101100000000000000000000000000000000010
1010111111000011100010011101000000000000000000000000000000000000000010
1010010110111000100111001000100100100000000000000000000000000000000010
1010010011011001101110010111001001100000000000000000000000000000000010
1011000001101010000001010011111011100000000000000000000000000000000010
1010110111001111101001010001101100000000000000000000000000000000000010
1010000010100000010100100011001011000000000000000000000000000000000010
1011100100111001111001101101110000100000000000000000000000000000000010
1010001001010001100110001011110111100000000000000000000000000000000010
1011110010110101011011010011000101100000000000000000000000000000000010
1010000000010001110001101110101111100000000000000000000000000000000010
1010111000100010011000101101001010000000000000000000000000000000000010
1010011001101100000110011110101010100000000000000000000000000000000010
1010100000111101111100000001011101100000000000000000000000000000000010
1011100100000110000111000110000101100000000000000000000000000000000010
1010011001010011100111101011111101000000000000000000000000000000000010
1010110000001010011100000100111110000000000000000000000000000000000010
1011011110001001100011011111100001000000000000000000000000000000000010
1010111011110000000011000111010111000000000000000000000000000000000010
1011101000001011111111101011101111000000000000000000000000000000000010
1011110000000010010100001111001111100000000000000000000000000000000010
1011101010001101001011000111011101100000000000000000000000000000000010
1011000100100110000001111111111111000000000000000000000000000000000010
1010010001111010101001100011101111000000000000000000000000000000000010
1011010101010111001101010000111111000000000000000000000000000000000010
1010010010001000000101100101110110100000000000000000000000000000000010
1010001010111101111111011111000101000000000000000000000000000000000010
1010100001000100100001001011001111000000000000000000000000000000000010
1011011111000011010100101001101011000000000000000000000000000000000010
1010011010000000100111001001111000000000000000000000000000000000000010
1010010000011001010100011100101000100000000000000000000000000000000010
1010011001000100010100111010101011100000000000000000000000000000000010
1011001001000000100111111101101110100000000000000000000000000000000010
1010011001100000100001100001011010000000000000000000000000000000000010
1010001000000011001110101111111001000000000000000000000000000000000010
1010100010111000011110001101100100000000000000000000000000000000000010
1011010101101100010110011110100101100000000000000000000000000000000010
1010001001001001001110100111011110000000000000000000000000000000000010
1011000000100100110111111111010110000000000000000000000000000000000010
1010111011111001011111010101101011000000000000000000000000000000000010
1010101001111101111010110110111111100000000000000000000000000000000010
1010000111011001101110101110000000000000000000000000000000000000000010
1010110101110000110101011011010111000000000000000000000000000000000010
1011001000010101111111011111100011100000000000000000000000000000000010
1011000001110100110111001101111111100000000000000000000000000000000010
1010001001000001110111011011000111000000000000000000000000000000000010
1010000010110011000000001011110000100000000000000000000000000000000010
1010010011101100011101111100110010100000000000000000000000000000000010
1010100110011111110111100001110011000000000000000000000000000000000010
1010001101111011001010000100110010100000000000000000000000000000000010
1010000000000011000101011110001111000000000000000000000000000000000010
1011000111001001111100100100111110000000000000000000000000000000000010
1011001111101100100101111011101001100000000000000000000000000000000010
1010001001010000011111101101011011100000000000000000000000000000000010
1010000100101010000011000111101000100000000000000000000000000000000010
1011010101101010110101000111101110100000000000000000000000000000000010
1010100101101111000101011101100011100000000000000000000000000000000010
1011100001001001011101100000111001100000000000000000000000000000000010
1010011011110101101010101111110001000000000000000000000000000000000010
1010101001111000011011100100101111000000000000000000000000000000000010
1011011011111101000110001000100100100000000000000000000000000000000010
1010001100110111010101101011011011100000000000000000000000000000000010
1010011010011100111101101011100101100000000000000000000000000000000010
1011110000110011001111101110110001000000000000000000000000000000000010
1011100011101100101101100010011100000000000000000000000000000000000010
1010101100001111110000101011100111000000000000000000000000000000000010
1010000111110000011011010111011101100000000000000000000000000000000010
1010100011111000110010101110100010000000000000000000000000000000000010
1011100100100101000010110010111000000000000000000000000000000000000010
1011011001011101101111101111100110000000000000000000000000000000000010
1010001111111100100011100111111110100000000000000000000000000000000010
1011100100001001010101111100011110100000000000000000000000000000000010
1011111110100001010011100011111000000000000000000000000000000000000010
1011011001111010100101111010010001000000000000000000000000000000000010
1010100001101111110101101101011100000000000000000000000000000000000010
1011011110011000100111010111001110000000000000000000000000000000000010
1011110011001000101101000110010010100000000000000000000000000000000010
1011100100010001010000000010000001000000000000000000000000000000000010
1010010011001000010101111010110011000000000000000000000000000000000010
1010100100011011000001100001110010100000000000000000000000000000000010
1011111000101100001001001100111010100000000000000000000000000000000010
1010101011010010111110111011011001100000000000000000000000000000000010
1010011001111010100111100101001111000000000000000000000000000000000010
1010000000100011111111111101110100100000000000000000000000000000000010
1010010101010101110110011110101011100000000000000000000000000000000010
1010101001010110001111111100011001100000000000000000000000000000000010
1010011000110010000111000011111110000000000000000000000000000000000010
1011010010111111100111101001111110000000000000000000000000000000000010
1010101110010100010010111110101110100000000000000000000000000000000010
1010111111101000001100110101010010100000000000000000000000000000000010
1010011110001011000010000111001010100000000000000000000000000000000010
1011001000001011011011001001111110000000000000000000000000000000000010
1011100101001010110110011010101101100000000000000000000000000000000010
1011011101000010101100011001111000000000000000000000000000000000000010
1010001111110110010000111010110000000000000000000000000000000000000010
1010001010010110110001011110101110100000000000000000000000000000000010
1011011111010010100010000010011011100000000000000000000000000000000010
1010011100011000111011011000011011100000000000000000000000000000000010
1010001100110100000001000101100001000000000000000000000000000000000010
1011111110111101110100010010101100100000000000000000000000000000000010
1010011100001010101111101010111100100000000000000000000000000000000010
1011000111001000101100100111011110100000000000000000000000000000000010
1010001101100010101101111101001011100000000000000000000000000000000010
1010011101110100110101110001111110000000000000000000000000000000000010
1011110001111011000101111100001010100000000000000000000000000000000010
1010100010010011001111000010011001000000000000000000000000000000000010
1010010101000001110101111011111101100000000000000000000000000000000010
1010011011100001110100100011110111100000000000000000000000000000000010
1011010101010011000001010000110011000000000000000000000000000000000010
1010001101001100001110010110011101100000000000000000000000000000000010
1010000100010010110101010011101000100000000000000000000000000000000010
1010000010100110111110011011111011000000000000000000000000000000000010
1011111110010011000110010100101011000000000000000000000000000000000010
1011010001000000100001011110100110100000000000000000000000000000000010
1011001001010010000011111010101010100000000000000000000000000000000010
1011100001101010110100000001001010100000000000000000000000000000000010
1011001111111101000111111000111111100000000000000000000000000000000010
1010001101110000100011011110101010100000000000000000000000000000000010
1011100010011100000111010111111011000000000000000000000000000000000010
1011011001101100000011111111101010000000000000000000000000000000000010
1011000001000010000001100110111100100000000000000000000000000000000010
1010001111001010101101101101101101100000000000000000000000000000000010
1011100010010101011011110110111001000000000000000000000000000000000010
1010001001001001110000010011110111000000000000000000000000000000000010
1010100000101111010001111110111100100000000000000000000000000000000010
1011100001010110011001101011100010000000000000000000000000000000000010
1011000101000100100111101100011011100000000000000000000000000000000010
1011101100101011111110010000110000100000000000000000000000000000000010
1010001100101100011110011110111110100000000000000000000000000000000010
1011000111100010000000110101001000100000000000000000000000000000000010
1011001101111010110010000111110011000000000000000000000000000000000010
1010001110011101011101100100010110000000000000000000000000000000000010
1010000111110101110101111000100011100000000000000000000000000000000010
1011010100110000100101110010011101000000000000000000000000000000000010
1011010100001001100011011010001111100000000000000000000000000000000010
1010011101001100011010101101010001000000000000000000000000000000000010
1011100100101000000001001011001011000000000000000000000000000000000010
1010100111110011110110111010111101000000000000000000000000000000000010
1011010100001001100011011010001111100000000000000000000000000000000010
1010110110011010111110101010001111000000000000000000000000000000000010
1010100010100011111011011101111011100000000000000000000000000000000010
1010101010100000010010101001001001100000000000000000000000000000000010
1010110010011010110011110001111111100000000000000000000000000000000010
1010000000011110000101101011011110100000000000000000000000000000000010
1010011110001011010011111111010110000000000000000000000000000000000010
1011101111000000100001110011100010000000000000000000000000000000000010
1011111111011100111111100010111000100000000000000000000000000000000010
1010000010011001000111011111000011100000000000000000000000000000000010
1010000110010001010000001100000100000000000000000000000000000000000010
1010001011000101111101100100011010100000000000000000000000000000000010
1010000101001000011111110101111111100000000000000000000000000000000010
1011100111001000100011010010111100100000000000000000000000000000000010
1011001000010001001110010111100001100000000000000000000000000000000010
1010000111000101101010010010110111100000000000000000000000000000000010
1010001110101100101110010001111001000000000000000000000000000000000010
1011000010010010000001011011100111000000000000000000000000000000000010
1011001001110011011010111011000100000000000000000000000000000000000010
1010000010011111111010111111111111100000000000000000000000000000000010
1010100100010101101010111101010101000000000000000000000000000000000010
1011010111011100001011110111100010000000000000000000000000000000000010
1010101000010010101000100100101010000000000000000000000000000000000010
1011010110011011001001111011011101000000000000000000000000000000000010
1010110110000100000100101001111110100000000000000000000000000000000010
1011011001000101111001111101010110000000000000000000000000000000000010
1010100000101001001101101101111110100000000000000000000000000000000010
1010010001101001000000101111110111000000000000000000000000000000000010
1011000010011001101101101010101000000000000000000000000000000000000010
1010001110011011101111011000110010100000000000000000000000000000000010
1010110101010000100110101010111111100000000000000000000000000000000010
1010001101001001001011011100111011000000000000000000000000000000000010
1010010101010100010100100011111110000000000000000000000000000000000010
1011000100000101001001111101100100100000000000000000000000000000000010
1011100110000000000111110000111111100000000000000000000000000000000010
1011001001110110010011011111010111100000000000000000000000000000000010
1010011100000000001111101111110111100000000000000000000000000000000010
1011010000000000001101010010111001100000000000000000000000000000000010
1010101110000011010010011011110000000000000000000000000000000000000010
1010111000000010101010111111100101000000000000000000000000000000000010
1010111010011011011110010110010001100000000000000000000000000000000010
1011110111110101101110111010010011100000000000000000000000000000000010
1010101110001001100110100111101100100000000000000000000000000000000010
1011000010010101001001010100000100000000000000000000000000000000000010
1011100110100111101111011011011010100000000000000000000000000000000010
1011010110000010010001101000000010000000000000000000000000000000000010
1010101000010000110010011000110100000000000000000000000000000000000010
1011000100001000111000100110111101000000000000000000000000000000000010
1011100010111001010001110011010001100000000000000000000000000000000010
1010111011000001100101011000110111100000000000000000000000000000000010
1010010011110101000001000101001101100000000000000000000000000000000010
1011000011100101110001110111110111000000000000000000000000000000000010
1011111110001010001101011011101010100000000000000000000000000000000010
1010001000011011100011000101111011100000000000000000000000000000000010
1011000111001100100011000010101111100000000000000000000000000000000010
1011000111110100101101101011110010100000000000000000000000000000000010
1010110100101011011110110000100011100000000000000000000000000000000010
1010110110000110010110011111001011000000000000000000000000000000000010
1010000100001010000000100110000100000000000000000000000000000000000010
1011010110010101100111100101010010000000000000000000000000000000000010
1011101001010101101010101001110000100000000000000000000000000000000010
1010010101110100010100101101110100000000000000000000000000000000000010
1011000010000111100011101110011011100000000000000000000000000000000010
1011000110100001101010000011100110000000000000000000000000000000000010
1011001010101101100011100001100010100000000000000000000000000000000010
1011011001010010111001100001100111100000000000000000000000000000000010
1010001101110000010111011001011111100000000000000000000000000000000010
1011011111101000001011100011111111000000000000000000000000000000000010
1011111000100001000011111101011101100000000000000000000000000000000010
1011000101000100011000101101011110100000000000000000000000000000000010
1010101001100000000111101000111010000000000000000000000000000000000010
1011111000000010111111001101101001100000000000000000000000000000000010
1011000001010101001110110011110010100000000000000000000000000000000010
1010100010110011000111100110101001000000000000000000000000000000000010
1011000001100010010010111100001101100000000000000000000000000000000010
1011011000110101001010100110101011100000000000000000000000000000000010
1010000011011001111010101001100101100000000000000000000000000000000010
1010101010011000010011101101000000000000000000000000000000000000000010
1011101101000111110010011100000100100000000000000000000000000000000010
1010011001101001100001110111101110000000000000000000000000000000000010
1010110111000000110101100100011111100000000000000000000000000000000010
1010111011011000101011111101010101100000000000000000000000000000000010
1010111111000001101001101110110100000000000000000000000000000000000010
1011101000000000001011100000111100100000000000000000000000000000000010
1011110011010111000111110111100101000000000000000000000000000000000010
1010100000100100000110110111110111000000000000000000000000000000000010
1010010110111110111000010011011001000000000000000000000000000000000010
1011001101001010100101000011110111100000000000000000000000000000000010
1010111111000001010011001010000101000000000000000000000000000000000010
1011110011110011101111100101110010000000000000000000000000000000000010
1010001100110111110001001101011101100000000000000000000000000000000010
1011000000001100010101101011100111100000000000000000000000000000000010
1010100100111000000001010110100111100000000000000000000000000000000010
1011100011111010110101110001011010000000000000000000000000000000000010
1010000010000001000101101000011000100000000000000000000000000000000010
1010000000100000110110011011010010000000000000000000000000000000000010
1010000110001101001110001101110010000000000000000000000000000000000010
1011000001000000100110000010000111000000000000000000000000000000000010
1010001110101110001011101001110001000000000000000000000000000000000010
1011000001001000000100000110010000100000000000000000000000000000000010
1010101101101100100110111111011110100000000000000000000000000000000010
1010100101100010101110100111110010000000000000000000000000000000000010
1010011000010111110000110110001001100000000000000000000000000000000010
1010100000100000001110010110010101100000000000000000000000000000000010
1010001111000000000011111110111101100000000000000000000000000000000010
1010011000110000100001110111000100000000000000000000000000000000000010
1010000000010100101101111000001001000000000000000000000000000000000010
1011010101011010111011010110001111000000000000000000000000000000000010
1011010100100100000000111101111010100000000000000000000000000000000010
1011000000010101001110011110101011100000000000000000000000000000000010
1011101000110100010111001010101111000000000000000000000000000000000010
1011011101001000000111010101011111000000000000000000000000000000000010
1010010011010010100101110000111110000000000000000000000000000000000010
1010000111010111001111011111100010100000000000000000000000000000000010
1010011101010001010110000100111000100000000000000000000000000000000010
1011011110000000001111100001011011000000000000000000000000000000000010
1010010011000011101101100001101010000000000000000000000000000000000010
1011001111001000101101011110011100100000000000000000000000000000000010
1010001000110110010001110110111110100000000000000000000000000000000010
1011111110001100000000110111111100100000000000000000000000000000000010
1010011100000111011101111101011011000000000000000000000000000000000010
1010001000101001101001010001111011100000000000000000000000000000000010
1011001100000010010110001000011111000000000000000000000000000000000010
1010011010100100110111010011000101100000000000000000000000000000000010
1010001000100111001111111100101010000000000000000000000000000000000010
1011011111000011100101110010101101000000000000000000000000000000000010
1010100111000011100000011101001001100000000000000000000000000000000010
1011001100000000001100010111101101100000000000000000000000000000000010
1010110010110000010011011011111101000000000000000000000000000000000010
1011011000011101110101101000000010000000000000000000000000000000000010
1011111001010101001011101100111001100000000000000000000000000000000010
1011110001100110000100110111011010100000000000000000000000000000000010
1010010101111010010011110010110011000000000000000000000000000000000010
1011011100001110110101100101010100100000000000000000000000000000000010
1011101001001111111111001101010100100000000000000000000000000000000010
1011111010001001001110111111011100100000000000000000000000000000000010
1011110101100110000001111100110101100000000000000000000000000000000010
1011011000001111010001111111001000100000000000000000000000000000000010
1010000101010001001101011100001111100000000000000000000000000000000010
1010100000100010111001000110111111100000000000000000000000000000000010
1010100011011101000011011111110011000000000000000000000000000000000010
1011110110001110010100110011111101000000000000000000000000000000000010
1010110110001011100111010101100111000000000000000000000000000000000010
1011101010111111110110011111111100000000000000000000000000000000000010
1010011101110101111111010000001110000000000000000000000000000000000010
1011100101101111011000110011110111100000000000000000000000000000000010
1011010100001100100111001001100011000000000000000000000000000000000010
1011000010100110001101011101010100000000000000000000000000000000000010
1011000000011000011111010110111111100000000000000000000000000000000010
1011001001001011001101110001101100100000000000000000000000000000000010
1011101001100011000001000100000010100000000000000000000000000000000010
1010110010001010111001010111110000000000000000000000000000000000000010
1011000000111111000001101100010111100000000000000000000000000000000010
1010110101010000000101111100011110100000000000000000000000000000000010
1011111010100110100001110011011110100000000000000000000000000000000010
1011100010111010001010101000111111100000000000000000000000000000000010
1011011011110000001111101010010010000000000000000000000000000000000010
1011010011000000101001101011110111000000000000000000000000000000000010
1010101101001100000011101010110101000000000000000000000000000000000010
1010111011110010111100001000000100100000000000000000000000000000000010
1011100111101100011011100010011000000000000000000000000000000000000010
1011111011010100110100101011111101100000000000000000000000000000000010
1010110000111000011111110010101101000000000000000000000000000000000010
1011011010010011111101001110000101100000000000000000000000000000000010
1011101111110111001000100101011010000000000000000000000000000000000010
1010110011100000000100000101100010000000000000000000000000000000000010
1010010010000010111101111111011110000000000000000000000000000000000010
1010000101111011111100110000000010100000000000000000000000000000000010
1010001001011110100100110110011101100000000000000000000000000000000010
1010110011101110110010111100111000100000000000000000000000000000000010
1011110110100010001110011101010011000000000000000000000000000000000010
1011101000011010000000100110100011100000000000000000000000000000000010
1011001101000011010011001010001101100000000000000000000000000000000010
1011011011001100011110011110100011100000000000000000000000000000000010
1011111100110111001000110100001101100000000000000000000000000000000010
1010100011101000100101100100100101100000000000000000000000000000000010
1011011111111010011001110010011011100000000000000000000000000000000010
1011001000111001100110101111011110000000000000000000000000000000000010
1010001101111000000000100111110110100000000000000000000000000000000010
1011100001100000010100100010101101100000000000000000000000000000000010
1010010111111111011110010000111110100000000000000000000000000000000010
1010101100011000101010001010100001000000000000000000000000000000000010
1011000111101111010001111111110111100000000000000000000000000000000010
1010010001101000010011001010011111000000000000000000000000000000000010
1010000110001110001011011011011011000000000000000000000000000000000010
1010010101100110110011000111100100100000000000000000000000000000000010
1011110010110011100101000111101101100000000000000000000000000000000010
1011010100000011001011010001010111000000000000000000000000000000000010
1010101010000010010100111011101011100000000000000000000000000000000010
1010011001100000000001000111111110000000000000000000000000000000000010
1011110011010000100110011010001111000000000000000000000000000000000010
1011000101010011001010011001000011000000000000000000000000000000000010
1010101001011010000001101111101100100000000000000000000000000000000010
1011100011011010001111100110110110100000000000000000000000000000000010
1010110100001000100100010011011000100000000000000000000000000000000010
1011000010110011100000001000100111100000000000000000000000000000000010
1010001011000100101111010101110100100000000000000000000000000000000010
1010001110110011001110001101101111000000000000000000000000000000000010
1011000000100000001011010001110110100000000000000000000000000000000010
1011010010101111100100100100101011000000000000000000000000000000000010
1010001100000111100101001111010001100000000000000000000000000000000010
1010000110000010010100100011110011000000000000000000000000000000000010
1011111000000001001010001101000111100000000000000000000000000000000010
1010000011110101001000010100001111100000000000000000000000000000000010
1011010101001101000110111100101001000000000000000000000000000000000010
1010111100101110000010101110101011000000000000000000000000000000000010
1010110100001110011011101110101110000000000000000000000000000000000010
1011000010110000100000000111010110100000000000000000000000000000000010
1010000000101001100110010101101000000000000000000000000000000000000010
1010001110011100111010111101011000100000000000000000000000000000000010
1010001010100000011111010010011100100000000000000000000000000000000010
1011010000010010000000111001011000100000000000000000000000000000000010
1010010001100001011101100100111101000000000000000000000000000000000010
1010010011000001000000000011110001100000000000000000000000000000000010
1011010101000010001110100110011101100000000000000000000000000000000010
1011010000011111111100000111001101000000000000000000000000000000000010
1010000110010001010011011010110101100000000000000000000000000000000010
1010101010001000001000110011110101100000000000000000000000000000000010
1011100010110010000001001010100011100000000000000000000000000000000010
1010000111110101111110011101010010000000000000000000000000000000000010
1011111100000001101111111000110110100000000000000000000000000000000010
1010100110100100100010000100100011000000000000000000000000000000000010
1010100110010010101110001100010111100000000000000000000000000000000010
1011000000110110010111010000110010000000000000000000000000000000000010
1010101100001001011111101001011101000000000000000000000000000000000010
1011100011110001100111101110100001000000000000000000000000000000000010
1011001110010101000010111011001011100000000000000000000000000000000010
1010011010110000010110100001100001000000000000000000000000000000000010
1011000101001101110101101110010101000000000000000000000000000000000010
1011011001110100100001111110001110000000000000000000000000000000000010
1010011111100000100010111111111001100000000000000000000000000000000010
1010101101111010110000101001100011100000000000000000000000000000000010
1011010100110000010111111111001100100000000000000000000000000000000010
1011010011101000011001011010110010000000000000000000000000000000000010
1010101010001000001110101111001000100000000000000000000000000000000010
1010110000111000110100100011011011000000000000000000000000000000000010
1011011000010001111001110010101011100000000000000000000000000000000010
1011011000000100001010111011010010100000000000000000000000000000000010
1011011000001101010100100001011101000000000000000000000000000000000010
1010101100011000010100111111111110100000000000000000000000000000000010
1010011001010011110100110010111110100000000000000000000000000000000010
1010010010111000001111111011011100100000000000000000000000000000000010
1010001010001011110111000111111110100000000000000000000000000000000010
1010110110001000100011010011011100100000000000000000000000000000000010
1010001000001111110001011001111011000000000000000000000000000000000010
1011010111010000100001110100011111100000000000000000000000000000000010
1011010010001000000010110100110100100000000000000000000000000000000010
1010011011110110100001010101000111000000000000000000000000000000000010
1011010000001100001011101111111101100000000000000000000000000000000010
1010101100010100101011101101010010100000000000000000000000000000000010
1011010000111101110101110111001101100000000000000000000000000000000010
1010001111001111110000100101011100000000000000000000000000000000000010
1010000001001111111111100010100011000000000000000000000000000000000010
1010101100010111011000001101011000100000000000000000000000000000000010
1010001001110010100101100111011011100000000000000000000000000000000010
1011100001101111100001010110010111100000000000000000000000000000000010
1011000100000000010100011110000100100000000000000000000000000000000010
1011000110100001011001101101110101100000000000000000000000000000000010
1010010000011011001110011110101010000000000000000000000000000000000010
1011011110100010011111110100101010000000000000000000000000000000000010
1010001000001000011111101010110111000000000000000000000000000000000010
1011100101110100111101001110100111000000000000000000000000000000000010
1010110000100100011100111111110100000000000000000000000000000000000010
1011010111101100010111101100101100100000000000000000000000000000000010
1010001100101101011010000001101100100000000000000000000000000000000010
1010110111011100101111100001100111000000000000000000000000000000000010
1011111010000011011011011110111011100000000000000000000000000000000010
1010001011001110110111101000011010000000000000000000000000000000000010
1010011101011001010110001000010101000000000000000000000000000000000010
1011011101101000010110100110001011100000000000000000000000000000000010
1010010000000011100101000100111000000000000000000000000000000000000010
1011000100110011111101111100100010100000000000000000000000000000000010
1010010001101101011100001111110000100000000000000000000000000000000010
1011100010000110101110100110011111100000000000000000000000000000000010
1010000010001100010011111100110011000000000000000000000000000000000010
1011100001110000100011101110101100000000000000000000000000000000000010
1011001010100111010111001011110100000000000000000000000000000000000010
1010100110000011010100110001101010100000000000000000000000000000000010
1010000000000001000111111010000011100000000000000000000000000000000010
1011000001000110001101110010001110100000000000000000000000000000000010
1011001111010100010011001011011111000000000000000000000000000000000010
1010100000100100011000010100000111100000000000000000000000000000000010
1011111111110011100111010101101010100000000000000000000000000000000010
1011001110001110011111010001111111000000000000000000000000000000000010
1010100000011000100100010111111011000000000000000000000000000000000010
1010011101100001000001010011000011100000000000000000000000000000000010
1011011111001011111111110100101001100000000000000000000000000000000010
1011110110000010111101100010111011100000000000000000000000000000000010
1010011100110110000000111010111101100000000000000000000000000000000010
1010110011010011011010110011110011000000000000000000000000000000000010
1010100010100011110111011111000110100000000000000000000000000000000010
1011010111001001010011110010011111000000000000000000000000000000000010
1011100010011111101101000110010101100000000000000000000000000000000010
1010000000010001010111001101010000000000000000000000000000000000000010
1011110100100111010110011001010011100000000000000000000000000000000010
1011101110100101001010101100001011100000000000000000000000000000000010
1011110001110001000010001001101110000000000000000000000000000000000010
1010101110010100010011111011000000100000000000000000000000000000000010
1010111100000111010110101111001101000000000000000000000000000000000010
1011100101000000010001111110010110100000000000000000000000000000000010
1010111010110000111111001001011111000000000000000000000000000000000010
1010100010100001000010101000110000000000000000000000000000000000000010
1010101100100100111111100000001111100000000000000000000000000000000010
1010101010111001000101110001110011000000000000000000000000000000000010
1011000101000011000000010001000101000000000000000000000000000000000010
1010100101000101010110001010001111000000000000000000000000000000000010
1011110111100100011010101110011111100000000000000000000000000000000010
1010010110111111101101111101011111100000000000000000000000000000000010
1010001100010001110001111010110100000000000000000000000000000000000010
1010111010100011000111011110011110100000000000000000000000000000000010
1010100111001011001100000110010010100000000000000000000000000000000010
1010001010010101000101101011111110000000000000000000000000000000000010
1010000010001010000101001111001000100000000000000000000000000000000010
1011011011110110100100111001111111100000000000000000000000000000000010
1010100110001010100100010101110011000000000000000000000000000000000010
1010000111110011011100111001110001100000000000000000000000000000000010
1010100101011100101111101111110101100000000000000000000000000000000010
1010110001010000110100110111111000000000000000000000000000000000000010
1011011100000010111011110111111010000000000000000000000000000000000010
1010000111010001110000001011111001100000000000000000000000000000000010
1011111011010101011011110111110000000000000000000000000000000000000010
1010010011011001110110011101110101100000000000000000000000000000000010
1010101101110001011011111111101101100000000000000000000000000000000010
1011010000110001110111101001011110100000000000000000000000000000000010
1010111111011100101000011111110110000000000000000000000000000000000010
1011100011001101000111101010011010100000000000000000000000000000000010
1011100110101000100110011100111101000000000000000000000000000000000010
1011001100101111110111111011001101100000000000000000000000000000000010
1010100001101010110110111010010100000000000000000000000000000000000010
1011010011000000100101011010101110000000000000000000000000000000000010
1010101001101100000000111011001101100000000000000000000000000000000010
1011001111111101100101101011100111100000000000000000000000000000000010
1010100101111000110010101001110000100000000000000000000000000000000010
1011111111110001000010111011011010100000000000000000000000000000000010
1011000011100100000101001110111110100000000000000000000000000000000010
1011100100100101001111111011111111100000000000000000000000000000000010
1010010111000011001000111110000101000000000000000000000000000000000010
1011111000110111001001110010111100100000000000000000000000000000000010
1011100100100010010010101100000001000000000000000000000000000000000010
1010000101000110100100001000101100000000000000000000000000000000000010
1010100000110010001000111111010110100000000000000000000000000000000010
1011100011010000010101010010111110100000000000000000000000000000000010
1010101111101010100101110111110111100000000000000000000000000000000010
1010011011010010100001111000011111100000000000000000000000000000000010
1010100110000001101110011111011100100000000000000000000000000000000010
1010010100001111000100100011001111000000000000000000000000000000000010
1010011101010011001011011010010111000000000000000000000000000000000010
1011100110010011100100110001000001100000000000000000000000000000000010
1011000110001101001010101010010011000000000000000000000000000000000010
1010010101100001010000011010111010000000000000000000000000000000000010
1010011010001011101101010010001110000000000000000000000000000000000010
1011011110111001101110101100100101100000000000000000000000000000000010
1010000101111101001110001011110011000000000000000000000000000000000010
1010110010100010100000100011100110000000000000000000000000000000000010
1010011100000000000011101101001100000000000000000000000000000000000010
1011111100101111011010001011100110100000000000000000000000000000000010
1010010100000001001100100000000111100000000000000000000000000000000010
1010001100010110100110100001110011000000000000000000000000000000000010
1010010010001100000001000110001101000000000000000000000000000000000010
1011001011010000010110011111111011100000000000000000000000000000000010
1011010000101100001100101010111110100000000000000000000000000000000010
1011001110000110100101001011100000100000000000000000000000000000000010
1011100011001001000011111010010001100000000000000000000000000000000010
1011000001011110010011000000010111000000000000000000000000000000000010
1010000010000001001011001110000010100000000000000000000000000000000010
1010010100100001010100100011101100100000000000000000000000000000000010
1010111001001101000000000101111011000000000000000000000000000000000010
1010011001110100000101010100001000000000000000000000000000000000000010
1010100101110101101001011110011110000000000000000000000000000000000010
1010001011101100101100100100111101000000000000000000000000000000000010
1011110100010010010101001111110101000000000000000000000000000000000010
1011001000110100001110111110100111000000000000000000000000000000000010
1010110101111100111011000111001110000000000000000000000000000000000010
1010001101100110001111010110100101000000000000000000000000000000000010
1011100101110101000000001101111010100000000000000000000000000000000010
1011110000100110001001011111100100000000000000000000000000000000000010
1010110000101110101001111110010001100000000000000000000000000000000010
1011001011000010100001111011000001000000000000000000000000000000000010
1011000110010011011001001111001110100000000000000000000000000000000010
1011100010111100000011011111101001000000000000000000000000000000000010
1010010101101111011111001011001001100000000000000000000000000000000010
1010000000101000000010111010000011000000000000000000000000000000000010
1010010100000011001101010110011110100000000000000000000000000000000010
1011110010100011000000011011110100000000000000000000000000000000000010
1010010001000000110010101011101011000000000000000000000000000000000010
1010011010101110111101101000011010000000000000000000000000000000000010
1010100010000011100110101110000110100000000000000000000000000000000010
1011101011100000101001111000001111000000000000000000000000000000000010
1010010001001000010111101111110110100000000000000000000000000000000010
1011100111110010001110100011100011100000000000000000000000000000000010
1010011001110001001110001011110110100000000000000000000000000000000010
1010010010000000001101100001010000100000000000000000000000000000000010
1011010100000101100111000101110110100000000000000000000000000000000010
1011101001000110001111101010001001000000000000000000000000000000000010
1011011000111000000110100011110111000000000000000000000000000000000010
1010101100010010100110011111011000000000000000000000000000000000000010
1010101100001111100110110111101100000000000000000000000000000000000010
1011000011011010101011111011111011000000000000000000000000000000000010
1011010000100010000111100000011011000000000000000000000000000000000010
1010001001000000100100110001101111100000000000000000000000000000000010
1011010001100110010011000111010110000000000000000000000000000000000010
1010001100010110010001111110100111100000000000000000000000000000000010
1010100001100101100100101001010101000000000000000000000000000000000010
1011010011110010000101010111011111000000000000000000000000000000000010
1010000000001100110111011111001111100000000000000000000000000000000010
1010010111000010001010111111100111000000000000000000000000000000000010
1011100100101001010000110000101100000000000000000000000000000000000010
1010100010101110110001110101101010000000000000000000000000000000000010
1010011011101110011110110011111101100000000000000000000000000000000010
1010010110111011110010111001111101100000000000000000000000000000000010
1010001101010111110111111111101010100000000000000000000000000000000010
1010100010011011010011010110110111100000000000000000000000000000000010
1011100101000100010110010110101111000000000000000000000000000000000010
1010111010000011000011010011101101100000000000000000000000000000000010
1011000100000110100101001111110011000000000000000000000000000000000010
1010010100001010101011000011101110100000000000000000000000000000000010
1010110010111000100101010101100101000000000000000000000000000000000010
1011011010000000011010011110100111000000000000000000000000000000000010
1011011011011010100001001101110110100000000000000000000000000000000010
1011111110111000110001010101001010000000000000000000000000000000000010
1010110010110001010011011100101001000000000000000000000000000000000010
1011110001011000001011111100101011100000000000000000000000000000000010
1010111011100101010011100011100001000000000000000000000000000000000010
1011111111101101000101110000001111000000000000000000000000000000000010
1010010001011011101001110000101100000000000000000000000000000000000010
1010111110000100001001111110011111100000000000000000000000000000000010
1010011000000101111010001111010110100000000000000000000000000000000010
1010101010001101000111101101001011000000000000000000000000000000000010
1010011100011110010011100101001101000000000000000000000000000000000010
1011110000001110100100111101101011100000000000000000000000000000000010
1010110000010000100001001010000110100000000000000000000000000000000010
1011110111000001110010011001111011100000000000000000000000000000000010
1010001011111110000011111111001111100000000000000000000000000000000010
1010111101100100110010010110100110100000000000000000000000000000000010
1010010100100110000011011110100001000000000000000000000000000000000010
1011100011011000000010101110011011100000000000000000000000000000000010
1010011011100000001010001011011110000000000000000000000000000000000010
1010110111100010111111100011010111000000000000000000000000000000000010
1011110001111011011100111001100111000000000000000000000000000000000010
1010100110010000101001110111011111100000000000000000000000000000000010
1010100110101011010100111010010000100000000000000000000000000000000010
1010001110000111100010010011010111000000000000000000000000000000000010
1011100001011110000010011011010110000000000000000000000000000000000010
1011100100010011101110101111011101100000000000000000000000000000000010
1010110000000110001011111100011101000000000000000000000000000000000010
1011000101001011000101011011100001000000000000000000000000000000000010
1010110001000100101101110111101010100000000000000000000000000000000010
1010010111110110000111101101110110100000000000000000000000000000000010
1011000000001001001101000101101111100000000000000000000000000000000010
1010101101010010011011010111111110100000000000000000000000000000000010
1010100011000010000101110101111111100000000000000000000000000000000010
1011100111010010101111010001111100100000000000000000000000000000000010
1011010110011010000111001101100111100000000000000000000000000000000010
1010100001010000111111000111110110100000000000000000000000000000000010
1010001000100001110101010001010101100000000000000000000000000000000010
1010001001010010100001111100101001100000000000000000000000000000000010
1011110010010010001111101100110111100000000000000000000000000000000010
1011000101100000110110010011100100100000000000000000000000000000000010
1011001000101111111000011100101001100000000000000000000000000000000010
1010110110001110101011010110101100000000000000000000000000000000000010
1010010000010010000101001000111010000000000000000000000000000000000010
1011110011110000011110110111001101000000000000000000000000000000000010
1011111010011001101010011110110001000000000000000000000000000000000010
1011110010000001001001100110011110000000000000000000000000000000000010
1010010000010000110001011011111111100000000000000000000000000000000010
1010000110111000010011010100011100100000000000000000000000000000000010
1010000011110001000101000000100001100000000000000000000000000000000010
1011010000100010110010010010111111000000000000000000000000000000000010
1011010100010111011011110111110111100000000000000000000000000000000010
1010010011110110001010100100111111100000000000000000000000000000000010
1011001010100100000001110001111001000000000000000000000000000000000010
1011100011101000000011101010110111000000000000000000000000000000000010
1010010011111100111011010001110010000000000000000000000000000000000010
1010110001111000100110110100001100100000000000000000000000000000000010
1010001101101000010000011100011110000000000000000000000000000000000010
1010001000001001111110100110011101100000000000000000000000000000000010
1010010110000000100101111001110010100000000000000000000000000000000010
1010111100000111000000111111001100000000000000000000000000000000000010
1011001001101000001011111110011001100000000000000000000000000000000010
1011010011101100011100000111000001100000000000000000000000000000000010
1010001010101100000111101001011100000000000000000000000000000000000010
1010101001000100110010011111110101100000000000000000000000000000000010
1010000011110100110011100000111000000000000000000000000000000000000010
1011110011001111000100010100111011100000000000000000000000000000000010
1010101110000010110101010000111010100000000000000000000000000000000010
1011011100110000111110100111011111000000000000000000000000000000000010
1010101001100010111001110111111110000000000000000000000000000000000010
1011101000010101000111101110010101100000000000000000000000000000000010
1010100000101011101111000110111011100000000000000000000000000000000010
1010100010011101011111100100001101100000000000000000000000000000000010
1011010000101110110101100110001010000000000000000000000000000000000010
1010101111011101010110010001111001100000000000000000000000000000000010
1010011111010001011011011011110111000000000000000000000000000000000010
1011100000011111100101100111111011100000000000000000000000000000000010
1010010111001101110011101110100101100000000000000000000000000000000010
1010111111111010000110100110011001100000000000000000000000000000000010
1010110011011110100100100001011001100000000000000000000000000000000010
