1011110101111100010000110010011000000000000000000000000000000000000010
1010001000000000001000111100111111000000000000000000000000000000000010
1011100011101000010000000111011110100000000000000000000000000000000010
1011000011110000000110100110011000100000000000000000000000000000000010
1011001100011110010100110100101010000000000000000000000000000000000010
1010100001010111110000011100111000000000000000000000000000000000000010
1010110011001011001000101110101111000000000000000000000000000000000010
1010100110001000011101110110010100000000000000000000000000000000000010
1011011001111101001101010111100011000000000000000000000000000000000010
1010100011010100101101011010000010100000000000000000000000000000000010
1010110011001100111010110101101111100000000000000000000000000000000010
1010011110100010001100010111111010100000000000000000000000000000000010
1010010101001010110110011011111111000000000000000000000000000000000010
1010101010001000000010001101000101100000000000000000000000000000000010
1010100101001100100100101111101100100000000000000000000000000000000010
1011110110110011100010011010111010000000000000000000000000000000000010
1010001110010010111101111101111000100000000000000000000000000000000010
1010101011101100000110100010100100100000000000000000000000000000000010
1010110111010011100111011111110010100000000000000000000000000000000010
1010110010100110011101100001110101100000000000000000000000000000000010
1010011100100101001111010011111110100000000000000000000000000000000010
1010101001101010000111010110111110000000000000000000000000000000000010
1011100001110101000010010101100101000000000000000000000000000000000010
1011110010010111000011000100011100100000000000000000000000000000000010
1011100001010111010011000011111100100000000000000000000000000000000010
1011110010001011100101101000111111000000000000000000000000000000000010
1011110001111000111000100001111110100000000000000000000000000000000010
1011100010000110010110011100110001100000000000000000000000000000000010
1011101011011100001110111110000111100000000000000000000000000000000010
1010111011100111000111101100110010100000000000000000000000000000000010
1010111110110101111001100000101110000000000000000000000000000000000010
1010011100000011010011010111010000100000000000000000000000000000000010
1011110001000001011001101011101110000000000000000000000000000000000010
1010010001101110010100110100111000100000000000000000000000000000000010
1010001010011110010000011011100110100000000000000000000000000000000010
1010000000110100000101100101000110100000000000000000000000000000000010
1011100011010001010001001001100101100000000000000000000000000000000010
1010000100001000010001110100111011100000000000000000000000000000000010
1011000001111111111100101010100110100000000000000000000000000000000010
1010001000001100001101110100001000000000000000000000000000000000000010
1010100000011011011100100111111011100000000000000000000000000000000010
1011001010100010101001011100011011000000000000000000000000000000000010
1010110000010000000110101001100000000000000000000000000000000000000010
1010011100100111001101100101111110000000000000000000000000000000000010
1011010000011000010011111001111000100000000000000000000000000000000010
1011100000010000111011011101111110000000000000000000000000000000000010
1011000001000100011110000011011000000000000000000000000000000000000010
1010001010110010011101001101111111100000000000000000000000000000000010
1011010110100100110100110001111010100000000000000000000000000000000010
1010110101010101010000001101111101100000000000000000000000000000000010
1011001110000011001100101001011100000000000000000000000000000000000010
1010000110111100100100000110111001100000000000000000000000000000000010
1010110101110000101101100100101111100000000000000000000000000000000010
1010000111110010111000100101011101100000000000000000000000000000000010
1011111100010001010000101100011111100000000000000000000000000000000010
1010111110100000110100000000011100000000000000000000000000000000000010
1011100011010011110010101110101100000000000000000000000000000000000010
1010010001100000001111111111001111000000000000000000000000000000000010
1011000111010001110101011111011001100000000000000000000000000000000010
1010011111100111010000011000011001000000000000000000000000000000000010
1011000010111010011010001100111000000000000000000000000000000000000010
1011100101110100010001101001001110000000000000000000000000000000000010
1011011110011100100001110010000000100000000000000000000000000000000010
1010110011010010110011011110011110100000000000000000000000000000000010
1010100000011111101111010011011010100000000000000000000000000000000010
1010110101000101010101101001011010100000000000000000000000000000000010
1011001101000010001011110111111000000000000000000000000000000000000010
1011110010001001001000100110011000100000000000000000000000000000000010
1011000101101000100011110011110111000000000000000000000000000000000010
1011111001111100010001001111001011000000000000000000000000000000000010
1011000110011110100001001001110011000000000000000000000000000000000010
1010101100110100010110111110111101100000000000000000000000000000000010
1011001111101101101011001001100011000000000000000000000000000000000010
1011110001111011101011100101100111000000000000000000000000000000000010
1010000000101111000011111001100000100000000000000000000000000000000010
1010000101001000010101010100010110100000000000000000000000000000000010
1010010010100001001101000011110001000000000000000000000000000000000010
1011010011000110011001010101111011000000000000000000000000000000000010
1010011010100100110110010011110000000000000000000000000000000000000010
1010011110001110110001100000110001100000000000000000000000000000000010
1011100111000100001111000011110101100000000000000000000000000000000010
1011111010111001100111001101111111000000000000000000000000000000000010
1011010011001000011000111001010110000000000000000000000000000000000010
1010011101100001011001100101110110000000000000000000000000000000000010
1010010101011010101001110011110110100000000000000000000000000000000010
1010110100101000110011110111101101000000000000000000000000000000000010
1011010100011000110110100101100100000000000000000000000000000000000010
1011011011110001101001111010110001000000000000000000000000000000000010
1011011010110100111000011000100111100000000000000000000000000000000010
1010101011011100010110110111100110000000000000000000000000000000000010
1010100100010110101111111001110010100000000000000000000000000000000010
1010000001001000000001101011011101000000000000000000000000000000000010
1011011010000111111001011101010111000000000000000000000000000000000010
1010110001000000011011110000110010000000000000000000000000000000000010
1011111110110100100001000100111110100000000000000000000000000000000010
1011001011011011011101110011000100100000000000000000000000000000000010
1010000110010001000101000011110010100000000000000000000000000000000010
1011001101000001100010010001010111000000000000000000000000000000000010
1010011101110001000111100101100011100000000000000000000000000000000010
1010100011101100110011100111010100100000000000000000000000000000000010
1010010011111101000011011010011110000000000000000000000000000000000010
1011111110001011111101101100101100000000000000000000000000000000000010
1011001011000111100011000001111011100000000000000000000000000000000010
1011110011100010100110100000110010100000000000000000000000000000000010
1010000111001101110011100110010100100000000000000000000000000000000010
1011110100111011000100110100101110000000000000000000000000000000000010
1011001001000011111110111110101101100000000000000000000000000000000010
1011010000111011101101001010001110000000000000000000000000000000000010
1010101111110110010010101001001111100000000000000000000000000000000010
1011001010100010011101010101100111100000000000000000000000000000000010
1011010001000010100011110101100111100000000000000000000000000000000010
1011110010110000101001101100011100100000000000000000000000000000000010
1011000111100011001010010010111100000000000000000000000000000000000010
1011101011000100100100010101011111000000000000000000000000000000000010
1011100100011110001110110011001110100000000000000000000000000000000010
1011001001110000101000011101010010100000000000000000000000000000000010
1010111011000011010110001001110111000000000000000000000000000000000010
1010000000011001011111011110100000100000000000000000000000000000000010
1011001111000010100100100010000011100000000000000000000000000000000010
1011010000000010001010010001011100100000000000000000000000000000000010
1010100111010011010011011101111101100000000000000000000000000000000010
1010001101110010101101011110000011000000000000000000000000000000000010
1011110101100011110000011101111010100000000000000000000000000000000010
1010101100100010110000010000001010100000000000000000000000000000000010
1011000011011100101111111001111001100000000000000000000000000000000010
1010110111100100101100110110111100100000000000000000000000000000000010
1010111001100010010101111110011001100000000000000000000000000000000010
1010100111000010001011010010100001000000000000000000000000000000000010
1011000011001100101011110001111100100000000000000000000000000000000010
1011100011000100100111101001110111100000000000000000000000000000000010
1010100000111110010011100100010000000000000000000000000000000000000010
1010000000100010111110010100011111000000000000000000000000000000000010
1010000111101001100000101110110100000000000000000000000000000000000010
1010100011001101110010001110101111100000000000000000000000000000000010
1011000101011010011101101011001101100000000000000000000000000000000010
1011001111011010010111001101110110000000000000000000000000000000000010
1010110110110111010001000110111001000000000000000000000000000000000010
1011110001001100000011010011100111000000000000000000000000000000000010
1010010010001010110000111111011000100000000000000000000000000000000010
1011010111001110110000101000110010000000000000000000000000000000000010
1011010000001010000100001110110011000000000000000000000000000000000010
1010000000011000001001001001101110100000000000000000000000000000000010
1010110011111111000001011001101011100000000000000000000000000000000010
1010101010110111110011101101100111000000000000000000000000000000000010
1010010000011000011101010101010111000000000000000000000000000000000010
1010110010011000000100111111111100100000000000000000000000000000000010
1010001010110100000100000110110001100000000000000000000000000000000010
1011100001001101011100111111100000100000000000000000000000000000000010
1010000110011010100101001100111001100000000000000000000000000000000010
1010111110001000010110010010000100100000000000000000000000000000000010
1010010001100100010101000100101111100000000000000000000000000000000010
1011010000111000100101000011000111100000000000000000000000000000000010
1011000111110011010110011111001010100000000000000000000000000000000010
1010100111100000010111101011110010000000000000000000000000000000000010
1010001101110100001101000001110100100000000000000000000000000000000010
1010100100010110111101100101111100100000000000000000000000000000000010
1010011100000001011111110011111001100000000000000000000000000000000010
1011110001110011101111011001100110100000000000000000000000000000000010
1011110010110100000111011000101111000000000000000000000000000000000010
1010011000011101001101101100100000000000000000000000000000000000000010
1011111100111011100101011010001111000000000000000000000000000000000010
1010111001111011011010101011000011100000000000000000000000000000000010
1010001101101101111101001011000001100000000000000000000000000000000010
1011011100110101101101101111001101000000000000000000000000000000000010
1010111100011001101111000110101110000000000000000000000000000000000010
1011010011111001000111001000011011000000000000000000000000000000000010
1010001001111101001000000011011011100000000000000000000000000000000010
1010011101010110100011100011101111100000000000000000000000000000000010
1010101110101100110100010001110110000000000000000000000000000000000010
1010100101101100001110100011011011100000000000000000000000000000000010
1010000000110000110100000101100111000000000000000000000000000000000010
1010010100010010101010111111110100000000000000000000000000000000000010
1010000010010100110001000100010011100000000000000000000000000000000010
1010100001011000001100010111101011100000000000000000000000000000000010
1011110001100100011010110100111100100000000000000000000000000000000010
1011011001110011111101011011110010100000000000000000000000000000000010
1010110111000110001000011010111000000000000000000000000000000000000010
1011010000000101100010011110010110100000000000000000000000000000000010
1010101100101101101110001011000111100000000000000000000000000000000010
1010111001110101001001001111010000000000000000000000000000000000000010
1010111001100110111010000101011000100000000000000000000000000000000010
1010010010111101101111100100101010100000000000000000000000000000000010
1011000000111001101100111110111000000000000000000000000000000000000010
1010110000000001010101111111000101000000000000000000000000000000000010
1010000001001100011110101001100100000000000000000000000000000000000010
1011001001101100100111101110001010100000000000000000000000000000000010
1011100001100000001010010110100000100000000000000000000000000000000010
1010000100001000100001111110111010000000000000000000000000000000000010
1010000001100111011000011111110100000000000000000000000000000000000010
1011011011011001001010010011011011100000000000000000000000000000000010
1011000100000100110001111001100101100000000000000000000000000000000010
1011100111010110011100110000110101000000000000000000000000000000000010
1011111001100101111101000111001100100000000000000000000000000000000010
1010111010011110011111010011000010100000000000000000000000000000000010
1011101000101100010000101010001111100000000000000000000000000000000010
1010100010010100001110111100110000100000000000000000000000000000000010
1011000100110010111100100111111000100000000000000000000000000000000010
1010010101100000110110010011010011100000000000000000000000000000000010
1011100100000110000101011011001011000000000000000000000000000000000010
1011000101011101111011111110001011100000000000000000000000000000000010
1010110110101110110100111101111111100000000000000000000000000000000010
1011000011111001100101111100100001000000000000000000000000000000000010
1010001011001110111011011011101010100000000000000000000000000000000010
1010000011011111001110110110111101100000000000000000000000000000000010
1010111100010100011101001100101111100000000000000000000000000000000010
1011100000100010110101101111111100100000000000000000000000000000000010
1010011011010011100111111001101011000000000000000000000000000000000010
1010100011111111111101001000100001100000000000000000000000000000000010
1010111100011111110001011011101111000000000000000000000000000000000010
1011000100000000010011000110101101000000000000000000000000000000000010
1010010011010000110000111111011010100000000000000000000000000000000010
1011011000110011111111111000110111000000000000000000000000000000000010
1011001110000010101000110110010000100000000000000000000000000000000010
1011110100101111000001011010011110100000000000000000000000000000000010
1010001101111000100100011001111100000000000000000000000000000000000010
1010011101100010010010000111110011000000000000000000000000000000000010
1011101010000111111101110110001001100000000000000000000000000000000010
1010100001001010100100101001011111000000000000000000000000000000000010
1010110001110100110001000101101110100000000000000000000000000000000010
1010011011101011101000100011101101100000000000000000000000000000000010
1011100001010011000101101010100001000000000000000000000000000000000010
1010111101000010101111110001001100100000000000000000000000000000000010
1010110000000110110100011010001111000000000000000000000000000000000010
1010100111001111010111100110001111000000000000000000000000000000000010
1011101011000000010110011110111011100000000000000000000000000000000010
1010110000010000111100011010011100000000000000000000000000000000000010
1011110111001100010110110000001000100000000000000000000000000000000010
1011001000101000100000000110110101100000000000000000000000000000000010
1010101110001001101110111100100011000000000000000000000000000000000010
1010110110001001111011111110110010000000000000000000000000000000000010
1010000111000101000110101000010001100000000000000000000000000000000010
1010001001111011010011100100111010100000000000000000000000000000000010
1011101000011101010111101101111010100000000000000000000000000000000010
1011000101100000110001101110111100000000000000000000000000000000000010
1011011011110001100111101000110110100000000000000000000000000000000010
1011011001001110010010110111000111100000000000000000000000000000000010
1011001000000000011001101000110000100000000000000000000000000000000010
1011001000000000110001101011011101000000000000000000000000000000000010
1011111001001010001110101101110101100000000000000000000000000000000010
1010011001010001010101100101111110100000000000000000000000000000000010
1011001110010011101111111010000000100000000000000000000000000000000010
1010111111100000011011100011001100100000000000000000000000000000000010
1011010110101011110001111100111011000000000000000000000000000000000010
1010011100101111111100101111110010100000000000000000000000000000000010
1010110010100110100010111110110011100000000000000000000000000000000010
1010110101011010101101111000001111000000000000000000000000000000000010
1010100010000110011101110101110110100000000000000000000000000000000010
1010100000001100001111101110100010000000000000000000000000000000000010
1010101011010100100110101111000101100000000000000000000000000000000010
1010011001011010100001110001101100000000000000000000000000000000000010
1010001011011110101110110011100100000000000000000000000000000000000010
1011010010001000010011001100110111100000000000000000000000000000000010
1010110111011001111011110111111111000000000000000000000000000000000010
1011010101001000111011011101010101000000000000000000000000000000000010
1011011100010010000100011101001111100000000000000000000000000000000010
1010010101100010100000000100001010000000000000000000000000000000000010
1011111111001100001001001011011110100000000000000000000000000000000010
1011000010111000000010111000111001100000000000000000000000000000000010
1010101101100111111101100100010000100000000000000000000000000000000010
1010110011000001101111011011000000000000000000000000000000000000000010
1010000010010000101111111001111110000000000000000000000000000000000010
1011011001110100100011100011111000100000000000000000000000000000000010
1010000110000111010110110001110110100000000000000000000000000000000010
1011101101010101101011111100101110000000000000000000000000000000000010
1010001000111011001000101001100010100000000000000000000000000000000010
1010010000110111001101011011100000000000000000000000000000000000000010
1011000101000110111110111101110001000000000000000000000000000000000010
1010000111000011011101000110101110000000000000000000000000000000000010
1010011010001000010000001111110001100000000000000000000000000000000010
1010111000011100100011100111100101100000000000000000000000000000000010
1010100001010111010100000100111000000000000000000000000000000000000010
1010010011100110101010001000000100100000000000000000000000000000000010
1010101010010011010111001101010101100000000000000000000000000000000010
1011100100011010100111001011111001100000000000000000000000000000000010
1011001000111110010110100110001101100000000000000000000000000000000010
1010110011000100100011111100011100000000000000000000000000000000000010
1010000111010100111001110001101000100000000000000000000000000000000010
1011101110010001010111000000101101100000000000000000000000000000000010
1010101100000000011000110111001001000000000000000000000000000000000010
1011110001110010000010010100010100100000000000000000000000000000000010
1010100100011000001010000001111011000000000000000000000000000000000010
1010100001000001100000100000010111100000000000000000000000000000000010
1010101101111001001001000111001100000000000000000000000000000000000010
1010011101100010000011010100011100000000000000000000000000000000000010
1010100000111010010011001100011110000000000000000000000000000000000010
1011101001101110001111100100001011100000000000000000000000000000000010
1010101101100001011110101010101111000000000000000000000000000000000010
1011100110101101100011110101000011100000000000000000000000000000000010
1010110100110010100110001111110111000000000000000000000000000000000010
1011111101011110110101110101111100000000000000000000000000000000000010
1011000011000000111100001001111010100000000000000000000000000000000010
1010000110100101000001000110010000100000000000000000000000000000000010
1011010100101101100000000000111001000000000000000000000000000000000010
1011101001011110100001100100100001100000000000000000000000000000000010
1011000110010011110100100010100100100000000000000000000000000000000010
1010010001010110011100110111100110000000000000000000000000000000000010
1010010000000010100000111001010010000000000000000000000000000000000010
1011101111100000000011011100100001100000000000000000000000000000000010
1010110000010000010110101100011111100000000000000000000000000000000010
1010100000110100111100100011000010100000000000000000000000000000000010
1010010010000011111111111111110111100000000000000000000000000000000010
1010010000110100001011100001011111000000000000000000000000000000000010
1011100110010001011110101111110111100000000000000000000000000000000010
1010011001100000100100101101001010000000000000000000000000000000000010
1011110000011010010101110001100111100000000000000000000000000000000010
1010110001001010111101001100001011000000000000000000000000000000000010
1010100101110100001011111100100011100000000000000000000000000000000010
1011001010001001100110000101100101000000000000000000000000000000000010
1010000100001111010101110011110010000000000000000000000000000000000010
1010111000010100011011110100110001000000000000000000000000000000000010
1011010010101000001001101010100111000000000000000000000000000000000010
1011000011000010100110100000101001100000000000000000000000000000000010
1011101010001110011100110111110011100000000000000000000000000000000010
1010110101010100000001111010100011100000000000000000000000000000000010
1011110011101000110001111000111111100000000000000000000000000000000010
1010010101000101011011110011111001000000000000000000000000000000000010
1011000000001000101110011100100011000000000000000000000000000000000010
1010010101100111101001100110001001000000000000000000000000000000000010
1011010101000010101111000011001111100000000000000000000000000000000010
1011100110011100001100010001000011000000000000000000000000000000000010
1011011100111001111111101101110100000000000000000000000000000000000010
1010011010110100110101001101011010100000000000000000000000000000000010
1011011101111111010111001010000111000000000000000000000000000000000010
1010100110110101011011110101010110100000000000000000000000000000000010
1011100011011111100011111110000001000000000000000000000000000000000010
1010100001001011000100111110011110000000000000000000000000000000000010
1011101101100110100110010111110010100000000000000000000000000000000010
1010101011000000011101110101101111000000000000000000000000000000000010
1011101010110100010110101101111111000000000000000000000000000000000010
1010001000010101010010111100101010100000000000000000000000000000000010
1010001001001110010110000101111000000000000000000000000000000000000010
1010000000001101010000100110101011100000000000000000000000000000000010
1011011000011000100101000001101000100000000000000000000000000000000010
1011110001000111110100111010010101100000000000000000000000000000000010
1010101001010111001010000010110010100000000000000000000000000000000010
1010010100010001100010100111101110100000000000000000000000000000000010
1011110111000001101101000110100100100000000000000000000000000000000010
1011001101010110100000011000110000000000000000000000000000000000000010
1010000101001011010110011101111110100000000000000000000000000000000010
1011001001010011101111111101011110000000000000000000000000000000000010
1010001001101101100000000111111101100000000000000000000000000000000010
1010101011000010110101111101111000100000000000000000000000000000000010
1011100111010000000101010101110111000000000000000000000000000000000010
1010111101110100010101010101000110000000000000000000000000000000000010
1011010001101110100011110101110101000000000000000000000000000000000010
1011000111111100110001110111111010100000000000000000000000000000000010
1011111111100110110111111101010010100000000000000000000000000000000010
1011110011011010111110110010010111000000000000000000000000000000000010
1010101110001001111011110100101101000000000000000000000000000000000010
1011000010110100000001100111101101000000000000000000000000000000000010
1010000000111000111111100110001001000000000000000000000000000000000010
1010010010000100100111100000110111000000000000000000000000000000000010
1011011000101000011010011010011100100000000000000000000000000000000010
1011101000100001101001100010011010100000000000000000000000000000000010
1011011001010100101101101000010010000000000000000000000000000000000010
1011011000110000001010110110000101100000000000000000000000000000000010
1010001011101011001110111010000000100000000000000000000000000000000010
1010001001011111011011110001011111000000000000000000000000000000000010
1011010100010110010101111100011110100000000000000000000000000000000010
1011101000010111101110001010110011100000000000000000000000000000000010
1011000001011001100011111011100110000000000000000000000000000000000010
1011111010010010111110111001001010100000000000000000000000000000000010
1011111111110001010001111111111101100000000000000000000000000000000010
1011011101110010001111110111010111100000000000000000000000000000000010
1011101001010001001111000111001100000000000000000000000000000000000010
1010010100101011100001011111101010100000000000000000000000000000000010
1010111100110110010101001001110011000000000000000000000000000000000010
1011011101101011001011111000011111000000000000000000000000000000000010
1011000011110111100010100110111000000000000000000000000000000000000010
1010010011000101110100111011100001100000000000000000000000000000000010
1011100111001010010110101100101000100000000000000000000000000000000010
1011011001000011111111111010111001000000000000000000000000000000000010
1011111000011010100100110000111110100000000000000000000000000000000010
1011011000111001111000000101101111000000000000000000000000000000000010
1010100101010111100110101101011100000000000000000000000000000000000010
1011111100001010100011010001100000100000000000000000000000000000000010
1011001110000111011000001110101110100000000000000000000000000000000010
1010101011001000011110011111101010000000000000000000000000000000000010
1011101001000011101011001000011110100000000000000000000000000000000010
1011011011110000001100110110011001000000000000000000000000000000000010
1010101011010000000111110001101110100000000000000000000000000000000010
1010011011001001000111110001110010000000000000000000000000000000000010
1010100010110110100101101101011101100000000000000000000000000000000010
1011010010000100000100011010001101000000000000000000000000000000000010
1011101111001000001111011010011110000000000000000000000000000000000010
1010000010011011111110111111111001000000000000000000000000000000000010
1011000011100010101101100001111101000000000000000000000000000000000010
1010101110000011001101001010000111000000000000000000000000000000000010
1011100110111000111111101011100010100000000000000000000000000000000010
1010110011101011010011111011111111000000000000000000000000000000000010
1011110111101011001111001001110111000000000000000000000000000000000010
1010000100001000100001001111100111100000000000000000000000000000000010
1011010001010100001000101001001000100000000000000000000000000000000010
1010100101010011110000111010110100000000000000000000000000000000000010
1011001111011110001011001011000101000000000000000000000000000000000010
1010101001001100000001110010101100100000000000000000000000000000000010
1010011100010100010001100111101110100000000000000000000000000000000010
1011111110001101111111111101000111100000000000000000000000000000000010
1011111010011000001111100000100101000000000000000000000000000000000010
1010001101000011000111010111111101100000000000000000000000000000000010
1010000111111010000000100001010010100000000000000000000000000000000010
1010001010110100000100010011100010100000000000000000000000000000000010
1011000101011100000000011000001100100000000000000000000000000000000010
1010110011110010110100111111000110100000000000000000000000000000000010
1010110011011110000000110001110110100000000000000000000000000000000010
1010001001011100010101011101101111000000000000000000000000000000000010
1010011111101101111111110110111011100000000000000000000000000000000010
1010011111000110010100101111111101000000000000000000000000000000000010
1010011100000111100101000001110101000000000000000000000000000000000010
1011001010011000010000101100000111100000000000000000000000000000000010
1011000011111100100000010101100001000000000000000000000000000000000010
1010011101000011001101111111011011100000000000000000000000000000000010
1011001101100011011111111011000010000000000000000000000000000000000010
1010100101110000001111011111110100100000000000000000000000000000000010
1011101010111111100011110110111010100000000000000000000000000000000010
1010011001000010111101001110001000000000000000000000000000000000000010
1010100101100000011110111100010110100000000000000000000000000000000010
1010110001011000100011011110001110100000000000000000000000000000000010
1010001101100001100001011111010011000000000000000000000000000000000010
1011111101101000010011111010001010100000000000000000000000000000000010
1011011100110000000111101010000010100000000000000000000000000000000010
1011100011010010101110111110110111100000000000000000000000000000000010
1011000101110100110101111000010101100000000000000000000000000000000010
1010011000011010100011010001100101100000000000000000000000000000000010
1011010000011011001010101100001100100000000000000000000000000000000010
1011111100100010101010101011011011100000000000000000000000000000000010
1011101001100001110111010001011111000000000000000000000000000000000010
1011001011100100000010000000000110000000000000000000000000000000000010
1010101000011001000110001011000111100000000000000000000000000000000010
1011111000100000110011101101110111100000000000000000000000000000000010
1011101001000100000000010011001101100000000000000000000000000000000010
1011101010011110110100101101100111100000000000000000000000000000000010
1010101010010000001110001000110100000000000000000000000000000000000010
1011101001100011000111011110110000000000000000000000000000000000000010
1011010001010111001111100000100100100000000000000000000000000000000010
1011001001010100101101111111010110000000000000000000000000000000000010
1011010010001110001110011111011011100000000000000000000000000000000010
1010000100000011110100111111101111100000000000000000000000000000000010
1010010100010000100110111011100110100000000000000000000000000000000010
1010000011001111101100110101100110000000000000000000000000000000000010
1010000010100111011101011101010110100000000000000000000000000000000010
1010000010011110000100111101101011100000000000000000000000000000000010
1010111100101100010001011011100101100000000000000000000000000000000010
1011010010000101110110110011011111000000000000000000000000000000000010
1010011001001100010101111111011111100000000000000000000000000000000010
1010011000000011000011111111001111100000000000000000000000000000000010
1010011110101111111010100010001101100000000000000000000000000000000010
1011100010110001110010101011010110100000000000000000000000000000000010
1010001110001000001001011010001011100000000000000000000000000000000010
1010000110000110101011010110011101100000000000000000000000000000000010
1010011111000010001011101111011101000000000000000000000000000000000010
1010001001111101100010111010010000000000000000000000000000000000000010
1011010111111000001000010101001101000000000000000000000000000000000010
1010010000010110001100011111101010000000000000000000000000000000000010
1011111001110010000111101010011011100000000000000000000000000000000010
1011100100100010000011100011100000000000000000000000000000000000000010
1011101101000011111110110101001100100000000000000000000000000000000010
1010010111110010100100010001001110000000000000000000000000000000000010
1011010111001001101001000000110110000000000000000000000000000000000010
1011111101000011001001100100111110000000000000000000000000000000000010
1011001011010111110011111011101110100000000000000000000000000000000010
1010000100111000100001111111001011000000000000000000000000000000000010
1010011010010110110101110100100110000000000000000000000000000000000010
1011010100010101101110100100011110000000000000000000000000000000000010
1010100000000111100111011001001011100000000000000000000000000000000010
1011000111111110010010001101011110100000000000000000000000000000000010
1011000001001100101110010001011100100000000000000000000000000000000010
1010011000101101010001001000011110100000000000000000000000000000000010
1010110000000111011101011001001111100000000000000000000000000000000010
1011001110001110011110110110010000100000000000000000000000000000000010
1010001101001010100011010001101110100000000000000000000000000000000010
1010101000101100110101011110011011000000000000000000000000000000000010
1010000010101111110011011100000010000000000000000000000000000000000010
1011100110101010111001101110110111100000000000000000000000000000000010
1010011001010000010101010111001011000000000000000000000000000000000010
1010001110011111011011011001010111100000000000000000000000000000000010
1010100010011100010010000111111010000000000000000000000000000000000010
1010000000011101100001101010101011000000000000000000000000000000000010
1010101111000011011011010101111000100000000000000000000000000000000010
1011001110110111100100111101001101100000000000000000000000000000000010
1011101111111001011011100000101001100000000000000000000000000000000010
1010001100101100001010000100101111100000000000000000000000000000000010
1011011111100001011011110001010011100000000000000000000000000000000010
1011011010011011101110110101000100000000000000000000000000000000000010
1010111001110111111010101111010100100000000000000000000000000000000010
1011011100010000110011100010110100000000000000000000000000000000000010
1011011010000000001110111111010101100000000000000000000000000000000010
1011110100000001101111010111001100000000000000000000000000000000000010
1010101000111010100000011110011110000000000000000000000000000000000010
1010010101100000011010011111001001100000000000000000000000000000000010
1010101101101111010110001110101111000000000000000000000000000000000010
1011001111001001101011100010001101100000000000000000000000000000000010
1011110000110110000010011101011100100000000000000000000000000000000010
1010110010011110011010000101000000000000000000000000000000000000000010
1010001001100001000100101000110111000000000000000000000000000000000010
1011000100000111101101100000000110000000000000000000000000000000000010
1010110100000001011110100110000001000000000000000000000000000000000010
1010100100000000100111101111010000100000000000000000000000000000000010
1010111000011101011111001111110000000000000000000000000000000000000010
1011001110101111110110111010100101100000000000000000000000000000000010
1010000111100110001110001011001100000000000000000000000000000000000010
1010101100010110010101011101111100100000000000000000000000000000000010
1010101001011100111111001100101100100000000000000000000000000000000010
1011000110110100111111001010100101000000000000000000000000000000000010
1010000100101010100110101001010001100000000000000000000000000000000010
1010111000010010000111101011110011000000000000000000000000000000000010
1011000001111110011111010100000001000000000000000000000000000000000010
1010001110010011110100100101100000000000000000000000000000000000000010
1010011100101100110101110010011101100000000000000000000000000000000010
1010100000001110110011000100000010000000000000000000000000000000000010
1010111010010101000110001101111110000000000000000000000000000000000010
1011101100000010101100100011110111000000000000000000000000000000000010
1010001110000110010101000110011101100000000000000000000000000000000010
1010010000011001001101000111000000000000000000000000000000000000000010
1011011011011111110111001000101010000000000000000000000000000000000010
1010000101111000110011111001111111000000000000000000000000000000000010
1011101000010000000111101000001011100000000000000000000000000000000010
1010100011001000001000010110001001100000000000000000000000000000000010
1011011010100001100100100001010111000000000000000000000000000000000010
1010111101100101101011110100100110000000000000000000000000000000000010
1011010000101010100111000001110000100000000000000000000000000000000010
1010000110101001101100010110101011100000000000000000000000000000000010
1011010010010101000111010000100110000000000000000000000000000000000010
1011000000010000011111110010101011000000000000000000000000000000000010
1011000101010000010110011110101011100000000000000000000000000000000010
1010000110000101101000100100011011100000000000000000000000000000000010
1010010000111011011101111000101111000000000000000000000000000000000010
1011110101001110011010001000100111100000000000000000000000000000000010
1011101011111101010100100011011111100000000000000000000000000000000010
1010000000000101110011010100000001000000000000000000000000000000000010
1010010100111000011000010000110111000000000000000000000000000000000010
1011100001010111001111011010101111100000000000000000000000000000000010
1011110001101010110100000111001101000000000000000000000000000000000010
1011000001001101110001111011100011100000000000000000000000000000000010
1010010000010110010010100111001101000000000000000000000000000000000010
1010000011010011100101100101110010000000000000000000000000000000000010
1010010100000110101010010100100111100000000000000000000000000000000010
1010011110110110111111101001010100100000000000000000000000000000000010
1010110001101011111001001111010111100000000000000000000000000000000010
1011000111000100000011001011111100000000000000000000000000000000000010
1011010101010111100001111001010101000000000000000000000000000000000010
1010001111111100000010100010010010000000000000000000000000000000000010
1011111001111101010101110100100111100000000000000000000000000000000010
1010100010010111100111100001011001100000000000000000000000000000000010
1011011100000011000001001100111000000000000000000000000000000000000010
1011100001111000101000011101100110100000000000000000000000000000000010
1010010110101000000101000110110110100000000000000000000000000000000010
1010100101001010001010010111100001100000000000000000000000000000000010
1010110011010010101100011010000100000000000000000000000000000000000010
1010010110010000110011001110101111100000000000000000000000000000000010
1011100000011001101100000000110011100000000000000000000000000000000010
1010110000001001010100001101111010100000000000000000000000000000000010
1010111010110111011110011001101100000000000000000000000000000000000010
1010001100010111010111100100101001100000000000000000000000000000000010
1011100100101011010100100101111010100000000000000000000000000000000010
1010011011111000001111001011110100000000000000000000000000000000000010
1011010000000101010000101011111100000000000000000000000000000000000010
1010110010110001110101110000011101100000000000000000000000000000000010
1010011000000000100010111011011111000000000000000000000000000000000010
1010000110010100010110010001100100100000000000000000000000000000000010
1010001000101010010111101111100111100000000000000000000000000000000010
1011101000101000010011110010101110100000000000000000000000000000000010
1010101011111110001001010110111111100000000000000000000000000000000010
1010011100000011010110011000110001100000000000000000000000000000000010
1011001010001100110100110111101010000000000000000000000000000000000010
1011011000101010011011000011100001100000000000000000000000000000000010
1011110000110000010001000010011110000000000000000000000000000000000010
1011011110011000101111110100111000100000000000000000000000000000000010
1010001101011110110011011100100111100000000000000000000000000000000010
1011000000001110010110111110110111000000000000000000000000000000000010
1011010110011000000110000110101001100000000000000000000000000000000010
1011101001010110101000111100001101000000000000000000000000000000000010
1010101000010001100110001111110110000000000000000000000000000000000010
1010001010011000110010111100001011000000000000000000000000000000000010
1011101101110100110010001101110000000000000000000000000000000000000010
1010110111010010110100111101111100100000000000000000000000000000000010
1010001010110010000111010001100101000000000000000000000000000000000010
1011000110011111110000110011111100100000000000000000000000000000000010
1010100100101001010011001100100100000000000000000000000000000000000010
1010010011100101110111001111011000100000000000000000000000000000000010
1010001111000100011111011000101110000000000000000000000000000000000010
1010001000011001101111010001101110100000000000000000000000000000000010
1010101010110100100100111110011000000000000000000000000000000000000010
1010011000011011110001001000110000000000000000000000000000000000000010
1011001001001000000001100110111110100000000000000000000000000000000010
1011110010000010010101010111011100000000000000000000000000000000000010
1011101000111000010111000110010110100000000000000000000000000000000010
1010110111000100000000010110110101100000000000000000000000000000000010
1011001000111111111000100110110001100000000000000000000000000000000010
1010001110011000100010011110100011000000000000000000000000000000000010
1011010001111111011111011101011111100000000000000000000000000000000010
1010100010000101000011101110011111000000000000000000000000000000000010
1011011000100101111011001011111001100000000000000000000000000000000010
1011110101000010001001001011111110000000000000000000000000000000000010
1011001001011001011111111000110100000000000000000000000000000000000010
1010110111100000000111001010011110000000000000000000000000000000000010
1011110011010000110000101111111011100000000000000000000000000000000010
1011001011100001111010000000011011000000000000000000000000000000000010
1011011001111110100111111100110100000000000000000000000000000000000010
1011110000101011100010101011001100000000000000000000000000000000000010
1011010110000010110000101011000000100000000000000000000000000000000010
1010100011100001111010100011011111100000000000000000000000000000000010
1011110001101011111100011100010100100000000000000000000000000000000010
1010111111100010101001111000110111100000000000000000000000000000000010
1011001011101110010110110011001110000000000000000000000000000000000010
1010110110011110110111101101111111000000000000000000000000000000000010
1011100010010101100111100100011011100000000000000000000000000000000010
1011001010011010100111001000100110100000000000000000000000000000000010
1011101011110001000100111101010000000000000000000000000000000000000010
1010110011101010010011100101001010100000000000000000000000000000000010
1010001100001011100001110100100011100000000000000000000000000000000010
1011110000011010100111000000011011100000000000000000000000000000000010
1010000001000100101001110000100000100000000000000000000000000000000010
1011100110100000100101010101111000000000000000000000000000000000000010
1010011101100100100011110100101111000000000000000000000000000000000010
1011000011000101010011110111100000100000000000000000000000000000000010
1010011001000010000001111000101100100000000000000000000000000000000010
1010010111010100100101100101010100100000000000000000000000000000000010
1011001101110101000111111011110010100000000000000000000000000000000010
1010110010111101010011011111001100100000000000000000000000000000000010
1011000100001000101101011000101001000000000000000000000000000000000010
1011010000111010010000111110010111000000000000000000000000000000000010
1010000101110000100011010101101101000000000000000000000000000000000010
1010000010001011000001111111100011000000000000000000000000000000000010
1011010110001101000101011110101010000000000000000000000000000000000010
1011010100001010010000101101110111000000000000000000000000000000000010
1010101001111000000110101110001010000000000000000000000000000000000010
1010000011100100000101010111000001000000000000000000000000000000000010
1011001101010111111001111101101110000000000000000000000000000000000010
1011000101100100000010110001010100100000000000000000000000000000000010
1010001010101110000101001111110010000000000000000000000000000000000010
1010100000000000110111011101001000100000000000000000000000000000000010
1011011000111100111001100100001000000000000000000000000000000000000010
1010010100010010011111100100011011100000000000000000000000000000000010
1010001000100100001010111010101101000000000000000000000000000000000010
1010101000011100100110011101011000000000000000000000000000000000000010
1011000000110010011000011000011000100000000000000000000000000000000010
1010000010001110000000101000010110100000000000000000000000000000000010
1011101101110011000000011110010101000000000000000000000000000000000010
1011111111100000011001001011010111000000000000000000000000000000000010
1011101001101010010101000011100101100000000000000000000000000000000010
1011011011111010101110000000111111000000000000000000000000000000000010
1011101100100110001101000000011101100000000000000000000000000000000010
1010001101001101110111001011111101000000000000000000000000000000000010
1010110000001110100001100010100111000000000000000000000000000000000010
1010101100000011001001110010001111000000000000000000000000000000000010
1011011000001110000110010111100001100000000000000000000000000000000010
1010011110010101000000100111001001100000000000000000000000000000000010
1011001001100110000010011101000010100000000000000000000000000000000010
1011011100100011100100110101001011000000000000000000000000000000000010
1011101111100110111101100100101110000000000000000000000000000000000010
1011000000100000001000100111000011100000000000000000000000000000000010
1010000001101001110010100101101110000000000000000000000000000000000010
1011111100100001010111011111101110100000000000000000000000000000000010
1011010001001111000110101000010010000000000000000000000000000000000010
1010110110110011101111111000010011100000000000000000000000000000000010
1010101001100001110100100111000001000000000000000000000000000000000010
1010010001010000110101111101101111000000000000000000000000000000000010
1011000000011100000011101001111011100000000000000000000000000000000010
1011000001010000101111011000011011100000000000000000000000000000000010
1011101001101010010100100011011010100000000000000000000000000000000010
1010001110001101110001011100101101000000000000000000000000000000000010
1010000000100010110110011011011000000000000000000000000000000000000010
1010000111110101011010001110011001000000000000000000000000000000000010
1010111000100111011010100001100111100000000000000000000000000000000010
1010100000001000000101011010001000100000000000000000000000000000000010
1011000110100011100011011101110011100000000000000000000000000000000010
1010011011111010011001010111011000100000000000000000000000000000000010
1011000010001101011010110010101100100000000000000000000000000000000010
1011011111011000010011000011011010100000000000000000000000000000000010
1010111111011111001111111000001011100000000000000000000000000000000010
1010111101000001101111000011111010100000000000000000000000000000000010
1011101011011101110011010010111101000000000000000000000000000000000010
1010100001100000001001000110101111100000000000000000000000000000000010
1010110000111101001111000100000011000000000000000000000000000000000010
1011100100100010011001011011100110100000000000000000000000000000000010
1011100011000011001000101111111001100000000000000000000000000000000010
1011010001111000100000010010101111000000000000000000000000000000000010
1010011010011001011101101001011110100000000000000000000000000000000010
1010011000110100001110010101010011100000000000000000000000000000000010
1011000110101000100110101011111111000000000000000000000000000000000010
1011100000111101100111001111000000100000000000000000000000000000000010
1010001001011101011111101110101101100000000000000000000000000000000010
1010100001101110000000111101000000000000000000000000000000000000000010
1011010101100000010001110000011110100000000000000000000000000000000010
1010011011011100000001111110100010000000000000000000000000000000000010
1011001100000000111101110010010010100000000000000000000000000000000010
1011011101011100110011111001111001000000000000000000000000000000000010
1010000101001101100101011001110100100000000000000000000000000000000010
1010111101011100111001001110111010000000000000000000000000000000000010
1011000100110110000111011111110101000000000000000000000000000000000010
1011001101001100010011000001010111100000000000000000000000000000000010
1010101101011100000100101001101011100000000000000000000000000000000010
1010010000010000111101000101010001000000000000000000000000000000000010
1011110001101111011011000100111111100000000000000000000000000000000010
1010000100110101001011010011111000100000000000000000000000000000000010
1011000110110101110111111100000001100000000000000000000000000000000010
1010011101111111111110111101011010000000000000000000000000000000000010
1010110100001100010001000110111010100000000000000000000000000000000010
1011110111100101110110010011000111100000000000000000000000000000000010
1011111111010011010011101100010111100000000000000000000000000000000010
1011000101000001010100101010010110100000000000000000000000000000000010
1010010010001110101010011110001011000000000000000000000000000000000010
1011101100110101110001111111001010100000000000000000000000000000000010
1011011000110001011111001100000111100000000000000000000000000000000010
1010010101101001010011111001110010000000000000000000000000000000000010
1010010110011110100101100110011111000000000000000000000000000000000010
1011101011011000100110011010110000100000000000000000000000000000000010
1011001101111010000010000011011001100000000000000000000000000000000010
1010010001011111110011010000011010000000000000000000000000000000000010
1010111000010011100111010100000110000000000000000000000000000000000010
1010000000000011011011001011110001000000000000000000000000000000000010
1010000110100001011110010110011100100000000000000000000000000000000010
1011000000010011110111001010101111000000000000000000000000000000000010
1010011110010001100000011011000110000000000000000000000000000000000010
1010101000011100110011101011100101100000000000000000000000000000000010
1010101011001001100100001101000000000000000000000000000000000000000010
1011010010000001000101111111011110000000000000000000000000000000000010
1010111100001011010100000110110110100000000000000000000000000000000010
1011001001100001111100100011101010000000000000000000000000000000000010
1010101110011001000001111010010111000000000000000000000000000000000010
1010000111001110010111111101000111100000000000000000000000000000000010
1011010011011001000100100001010101100000000000000000000000000000000010
1011101000010111011011001101111101000000000000000000000000000000000010
1010000001001110010101011011111111000000000000000000000000000000000010
1011000100011101100000011010001010000000000000000000000000000000000010
1010010010100001101100111000010001000000000000000000000000000000000010
1011011001001001010001001100111111100000000000000000000000000000000010
1010000110010100100100110101011011100000000000000000000000000000000010
1011010011101101000010000100111010000000000000000000000000000000000010
1010111101000111011101111000010010000000000000000000000000000000000010
1010000101100101001111010010111111100000000000000000000000000000000010
1011001001100101011011111101110010000000000000000000000000000000000010
1011001011111110001001101101111010000000000000000000000000000000000010
1010001000000011000010111001100010100000000000000000000000000000000010
1011010101000001010110010010111100100000000000000000000000000000000010
1011000110001010111001110101001110100000000000000000000000000000000010
1011010001111111110100111001100110100000000000000000000000000000000010
1011100100110110011100010110001011100000000000000000000000000000000010
1010010000011000100010011100000001000000000000000000000000000000000010
1010010101110000110101011110110010100000000000000000000000000000000010
1010010101000110110010010100100110100000000000000000000000000000000010
1011100001010100101111101110111110000000000000000000000000000000000010
1010110100100000010010110010000110000000000000000000000000000000000010
1010001011111010010101100110111110100000000000000000000000000000000010
1010111101111100001001010111111100100000000000000000000000000000000010
1010100001001111011111100100011011000000000000000000000000000000000010
1010010101000100011110000010110011100000000000000000000000000000000010
1010101000100111001101101100010011100000000000000000000000000000000010
1011001001101100001001101000111101100000000000000000000000000000000010
1010111000111100010101111101011010100000000000000000000000000000000010
1010010001001000010010010110111010100000000000000000000000000000000010
1011000010000011011010101101001111100000000000000000000000000000000010
1010011000100000100111101011001111100000000000000000000000000000000010
1010100110000010001100110111011010000000000000000000000000000000000010
1010100110101000001011011010011011100000000000000000000000000000000010
1011011000111001100100101110001011000000000000000000000000000000000010
1011110100000000000001101111110001100000000000000000000000000000000010
1011111000110010000000110111001101100000000000000000000000000000000010
1011101110010110001111001001100110100000000000000000000000000000000010
1011100100011101001011101100011110100000000000000000000000000000000010
1010000010001010011111111010110000100000000000000000000000000000000010
1011101011111001100000111011010111000000000000000000000000000000000010
1011111111010010111111111110100111100000000000000000000000000000000010
1011011110001010111000101111111100000000000000000000000000000000000010
1011111000100000100111100010110001100000000000000000000000000000000010
1010100000111001000010110010001001100000000000000000000000000000000010
1011011001000001011111110110110110000000000000000000000000000000000010
1011011000000011001101000000111110100000000000000000000000000000000010
1010110111000010100011011100101101100000000000000000000000000000000010
1011101000111110001111111101000011000000000000000000000000000000000010
1011000001011100001000111100111000100000000000000000000000000000000010
1010010000100000001011100000101000000000000000000000000000000000000010
1011111110111110100111111110101100000000000000000000000000000000000010
1011110111101010110001110001110110000000000000000000000000000000000010
1011100101001000100000111011011101000000000000000000000000000000000010
1011100011111101111101110000101100000000000000000000000000000000000010
1010001111000011111001101111001110100000000000000000000000000000000010
1010100100101101110001111001111111000000000000000000000000000000000010
1010001111001101100001011011100000000000000000000000000000000000000010
1011011011110101101101010101101110100000000000000000000000000000000010
1011011001011000010101101111000000000000000000000000000000000000000010
1010001010010001110101001110111100100000000000000000000000000000000010
1010010111011101010100110110011000000000000000000000000000000000000010
1011111000011001011111110011110111000000000000000000000000000000000010
1010011010011011000001010011100010100000000000000000000000000000000010
1011010101011001100111001110000110100000000000000000000000000000000010
1011000000000001101101011101111101100000000000000000000000000000000010
1011110010101101000111100110101101100000000000000000000000000000000010
1011100101010010100100010001110010000000000000000000000000000000000010
1011100101001010100011101011000110000000000000000000000000000000000010
1010100101000011101101011010110011000000000000000000000000000000000010
1011010011000100010100111110101110000000000000000000000000000000000010
1011101001010010111100101110100011000000000000000000000000000000000010
1011010111101101101111100100101111000000000000000000000000000000000010
1010101001000000011101011000110111000000000000000000000000000000000010
1011100010111100000100111011101010000000000000000000000000000000000010
1011110001100110001110110111011110000000000000000000000000000000000010
1010000010011010110101111101100001000000000000000000000000000000000010
1011001111100000010011110101100101000000000000000000000000000000000010
1011010011000011110000001001100111100000000000000000000000000000000010
1011000100000100000000101110110110000000000000000000000000000000000010
1010010111010000101001100110101011100000000000000000000000000000000010
1010100000011000101111100110100010100000000000000000000000000000000010
1011011000010011001111100101111111100000000000000000000000000000000010
1011001100010100100110000101000101000000000000000000000000000000000010
1010000101010000110011000111010011100000000000000000000000000000000010
1010101010000010111100001110001000100000000000000000000000000000000010
1010011110111100100101010000101000100000000000000000000000000000000010
1010011111100100100011101000111001000000000000000000000000000000000010
1010101101011000110100011010101111000000000000000000000000000000000010
1010011001100111110110011011111100100000000000000000000000000000000010
1010011110101100100111001100110101100000000000000000000000000000000010
1011111100100100100111110101111011100000000000000000000000000000000010
1010111010011100110001111111101101000000000000000000000000000000000010
1011100001111101001101100100100000000000000000000000000000000000000010
1010011011000100010101111010101111000000000000000000000000000000000010
1010100101011110011111110101010110100000000000000000000000000000000010
1011000010010110010111101011110111000000000000000000000000000000000010
1011001001111110101011111000101110000000000000000000000000000000000010
1011111011011101011000011101101010100000000000000000000000000000000010
1010110100000011001011110010100100000000000000000000000000000000000010
1010001001010100110001111101111100000000000000000000000000000000000010
1010110100000111001101100011110111100000000000000000000000000000000010
1011111011101001001010010010101110000000000000000000000000000000000010
1011001101100001010111110000110010100000000000000000000000000000000010
1011010111001100011110010111010111000000000000000000000000000000000010
1011111000001111100001100010000010000000000000000000000000000000000010
1010100011101100100010111111001010100000000000000000000000000000000010
1011000001000011111101111000110010100000000000000000000000000000000010
1011001111000110010000001100000111000000000000000000000000000000000010
1010001010000001110100110011100001000000000000000000000000000000000010
1010001001000101010101110101111001100000000000000000000000000000000010
1011110101000000101001000010000110100000000000000000000000000000000010
1011110010011101001010000101000001100000000000000000000000000000000010
1010110011111111100101010101100101100000000000000000000000000000000010
1011010111100010111101000001101010000000000000000000000000000000000010
1010110101100011100110000010011100000000000000000000000000000000000010
1010010101000100001001000010100101100000000000000000000000000000000010
1011110000110011010101111110010001100000000000000000000000000000000010
1011110000000101111101100101101100100000000000000000000000000000000010
1010101111010011100000001101111011100000000000000000000000000000000010
1011011101010000010000101011101111000000000000000000000000000000000010
1011100101010101010101010100011010100000000000000000000000000000000010
1010000001110000110010111111111010000000000000000000000000000000000010
1010100101000100110001010010110111100000000000000000000000000000000010
1010011010001000011011111110000101100000000000000000000000000000000010
1011101101101111110101000000011001100000000000000000000000000000000010
1010000000001010100001111101100010000000000000000000000000000000000010
1010101001101110000110010010110101100000000000000000000000000000000010
1010000000011001111110110110000111000000000000000000000000000000000010
1011111100100010101010000011111111000000000000000000000000000000000010
1010000000010100011101111000001011000000000000000000000000000000000010
1010001001011111101001110011010010000000000000000000000000000000000010
1011001100011101011101001100010001000000000000000000000000000000000010
1010110010010100110111000111110010000000000000000000000000000000000010
1010101111101101010110011010001001000000000000000000000000000000000010
1010101111010101001000000010100111000000000000000000000000000000000010
1010110010001010110101000010011010100000000000000000000000000000000010
1010100010110100110110101011110111000000000000000000000000000000000010
1011001101111011101110010101011011100000000000000000000000000000000010
1010101110110011001011000110101100000000000000000000000000000000000010
1010010101000110011010101011001010000000000000000000000000000000000010
1010010011101010011100100100110011000000000000000000000000000000000010
1011110000001111101000011101110011100000000000000000000000000000000010
1010010011000110001111101010011101100000000000000000000000000000000010
1010001101001011011010111110111001000000000000000000000000000000000010
1010000011101000111101011010010100100000000000000000000000000000000010
1011000110001110001000011010101011000000000000000000000000000000000010
1011001101010111010000011000010001000000000000000000000000000000000010
1011100011011010101001100101101111100000000000000000000000000000000010
1010010011000010011110010101000111100000000000000000000000000000000010
1011100101110101010100111011101111000000000000000000000000000000000010
1010100011010101101011110011111001000000000000000000000000000000000010
1011001000100110100100100110101010100000000000000000000000000000000010
1010100101001111010111100000101010000000000000000000000000000000000010
1010101101011111111110011010001111100000000000000000000000000000000010
1010110111111010110011010000111010100000000000000000000000000000000010
1011011000100110111001110111100111000000000000000000000000000000000010
1011101101001000001100110001111011100000000000000000000000000000000010
1011100111000001001111011100010111100000000000000000000000000000000010
1010010000101000001010110111010101000000000000000000000000000000000010
1011101101101101100001000101110011000000000000000000000000000000000010
1011110110101110110100101100100101100000000000000000000000000000000010
1010011010001110011110110001110100100000000000000000000000000000000010
1011010000101100000011100011001111100000000000000000000000000000000010
1010110010100110101001010001111011100000000000000000000000000000000010
1010100100000000000101111110011000100000000000000000000000000000000010
1010111011001100001011011110101101000000000000000000000000000000000010
1011000100110000100111110111011011000000000000000000000000000000000010
1011010011000100100011001001001110100000000000000000000000000000000010
1011111000010100101010000111010010100000000000000000000000000000000010
1011000001001000101111110000100111100000000000000000000000000000000010
1010101101110000100000111001101101000000000000000000000000000000000010
1010111010001000010011101100010011100000000000000000000000000000000010
1010100000100101100001000111110101000000000000000000000000000000000010
1010000100011000111101011011000101000000000000000000000000000000000010
1011100000101010000010110101000000100000000000000000000000000000000010
1010010001111100000111111110010110100000000000000000000000000000000010
1010111100000011110111000011110000100000000000000000000000000000000010
1010001001101100011101100110000111100000000000000000000000000000000010
1010001001111010101101111101110000100000000000000000000000000000000010
1011010011010101101101000101010110000000000000000000000000000000000010
1011110011011000100111100011100110100000000000000000000000000000000010
1011100110000101011111010001111011100000000000000000000000000000000010
1010101001100001100110010000111100100000000000000000000000000000000010
1010010010000101100100110000111110000000000000000000000000000000000010
1010111111000100010111000111001000100000000000000000000000000000000010
1011100100100101010011110001000111000000000000000000000000000000000010
1011110101101111100100011010111000100000000000000000000000000000000010
1011100111101011110101110101111111100000000000000000000000000000000010
1011011101110000010110011111011101100000000000000000000000000000000010
1010011110110001000000000000001111000000000000000000000000000000000010
1010000010000101001011111001010110100000000000000000000000000000000010
1010000110100001101000110000000110000000000000000000000000000000000010
1010000100101001010011011011011001000000000000000000000000000000000010
1011100100101001100010000000100010100000000000000000000000000000000010
1011001001000101100011111011111101100000000000000000000000000000000010
1011000100011000000101111001010100100000000000000000000000000000000010
1011110111010000001011011011000001100000000000000000000000000000000010
1011110111111100011100100000000001100000000000000000000000000000000010
1010011011010001010000111001101011000000000000000000000000000000000010
1010010100000000111100101001010111100000000000000000000000000000000010
1010110100010111111011000110000000100000000000000000000000000000000010
1010101011010101110111101001001010000000000000000000000000000000000010
1010011001000001000010010100111100000000000000000000000000000000000010
1010101101011111100001001101100111100000000000000000000000000000000010
1010010100101000100001111101110011100000000000000000000000000000000010
1011000111001101101110000001000010000000000000000000000000000000000010
1011011010000100111000100111101011100000000000000000000000000000000010
1011010000001001010110001010111110100000000000000000000000000000000010
1011001110100000011001010100001100000000000000000000000000000000000010
1010011001011110001111101101110010100000000000000000000000000000000010
1011111001001111110100011111101010100000000000000000000000000000000010
1010111101101101000111111011110110100000000000000000000000000000000010
1011101110111010010110100010010001000000000000000000000000000000000010
1011110110010010001010000100110100000000000000000000000000000000000010
1011100000111001111101110111000101100000000000000000000000000000000010
1010101101011111001001000010100000100000000000000000000000000000000010
1010011011111001000000110010101101000000000000000000000000000000000010
1011011000010000101010111100110010100000000000000000000000000000000010
1010001100011000000011111110100100100000000000000000000000000000000010
1011011100100100110000101100110111100000000000000000000000000000000010
1011101000110110001011101100100100100000000000000000000000000000000010
1010000001100000101010111011111110000000000000000000000000000000000010
1010000101111000011101001000100111000000000000000000000000000000000010
1010001000111001000100001101110011100000000000000000000000000000000010
1011010001100110111111011010010001000000000000000000000000000000000010
1010000100000001011110001110000100000000000000000000000000000000000010
1010010010001010111101111101000000100000000000000000000000000000000010
1010111101010100101000100011001011000000000000000000000000000000000010
1010001001011111101111100100011010100000000000000000000000000000000010
1010101000001011100000100110111010000000000000000000000000000000000010
1011100111101110000001110111011001100000000000000000000000000000000010
1011000110110011110010010100111001000000000000000000000000000000000010
1011011111100111000110100010001111100000000000000000000000000000000010
1011101010011010110100110101010100000000000000000000000000000000000010
1010001111001010001001101100001101100000000000000000000000000000000010
1010110001010111011001111010000010100000000000000000000000000000000010
1010111001100101110100110111110110100000000000000000000000000000000010
1011110000001100000001110111001010100000000000000000000000000000000010
1010001101110111100001101110111001100000000000000000000000000000000010
1010010000010000000010011011100111000000000000000000000000000000000010
1010011111000010111111110111100010000000000000000000000000000000000010
1011001001001110111001111000100111100000000000000000000000000000000010
1011110000010111011110010100110000100000000000000000000000000000000010
1011111010110011100011111111100010100000000000000000000000000000000010
1011011111100111101111000010001101000000000000000000000000000000000010
1010011011110010000100111001000001100000000000000000000000000000000010
1011111001000010111001101001001110100000000000000000000000000000000010
1010010100011100110111110111011011100000000000000000000000000000000010
1011010000111010011011111010101111100000000000000000000000000000000010
1011011101010101000110111101111101000000000000000000000000000000000010
1011101111010100100110110011101101000000000000000000000000000000000010
1011110011011010011101001100001100000000000000000000000000000000000010
1011010111101100011010010010010011000000000000000000000000000000000010
1011000101110100100011000011101110100000000000000000000000000000000010
1010001110000110100110000010000100000000000000000000000000000000000010
1010001000010001101111110101111110000000000000000000000000000000000010
1011000001000100010010000110100001100000000000000000000000000000000010
1010011110010111010001000011001010100000000000000000000000000000000010
1010101100001010000110100111100011100000000000000000000000000000000010
1010111010110110110111110111101110000000000000000000000000000000000010
1011001000101111001011010011111011100000000000000000000000000000000010
1010011000001001000110011011010101000000000000000000000000000000000010
1011010110101000011110100011111011100000000000000000000000000000000010
1010110001011001110101111111111001000000000000000000000000000000000010
1011101110011001100011010110000111000000000000000000000000000000000010
1010011001111000000111010100001101000000000000000000000000000000000010
1011010110100110100011001000100010000000000000000000000000000000000010
1011110100000100011000011010010110100000000000000000000000000000000010
1011000110001000000110100011011011100000000000000000000000000000000010
1011011100001001101110001101111101000000000000000000000000000000000010
1011011100100100000111100110011011000000000000000000000000000000000010
1010110010100101000110011110111001000000000000000000000000000000000010
1010110011000010001011101101110101100000000000000000000000000000000010
1011101101000111011110110100101110100000000000000000000000000000000010
1011000111100010000001111110111000000000000000000000000000000000000010
1011100111010001000000000101101011000000000000000000000000000000000010
1011101100101110010010001100101101100000000000000000000000000000000010
1010010111000011000010000110000101100000000000000000000000000000000010
1011000001110101010100000101001001100000000000000000000000000000000010
1010111101001101001111010100001011000000000000000000000000000000000010
1010011110000011110100001100011000000000000000000000000000000000000010
1011011111100111101000000010011011000000000000000000000000000000000010
1010101001000000011101010011111100100000000000000000000000000000000010
1010011110110000101101011111111010100000000000000000000000000000000010
1010111010100010000110100110001100100000000000000000000000000000000010
1010000000100011010100100111010111100000000000000000000000000000000010
1011101001111100000101001101010111100000000000000000000000000000000010
1011110110100101001011111100101101000000000000000000000000000000000010
1010100110110000000000011110000100100000000000000000000000000000000010
1010000001000010101100011111111101100000000000000000000000000000000010
1011100111110100011110111100101101100000000000000000000000000000000010
1010111111011010010010100100110100000000000000000000000000000000000010
1010111111000101010010110000011000000000000000000000000000000000000010
1010000001101101111101001001011100100000000000000000000000000000000010
1011011100000000101011111001001111100000000000000000000000000000000010
1010100011110010110101101101000110000000000000000000000000000000000010
1010111110000001000100101100000000000000000000000000000000000000000010
1010001000110110101110111100110011000000000000000000000000000000000010
1010111110001000110111000110110111000000000000000000000000000000000010
1011001101000001000101101101100101100000000000000000000000000000000010
1010000000101010101111110100101011100000000000000000000000000000000010
