1010011101001001110110111101111010000000000000000000000000000000000010
1011110010000110010110101001111001000000000000000000000000000000000010
1011111101111001010110011010110011000000000000000000000000000000000010
1011000010001100001111101000101000000000000000000000000000000000000010
1010111000101101001000110010110010100000000000000000000000000000000010
1011000000110101000100011101110010000000000000000000000000000000000010
1011010011110101000001001110011101000000000000000000000000000000000010
1010101111011001011001101000011011100000000000000000000000000000000010
1010000011000011010010111010001110000000000000000000000000000000000010
1011001100010110100111010011100010100000000000000000000000000000000010
1011011000110000001001011101110011000000000000000000000000000000000010
1011101101100110010011011001101111000000000000000000000000000000000010
1010010000101000011000110100011010100000000000000000000000000000000010
1010000010100001101101111001110110000000000000000000000000000000000010
1011000000000001010101001000101001100000000000000000000000000000000010
1010001110010000110100110001110111100000000000000000000000000000000010
1011010010001010010010111011111101100000000000000000000000000000000010
1010010101001011010111010111111001000000000000000000000000000000000010
1010010100000010011010101111100011100000000000000000000000000000000010
1011000110011100100010000011011110100000000000000000000000000000000010
1010100011001010000011101111010001000000000000000000000000000000000010
1011000000011000110110111111110001100000000000000000000000000000000010
1011101011100111010101000000000111000000000000000000000000000000000010
1010101100011011100001010011110100100000000000000000000000000000000010
1011101100000101001011010001101001000000000000000000000000000000000010
1010011101000110100110010000101001100000000000000000000000000000000010
1010111000100100000110110000001011000000000000000000000000000000000010
1011000110010101100111100110000111000000000000000000000000000000000010
1010100011010010111011101000111110100000000000000000000000000000000010
1010010111001000110100110010110110100000000000000000000000000000000010
1010100000101010011101000111001011100000000000000000000000000000000010
1010000110000101010100011101000110000000000000000000000000000000000010
1010111000101101001101101011101111100000000000000000000000000000000010
1011101000100111101011100000101000000000000000000000000000000000000010
1011010001011101111110010110101111100000000000000000000000000000000010
1011100010000001000110001101011110000000000000000000000000000000000010
1010010001001000101011101010100110100000000000000000000000000000000010
1010111110011101000100000000001001000000000000000000000000000000000010
1011000001001001000001010011000001100000000000000000000000000000000010
1011110111100010000100110110111111000000000000000000000000000000000010
1010110010100011110101011011110111000000000000000000000000000000000010
1010011000010011000101000101100000100000000000000000000000000000000010
1010110101110010000111111010110001000000000000000000000000000000000010
1010110100010000000111100111101010100000000000000000000000000000000010
1011101010010000011100000111001111100000000000000000000000000000000010
1010001100000010110010111100111001100000000000000000000000000000000010
1010000001000110101010110100100111100000000000000000000000000000000010
1010010100101011010001100110100101000000000000000000000000000000000010
1010010010000001000001101010111101000000000000000000000000000000000010
1010101000001110101101011111110010000000000000000000000000000000000010
1010011110011110010101110011111010000000000000000000000000000000000010
1011000011010000010111001111111001100000000000000000000000000000000010
1011111110010000100010001111100111100000000000000000000000000000000010
1011101100000101011010001110111101100000000000000000000000000000000010
1010001010101000000010111100111100000000000000000000000000000000000010
1011011100100010110100111110101101100000000000000000000000000000000010
1011100001000000001110011111111010100000000000000000000000000000000010
1010111010000000011111110100110011100000000000000000000000000000000010
1010110010111100001000011010111110100000000000000000000000000000000010
1011101110100100100010001011010100100000000000000000000000000000000010
1010100100000010000001111010010001000000000000000000000000000000000010
1010010010011100000110101110101100100000000000000000000000000000000010
1010000000010010000000100100110001100000000000000000000000000000000010
1011000100001011101110011001001110000000000000000000000000000000000010
1011011010101100110010110110011110100000000000000000000000000000000010
1010110110011101000100010100000101100000000000000000000000000000000010
1010000000000111001010000001000000000000000000000000000000000000000010
1010110011110110101110011100011101100000000000000000000000000000000010
1010100100001010000001011000111000000000000000000000000000000000000010
1010010100110011110010011000011101000000000000000000000000000000000010
1010101000010111000111111011001101100000000000000000000000000000000010
1011011100000110011010010111111110000000000000000000000000000000000010
1011001001100110010111010101110111100000000000000000000000000000000010
1010011010101110100001100000100001100000000000000000000000000000000010
1011110000000001011010010011111100000000000000000000000000000000000010
1010011110011110001100011001111101000000000000000000000000000000000010
1011010000010101001000110000001001000000000000000000000000000000000010
1011010100100101111011010001010000100000000000000000000000000000000010
1010001100101110001000010100011111000000000000000000000000000000000010
1010100101110010111010111100010110000000000000000000000000000000000010
1011111101101000010101101110010100100000000000000000000000000000000010
1011111001111100100011000111110000000000000000000000000000000000000010
1010111101000000001011111101000001000000000000000000000000000000000010
1011000000010100011100100000100011100000000000000000000000000000000010
1010110100010101000011001010011101000000000000000000000000000000000010
1011000011000000100011000011000110100000000000000000000000000000000010
1011000110001000011101010001111010100000000000000000000000000000000010
1010101000000001010101001001001011000000000000000000000000000000000010
1010111100101100000110100111110000100000000000000000000000000000000010
1010111100011110111111100001010100100000000000000000000000000000000010
1011010000000010101111010000111011100000000000000000000000000000000010
1010101000011010000110011101101101100000000000000000000000000000000010
1010100100000100010011101010110101000000000000000000000000000000000010
1011111111011011100110011001111100100000000000000000000000000000000010
1010110000100000000111011101101100100000000000000000000000000000000010
1011100010001111001001100100000111100000000000000000000000000000000010
1010100010010110011100110111011101100000000000000000000000000000000010
1010001000011000000001101001111111000000000000000000000000000000000010
1010001000000110101111101110011011100000000000000000000000000000000010
1010100011010001011100111000101110000000000000000000000000000000000010
1010110111001011110101110000001011100000000000000000000000000000000010
1011111000110000111110010001110000100000000000000000000000000000000010
1010111111101110010110110111100101100000000000000000000000000000000010
1010001010001010001101101010000001100000000000000000000000000000000010
1010001110110000110010010000001111000000000000000000000000000000000010
1010000001100111001011110101101011100000000000000000000000000000000010
1010011111110011011100100011110110000000000000000000000000000000000010
1010000100010101000111110010000000100000000000000000000000000000000010
1010010100010011110110001001111011100000000000000000000000000000000010
1011110010110010101001001011100001000000000000000000000000000000000010
1010101100011110101100010001000101100000000000000000000000000000000010
1011011000111101000101111110000101000000000000000000000000000000000010
1010101010100011010000001111101100000000000000000000000000000000000010
1011001101101111000011000111001000100000000000000000000000000000000010
1011111011100101111110011001110011100000000000000000000000000000000010
1011000100000011100010101001001110000000000000000000000000000000000010
1011100100111001110110111100111101100000000000000000000000000000000010
1011010001100100011100010010101001100000000000000000000000000000000010
1011101011100110011100110101001110100000000000000000000000000000000010
1010000000100010000111110101000011100000000000000000000000000000000010
1011011010101111000111000100100010100000000000000000000000000000000010
1010101000101101100111011010110100100000000000000000000000000000000010
1011000001001101010001101111111010000000000000000000000000000000000010
1010100000011000100011101001011101100000000000000000000000000000000010
1011000000001100101001101110000110100000000000000000000000000000000010
1010011110111011000001101001101100000000000000000000000000000000000010
1010101100111110010010011101101010100000000000000000000000000000000010
1010111000100001000011110010111001000000000000000000000000000000000010
1011110110111010000101001001101111100000000000000000000000000000000010
1010100011010110010010100111101001000000000000000000000000000000000010
1011100101001111110011100011000011100000000000000000000000000000000010
1010100101100011000110001000101110000000000000000000000000000000000010
1010111100001011001111011000101010100000000000000000000000000000000010
1011111011110110100000110001010010100000000000000000000000000000000010
1011101100011011100110100010011110100000000000000000000000000000000010
1011000100000101100001110111010101100000000000000000000000000000000010
1010110111100001000000111000101011100000000000000000000000000000000010
1010111100010001011110110001001011000000000000000000000000000000000010
1011000001001110100011110111110010100000000000000000000000000000000010
1010000001000010001011101101101111100000000000000000000000000000000010
1011010101001101101011101011110110100000000000000000000000000000000010
1011101000100110101001011010100011100000000000000000000000000000000010
1010101110000110101100100101000111100000000000000000000000000000000010
1011010000000010011101011010001110100000000000000000000000000000000010
1010010011010111011100011110111101100000000000000000000000000000000010
1010100110110011000111111110111100100000000000000000000000000000000010
1011001100101010110100011101010011100000000000000000000000000000000010
1011100010110000001010000111101101000000000000000000000000000000000010
1011011001110001111011100011001010100000000000000000000000000000000010
1011001101101000110000000001101100100000000000000000000000000000000010
1010001010001110000001100111100111100000000000000000000000000000000010
1010111001010011001000011010100001000000000000000000000000000000000010
1010010011110001011101000011110101000000000000000000000000000000000010
1011011011100001100011011000001100100000000000000000000000000000000010
1011101010100110010111011011000100000000000000000000000000000000000010
1010000010101011001111101010010110000000000000000000000000000000000010
1010101101001011010011101111010111100000000000000000000000000000000010
1010001011101100011001001110011110100000000000000000000000000000000010
1010100001000010011011100010000111000000000000000000000000000000000010
1011000110100101011001011101111011000000000000000000000000000000000010
1010011000100110101110000011110111100000000000000000000000000000000010
1011101001101101001001110101101101000000000000000000000000000000000010
1010100000010100000110111011001111000000000000000000000000000000000010
1010010000110000001001111010111000100000000000000000000000000000000010
1011010111111011001111101110111101100000000000000000000000000000000010
1010010100000100011111101101000110100000000000000000000000000000000010
1010001110010011101111111011100010100000000000000000000000000000000010
1010100110100100001000001000111111000000000000000000000000000000000010
1010001010001000011000110100000101100000000000000000000000000000000010
1011110100101001110001011111101111000000000000000000000000000000000010
1011100000000001001110101011011110000000000000000000000000000000000010
1011111101011001010101110011001110100000000000000000000000000000000010
1010001000001111000111010110101110000000000000000000000000000000000010
1010111110001000000111011001101111100000000000000000000000000000000010
1011000000011000001001100011111111100000000000000000000000000000000010
1010000101010100010001111010111101000000000000000000000000000000000010
1010100100101110101001100101011011000000000000000000000000000000000010
1010001111001000101100010111011001000000000000000000000000000000000010
1011111010001110100001101011111101000000000000000000000000000000000010
1010001110000010111011110011011110000000000000000000000000000000000010
1010001111111010000110011010010101100000000000000000000000000000000010
1010010111001100010010001010100010000000000000000000000000000000000010
1010101111011110101111001111010000000000000000000000000000000000000010
1010011011110000000000101010010111100000000000000000000000000000000010
1011000111010011011111100000000101000000000000000000000000000000000010
1010001100011111111100001101010101000000000000000000000000000000000010
1010000010110011011000001010100011000000000000000000000000000000000010
1011101101101000010001110111111100100000000000000000000000000000000010
1011110101110111001110101011101001100000000000000000000000000000000010
1010110010001111111100101011100111100000000000000000000000000000000010
1011100001001001011100100010010001100000000000000000000000000000000010
1011011111111100000011111011011111100000000000000000000000000000000010
1011000100010111010101111101001110100000000000000000000000000000000010
1010100010010101101111000011001100100000000000000000000000000000000010
1010110101010100000011001000110101100000000000000000000000000000000010
1010001010100000000001111111111101000000000000000000000000000000000010
1010101011110101110001101011000101100000000000000000000000000000000010
1010000100110001010101100010010110100000000000000000000000000000000010
1010101001000001011111010111111111000000000000000000000000000000000010
1010000100101010101010111011000000100000000000000000000000000000000010
1010000001010010000111101101100111100000000000000000000000000000000010
1010010000011110101101001010111000000000000000000000000000000000000010
1010111001100100010000111111001010000000000000000000000000000000000010
1010000101110110101000010101110110000000000000000000000000000000000010
1010101011000111011000100111010000000000000000000000000000000000000010
1011011000000001001100111110011010100000000000000000000000000000000010
1011010100011000001110000010000111000000000000000000000000000000000010
1010100101001100000110101011000010100000000000000000000000000000000010
1010001111010010000111111101011111000000000000000000000000000000000010
1011000101000110111011110010101001100000000000000000000000000000000010
1011010011011100110010110110000000000000000000000000000000000000000010
1010000010010000001110001100110111000000000000000000000000000000000010
1010000100000111110101101100101000100000000000000000000000000000000010
1011110011001001110010011011001101000000000000000000000000000000000010
1011001101101011001111010001011100000000000000000000000000000000000010
1011101011011110000010101110011011000000000000000000000000000000000010
1010110001000111000100011100001101100000000000000000000000000000000010
1011010011010101001111111110011101100000000000000000000000000000000010
1011010010101100101101010010100110000000000000000000000000000000000010
1011011011100011101110001010110101000000000000000000000000000000000010
1010010011011011010001011111011100100000000000000000000000000000000010
1010101001101101010100100101101010000000000000000000000000000000000010
1011011001000001000110010100111110100000000000000000000000000000000010
1011101100101101111111000101101011100000000000000000000000000000000010
1010001011000101110000001101101101100000000000000000000000000000000010
1011000010000110001111110000000001000000000000000000000000000000000010
1010000111010010101001011110111110000000000000000000000000000000000010
1011000000110010011011010110110001000000000000000000000000000000000010
1010010101110000000111101110011110000000000000000000000000000000000010
1010001010000100011110000001111100100000000000000000000000000000000010
1011100101111010110111111111011111100000000000000000000000000000000010
1010001001100001100111001000101110000000000000000000000000000000000010
1010010001110000110000001110110110000000000000000000000000000000000010
1010101010110010100001001100011101000000000000000000000000000000000010
1011000110101010001010110111000110000000000000000000000000000000000010
1010011000011000101011100111110100000000000000000000000000000000000010
1011100110101011100011110011111001100000000000000000000000000000000010
1010010100000100011000001111110101100000000000000000000000000000000010
1011001000000001010010111111110100100000000000000000000000000000000010
1011111001000010110011001000101001100000000000000000000000000000000010
1010000100010011011100101001011111100000000000000000000000000000000010
1011000000010101100001111000110101000000000000000000000000000000000010
1011000011101110110111111000001001000000000000000000000000000000000010
1011000000100110010100100100010010000000000000000000000000000000000010
1011011100000010101010110111110111000000000000000000000000000000000010
1010011101000100010111110100111100000000000000000000000000000000000010
1010000100001100101010111000010011000000000000000000000000000000000010
1010111011101101100111010010111111000000000000000000000000000000000010
1011010100101100001110000011100001000000000000000000000000000000000010
1011101110011101110101010101101011100000000000000000000000000000000010
1011100100010001010011100000011000000000000000000000000000000000000010
1010100101100000001011111111110111100000000000000000000000000000000010
1010001010011111110000001101111011000000000000000000000000000000000010
1010101011001111110111111111011101000000000000000000000000000000000010
1011101110000110111011111100011010100000000000000000000000000000000010
1010100111101101101100101000010110100000000000000000000000000000000010
1010010101000111001111111010101011100000000000000000000000000000000010
1011101100010101100101110101100110000000000000000000000000000000000010
1010010000110001110101101000011001100000000000000000000000000000000010
1011011010101100101100110101011010000000000000000000000000000000000010
1010011100011111100101111111111110100000000000000000000000000000000010
1010101001000101010100010110110011100000000000000000000000000000000010
1011010110001010111111101000100110000000000000000000000000000000000010
1010010010011001101110000001010111100000000000000000000000000000000010
1010011001001010110011001011001110100000000000000000000000000000000010
1010110000110010001011100101011010100000000000000000000000000000000010
1011001111001010111011111001111110100000000000000000000000000000000010
1011101001111100000100110010110001000000000000000000000000000000000010
1011111001110001001110010011101100000000000000000000000000000000000010
1011111111001000001000010100001101000000000000000000000000000000000010
1011011001000101001011110101100100100000000000000000000000000000000010
1011010001000000000111100100110111100000000000000000000000000000000010
1011100000001101110110100001111110100000000000000000000000000000000010
1010011100000000101000101010100010100000000000000000000000000000000010
1011000111101001011011000110001000000000000000000000000000000000000010
1011100010111100110010010101111111100000000000000000000000000000000010
1010001001110101110110011111011101000000000000000000000000000000000010
1010000001011111001100000001111110000000000000000000000000000000000010
1010011111100100100001010111001100100000000000000000000000000000000010
1011011000111000101110100101001000000000000000000000000000000000000010
1010101100101010010011100101000111100000000000000000000000000000000010
1010111110001000010011111110111010000000000000000000000000000000000010
1010000100100011010100000111010010100000000000000000000000000000000010
1011011100010000111011010010101111100000000000000000000000000000000010
1010010011010000100010011000000011100000000000000000000000000000000010
1010111011011010010111111101110010000000000000000000000000000000000010
1010000111101101010111011011111000100000000000000000000000000000000010
1011110001011000000010111010111000100000000000000000000000000000000010
1011000001100010000110110000100101100000000000000000000000000000000010
1010001111001010111001001111001010000000000000000000000000000000000010
1011110000101110110000110100011111100000000000000000000000000000000010
1010101110011000010000011110110111000000000000000000000000000000000010
1011101001010001011111110110010011100000000000000000000000000000000010
1010000010000100010010000011001110000000000000000000000000000000000010
1011001001100100010011101111110100100000000000000000000000000000000010
1010100101111100011010001011000101000000000000000000000000000000000010
1010001010100100001110111001110001000000000000000000000000000000000010
1011001110100100000001111000100101000000000000000000000000000000000010
1010001010001010110100110010101001000000000000000000000000000000000010
1010101010010011010000100001110110000000000000000000000000000000000010
1010111010010010101011111110101011100000000000000000000000000000000010
1010100010100111110101101101100110100000000000000000000000000000000010
1011100101001101111111100101010010000000000000000000000000000000000010
1010010110000011010001001001011100100000000000000000000000000000000010
1011101100011011001111110011100001000000000000000000000000000000000010
1011101010000101100101101000110101000000000000000000000000000000000010
1011101010010011100001000100101100100000000000000000000000000000000010
1010000010011111111001111100001011100000000000000000000000000000000010
1010000110011101000011110100111111100000000000000000000000000000000010
1011010110001010110010101100100101100000000000000000000000000000000010
1011101000000110010011001100001110000000000000000000000000000000000010
1010010101010010000101001110101011100000000000000000000000000000000010
1010101001011010001111111011100111000000000000000000000000000000000010
1011010111001100110001100110100101100000000000000000000000000000000010
1011011100111000100000000010111000000000000000000000000000000000000010
1010110100000001010110011100000101000000000000000000000000000000000010
1010000011001000110011110101010100100000000000000000000000000000000010
1011001011100000111101011101001111000000000000000000000000000000000010
1010000110011110111011110000111101000000000000000000000000000000000010
1011011010100110010110111001010110000000000000000000000000000000000010
1010110111010100010111110110111000000000000000000000000000000000000010
1011011111001010110011011010111110000000000000000000000000000000000010
1011001001101101110010001000111111100000000000000000000000000000000010
1010110000000111101100111101110110100000000000000000000000000000000010
1011101000000010010001010101011000000000000000000000000000000000000010
1010001000100010111101101111011100100000000000000000000000000000000010
1011010001111110010001111000111110100000000000000000000000000000000010
1011101110100001011011101111110000000000000000000000000000000000000010
1010010011110101001111100110010000000000000000000000000000000000000010
1011001101101011110110101100001111100000000000000000000000000000000010
1010100110001011110100000110100110100000000000000000000000000000000010
1011011001110101110101100111001101000000000000000000000000000000000010
1011011011100100101111111111010111000000000000000000000000000000000010
1011001100110011011011111100010111100000000000000000000000000000000010
1011011110001010001101001101111100100000000000000000000000000000000010
1010100010000010101010101101100001100000000000000000000000000000000010
1010001001011101011101110101110110100000000000000000000000000000000010
1010111111101001011000111001110010000000000000000000000000000000000010
1011111000011101111111111010111011000000000000000000000000000000000010
1010001000001010110101001000101001000000000000000000000000000000000010
1010011001110011011110101011010110000000000000000000000000000000000010
1010101111000111100001010100011010100000000000000000000000000000000010
1011111010001100001101111001001101000000000000000000000000000000000010
1010100101011000011101100100100101000000000000000000000000000000000010
1010000100111001001100110101100111000000000000000000000000000000000010
1010010010111011000001101000010010100000000000000000000000000000000010
1011100000010101101000101000001000000000000000000000000000000000000010
1010000101110110110011010000011011100000000000000000000000000000000010
1010001000010011001010111000101010100000000000000000000000000000000010
1011010100011111001001110000100111100000000000000000000000000000000010
1010001010010111011100000011111011000000000000000000000000000000000010
1010110001001100011111100100110001000000000000000000000000000000000010
1011000100000000000110100011100110000000000000000000000000000000000010
1010100001001110100011110111000010100000000000000000000000000000000010
1011001001110010110100110100111101100000000000000000000000000000000010
1010010011001110000010110010000111000000000000000000000000000000000010
1010000000000000000111111010010110000000000000000000000000000000000010
1010111101101100011110010010011110000000000000000000000000000000000010
1010000001010100100101011101101111000000000000000000000000000000000010
1011010001001111111100011011010100000000000000000000000000000000000010
1010000001010011011111000011000011100000000000000000000000000000000010
1011011010000010000010000001100100100000000000000000000000000000000010
1011111110110010000100101110111101100000000000000000000000000000000010
1011100010100001101100011110001011100000000000000000000000000000000010
1010100011010001000111111011000110100000000000000000000000000000000010
1011010110101010100101010110010111100000000000000000000000000000000010
1010000111010110111001001011111111100000000000000000000000000000000010
1011110000101100100111110101100101000000000000000000000000000000000010
1011101000010010101010101011011110100000000000000000000000000000000010
1010010100000000001110010000010100100000000000000000000000000000000010
1011010100110000111110011010111010100000000000000000000000000000000010
1010111010001000001101011111100110100000000000000000000000000000000010
1011111000110000110110010111001001100000000000000000000000000000000010
1010011000000100111110011010100010000000000000000000000000000000000010
1011110000110010110011100111101111100000000000000000000000000000000010
1010010000001000110100000101101110000000000000000000000000000000000010
1010010100010111101011011010001000100000000000000000000000000000000010
1010010100001011110110011000101010000000000000000000000000000000000010
1010010001001111101110100110000010100000000000000000000000000000000010
1011000011011000001111111000110110100000000000000000000000000000000010
1011000100000111101000010001110111100000000000000000000000000000000010
1010111101010010011111111000100010000000000000000000000000000000000010
1010011100000101000000000100001101000000000000000000000000000000000010
1011010010101000010100001011110011100000000000000000000000000000000010
1010111101110111010101110011001001100000000000000000000000000000000010
1011111001011011111101010100111111100000000000000000000000000000000010
1010110010011111001001000110100000100000000000000000000000000000000010
1011110000011110110001111101010101100000000000000000000000000000000010
1011010100000101001011000100011010100000000000000000000000000000000010
1011001000001110000100100101111001100000000000000000000000000000000010
1010110011000110001010010111111000100000000000000000000000000000000010
1010001010110000100110111011110001000000000000000000000000000000000010
1011000001100011000001111100101011000000000000000000000000000000000010
1011010000011001110100100101111010100000000000000000000000000000000010
1010000101001001011010011110000101000000000000000000000000000000000010
1010101100001111101010110011101011000000000000000000000000000000000010
1010101010110001110101100011111110100000000000000000000000000000000010
1010110110010101100111100001101011100000000000000000000000000000000010
1011100010000100010110011110100100000000000000000000000000000000000010
1011110111111100111010011001000010100000000000000000000000000000000010
1011110011100011101001111110111100100000000000000000000000000000000010
1010000000010100011001010100001001100000000000000000000000000000000010
1011011001110011001001010111011101000000000000000000000000000000000010
1010011101101110001001010101101011100000000000000000000000000000000010
1010000010010101001111110000001100000000000000000000000000000000000010
1010100100001000100011001111100101100000000000000000000000000000000010
1010011011000100110100010011110001000000000000000000000000000000000010
1011010111100100111110110010111101100000000000000000000000000000000010
1011011010000010101111011011100000100000000000000000000000000000000010
1010101110111100010101010000110101100000000000000000000000000000000010
1011011101110001001001111111111010100000000000000000000000000000000010
1011001010011110001100111111111101000000000000000000000000000000000010
1010010011010010001011110111010101100000000000000000000000000000000010
1011001100111111000001111101101011000000000000000000000000000000000010
1011011100101100010100010100010000100000000000000000000000000000000010
1010000000001110101010001111111001100000000000000000000000000000000010
1010000001111010101111011001100011100000000000000000000000000000000010
1010101101010000110101001010100001100000000000000000000000000000000010
1011010100010011111110101111111111100000000000000000000000000000000010
1010000000001110010000100111011111000000000000000000000000000000000010
1010011011110100000111001011110011100000000000000000000000000000000010
1010100111100101100110110000001001100000000000000000000000000000000010
1011000011110001010000111111100100100000000000000000000000000000000010
1010000100000101101101000011000010100000000000000000000000000000000010
1011111101000101111010011000010111100000000000000000000000000000000010
1011000111000101000100111011011111100000000000000000000000000000000010
1011100100000101100001100000110101000000000000000000000000000000000010
1010110100001111101110111100001010100000000000000000000000000000000010
1010010011011010100010011011010010100000000000000000000000000000000010
1010000101100111001111111111101011100000000000000000000000000000000010
1010100011011111001000101110100110100000000000000000000000000000000010
1010100100100100100011100111110111100000000000000000000000000000000010
1010110111000110111001001000010011000000000000000000000000000000000010
1011011110001011110101000001010101100000000000000000000000000000000010
1011001101110010110111101111001000100000000000000000000000000000000010
1010010011000011101101110111001110000000000000000000000000000000000010
1010011010010001001100011010111000100000000000000000000000000000000010
1010100101000110111010001110011011100000000000000000000000000000000010
1011011001101001111011111100110101100000000000000000000000000000000010
1011001000000110000010110111010100000000000000000000000000000000000010
1011000011101110111011100001111011100000000000000000000000000000000010
1010100101001010110101101111110001100000000000000000000000000000000010
1011011111100101110011010111001010100000000000000000000000000000000010
1010011010011110100000001011110101100000000000000000000000000000000010
1011000011110110101000000010011100100000000000000000000000000000000010
1010100111101101000111011110001001000000000000000000000000000000000010
1010010110000101101001110101100110000000000000000000000000000000000010
1011101010100011000110011100011111000000000000000000000000000000000010
1010111101011100101101011111111110000000000000000000000000000000000010
1010001011000011000111111100011101100000000000000000000000000000000010
1011111000100110100101110010000111100000000000000000000000000000000010
1010111110010011101001000101011011000000000000000000000000000000000010
1010000011011100100010110110111000100000000000000000000000000000000010
1010001110001110110010001000110010000000000000000000000000000000000010
1011110000110000001111000101101110100000000000000000000000000000000010
1010101100001001010000111100111001100000000000000000000000000000000010
1011000101100000000000011110000011000000000000000000000000000000000010
1011001011000000011011101011110011000000000000000000000000000000000010
1011110000100100000010100101011010100000000000000000000000000000000010
1010101001011101100101111110010011100000000000000000000000000000000010
1011010000000101000010101011010111100000000000000000000000000000000010
1010101100101011100010000000011111000000000000000000000000000000000010
1010001001100111010111100111101101100000000000000000000000000000000010
1010010000111011100100110101110001100000000000000000000000000000000010
1010010111111001000101110100010011100000000000000000000000000000000010
1011001000011000011111001010110111100000000000000000000000000000000010
1011011110111001101011100111011110000000000000000000000000000000000010
1011010000010001000010011010101111000000000000000000000000000000000010
1011000100111001000011110101100101100000000000000000000000000000000010
1010011101110100100001000000111001100000000000000000000000000000000010
1010001000101010110111011001001001100000000000000000000000000000000010
1011011010001111001111111010100100100000000000000000000000000000000010
1010010100111011010100110100011100000000000000000000000000000000000010
1010000110011111001101101111010001000000000000000000000000000000000010
1011011101110001110001010111100110100000000000000000000000000000000010
1011110101010000100010110000110010100000000000000000000000000000000010
1010111101110010111110111110010100000000000000000000000000000000000010
1011001011110101010011111111010000000000000000000000000000000000000010
1010100000010000100101001000100100000000000000000000000000000000000010
1011011000100010111001111111000100100000000000000000000000000000000010
1011011000101101111101010100011110100000000000000000000000000000000010
1011000110010111101001011101010101100000000000000000000000000000000010
1011010000110001001001011111110011100000000000000000000000000000000010
1011110111001111101111011100101011100000000000000000000000000000000010
1011111100101111001010111010000100000000000000000000000000000000000010
1011001000110101011111101101000011000000000000000000000000000000000010
1011100010110100000100011101101110100000000000000000000000000000000010
1010110000100011011001100100101001100000000000000000000000000000000010
1010101010000101000001000000011100100000000000000000000000000000000010
1010000111111100101011010000111001000000000000000000000000000000000010
1010000001110101011001011011101101000000000000000000000000000000000010
1011000110010010101110111111010101100000000000000000000000000000000010
1010011100011110001110011110000010100000000000000000000000000000000010
1010000001111011111110101001011111100000000000000000000000000000000010
1010100010010010011101011100001111100000000000000000000000000000000010
1011000000111001001001001001111111100000000000000000000000000000000010
1010001011001110110001011001001110100000000000000000000000000000000010
1011101101111000100001000100111011000000000000000000000000000000000010
1011100010111011100101011011000101100000000000000000000000000000000010
1010000010000000000010110101110001000000000000000000000000000000000010
1010000111111111100110010111110111000000000000000000000000000000000010
1010111011100001001000001101110001000000000000000000000000000000000010
1010101100110010010110000100110001100000000000000000000000000000000010
1010100000100001110100001011010001100000000000000000000000000000000010
1010000011011010111100011101101001000000000000000000000000000000000010
1010011000001010111011100100100100100000000000000000000000000000000010
1011111101010111111010000100101001100000000000000000000000000000000010
1011101010110001101101111111001011100000000000000000000000000000000010
1010001000010100100101111011100111100000000000000000000000000000000010
1010001101001011001111101001110000100000000000000000000000000000000010
1010100111110111010101100111110100100000000000000000000000000000000010
1011000011001011111101011011011010000000000000000000000000000000000010
1010110011110011111111001011011100000000000000000000000000000000000010
1011101010111011000001111110111001100000000000000000000000000000000010
1011110111100111100110100010111111100000000000000000000000000000000010
1010100010000000111001110100011001000000000000000000000000000000000010
1011101001101010111010111111101100000000000000000000000000000000000010
1011100000101001000000010010110110000000000000000000000000000000000010
1011111001101000110010011111100111100000000000000000000000000000000010
1010000011000011100011100010101010000000000000000000000000000000000010
1010100111110100000100110101010111000000000000000000000000000000000010
1011010010011111000100110010110001100000000000000000000000000000000010
1010000110100100101111100101111100000000000000000000000000000000000010
1011110001011101000000111110101100100000000000000000000000000000000010
1010011100100001011010110101101111100000000000000000000000000000000010
1010110000000100101001010111010111100000000000000000000000000000000010
1011000011011000000111001101101100000000000000000000000000000000000010
1010001000000011100000101110000011000000000000000000000000000000000010
1011100000001010111001101101011100100000000000000000000000000000000010
1011110001101011001111101011101001100000000000000000000000000000000010
1011100000000010010011111000100110100000000000000000000000000000000010
1011100000100010111000100011110100100000000000000000000000000000000010
1010001111100001100100101000000110100000000000000000000000000000000010
1010010110100011111101110101101111000000000000000000000000000000000010
1011000000000100111011011111000100000000000000000000000000000000000010
1010101010011000101110011110010101100000000000000000000000000000000010
1010101100110100000101111001011001100000000000000000000000000000000010
1011110100001000011111011110000011100000000000000000000000000000000010
1010100001000001000110100001110110100000000000000000000000000000000010
1010000110011011100110100101101110100000000000000000000000000000000010
1011000001010010010101100110100101100000000000000000000000000000000010
1011100110100101011101110011001001100000000000000000000000000000000010
1011000000000000000001101110011100000000000000000000000000000000000010
1010001001011100000100100110001001100000000000000000000000000000000010
1010001001000010001001101100110110000000000000000000000000000000000010
1010000000111111000101010101111001100000000000000000000000000000000010
1010000101011101010111001111110110100000000000000000000000000000000010
1010111100010010010111100011101100100000000000000000000000000000000010
1011000001011110011001000100100111000000000000000000000000000000000010
1011000100101010101010001110111111100000000000000000000000000000000010
1011011101010111100110110001010110000000000000000000000000000000000010
1010001011001010110111100001011100100000000000000000000000000000000010
1010100010100000000001101011001111100000000000000000000000000000000010
1011101100110001100110001011010100100000000000000000000000000000000010
1011001110111010101101001111111000000000000000000000000000000000000010
1011100110011111111010100100111101100000000000000000000000000000000010
1011011101010100010111100110111101000000000000000000000000000000000010
1011111101111010011010001110111010000000000000000000000000000000000010
1010110000010000001101101111011110000000000000000000000000000000000010
1010000101001100011111001001001011000000000000000000000000000000000010
1010110101100101100010011101100111100000000000000000000000000000000010
1011000000010001001011110011011000000000000000000000000000000000000010
1010000000001100100100111000110111000000000000000000000000000000000010
1011110001011100011011011010010110000000000000000000000000000000000010
1011110101110100100101110111011111100000000000000000000000000000000010
1011010100100110111010010101101011100000000000000000000000000000000010
1011110000001100010101011101011011100000000000000000000000000000000010
1010110010011000101001010000001111100000000000000000000000000000000010
1010011011110100011101001001000100100000000000000000000000000000000010
1010000010010111011011111101100100100000000000000000000000000000000010
1010110000001110000100111001010111000000000000000000000000000000000010
1010100001011110101001101001001011100000000000000000000000000000000010
1011110101011000000100000111010100000000000000000000000000000000000010
1011100111101111110011100001101100000000000000000000000000000000000010
1011000000010000000111101011100010100000000000000000000000000000000010
1010011010011001111000010010011011100000000000000000000000000000000010
1010111101111001101111001001010101000000000000000000000000000000000010
1010000001000010110111010110000000100000000000000000000000000000000010
1010101011101110010011000011110100100000000000000000000000000000000010
1011010011100010000001011011100101100000000000000000000000000000000010
1010110101010110111010110100010100100000000000000000000000000000000010
1011010101011011101111111100101011100000000000000000000000000000000010
1011110100000011001001010110111111100000000000000000000000000000000010
1011101010101000110110010010011101000000000000000000000000000000000010
1011101000000110100010101100011110000000000000000000000000000000000010
1010011000100000100111101010010010100000000000000000000000000000000010
1011011000110000101100100110011100100000000000000000000000000000000010
1011111100101000110001011011101100100000000000000000000000000000000010
1010011010100001000000110100101100000000000000000000000000000000000010
1010111100000111010111101111111001000000000000000000000000000000000010
1010000101111000100000010010101100100000000000000000000000000000000010
1010110010000010110100101101110100000000000000000000000000000000000010
1011110110100111011010100111100011000000000000000000000000000000000010
1011100000010000010101001011100011100000000000000000000000000000000010
1011110100000011011110110011011101100000000000000000000000000000000010
1010011110010000000111111001011100000000000000000000000000000000000010
1011001010010011001001111101101101000000000000000000000000000000000010
1010101001101111100011100001100000000000000000000000000000000000000010
1010100111111100101110000010100010100000000000000000000000000000000010
1010010100001000001111001101111100100000000000000000000000000000000010
1010011101111010001011001110111111100000000000000000000000000000000010
1010011000010101011001010010100111100000000000000000000000000000000010
1011001100000010010000110010011010000000000000000000000000000000000010
1011011111000100010100011100101111100000000000000000000000000000000010
1010100001001101001001010010010101000000000000000000000000000000000010
1011110000100000011010110111100001000000000000000000000000000000000010
1011100011011100000111010111010001100000000000000000000000000000000010
1010111001001010001101100000101001000000000000000000000000000000000010
1011011001000011111010111000100010100000000000000000000000000000000010
1010011110111000010011011001100011100000000000000000000000000000000010
1010001000101001001011111111111010100000000000000000000000000000000010
1011101101000010011100100010000001000000000000000000000000000000000010
1010101010010100111101100101000111100000000000000000000000000000000010
1010011110011110100110010010110001100000000000000000000000000000000010
1011110000111000001100011100111111100000000000000000000000000000000010
1011100101000111000000010100110100100000000000000000000000000000000010
1011001000000100111101100000100111100000000000000000000000000000000010
1011101100111011110011111001101110000000000000000000000000000000000010
1010110110010001001101111101000100000000000000000000000000000000000010
1011001011010101011110000100001011000000000000000000000000000000000010
1010110101100001001100111101101001100000000000000000000000000000000010
1010010010101010110100111100111001100000000000000000000000000000000010
1010010000110000001001010111011011100000000000000000000000000000000010
1011011011101111010001011110110101000000000000000000000000000000000010
1011011001011000011001111010000100100000000000000000000000000000000010
1010000000110011111110101011101010000000000000000000000000000000000010
1011001010110010000000100110010000000000000000000000000000000000000010
1010110000001110110101000011001001100000000000000000000000000000000010
1011101010000100001101110011001111000000000000000000000000000000000010
1011001001000010100000010010101001000000000000000000000000000000000010
1011010101001001000111110011001011000000000000000000000000000000000010
1011000000010100000000010000010110000000000000000000000000000000000010
1010010000000010000111111111101011100000000000000000000000000000000010
1011001000010100010011111111110111000000000000000000000000000000000010
1010011110010100010110110110011010100000000000000000000000000000000010
1011000010001101110110011011101111000000000000000000000000000000000010
1010010010011100101111110000011100000000000000000000000000000000000010
1011001000011011000011110100111010000000000000000000000000000000000010
1010110110100010010011110011101011100000000000000000000000000000000010
1010101010011100011111010000110100000000000000000000000000000000000010
1010111101001001010101001011011001000000000000000000000000000000000010
1010111100000101101101010010011010000000000000000000000000000000000010
1010001000001110110010111100001000100000000000000000000000000000000010
1010011001101110000110111111001111100000000000000000000000000000000010
1011111101010101010001110001101110000000000000000000000000000000000010
1011010101101010110000111101111110100000000000000000000000000000000010
1011010010000110000010101001001110100000000000000000000000000000000010
1011111111010110011111110011000011100000000000000000000000000000000010
1010001101011110010100110000100111000000000000000000000000000000000010
1010100111000110010111000010100111100000000000000000000000000000000010
1010110010001101101101101001111111100000000000000000000000000000000010
1011010101001011001110011111101100100000000000000000000000000000000010
1010000111001101110010010011111111100000000000000000000000000000000010
1011111000001011110000100111101100100000000000000000000000000000000010
1010000011010010010011111100100010000000000000000000000000000000000010
1010111010001101101101111101010001100000000000000000000000000000000010
1011001101001101011110101110110001100000000000000000000000000000000010
1010000100001000000110100101011000000000000000000000000000000000000010
1010011100001101011000011110001111000000000000000000000000000000000010
1011111100101010010011101001011111100000000000000000000000000000000010
1011110000001001000101001111010111100000000000000000000000000000000010
1011011100010011000111111101101010000000000000000000000000000000000010
1011101111001000010110111110100111100000000000000000000000000000000010
1010011001110010110111110111010000100000000000000000000000000000000010
1010000000011101010000101110010000100000000000000000000000000000000010
1010101011001100001110111011111101100000000000000000000000000000000010
1010111110001110110101011110010100000000000000000000000000000000000010
1011011101100110111111011101101111100000000000000000000000000000000010
1011001100000100010001101100100100100000000000000000000000000000000010
1011100011011001000011001110011111000000000000000000000000000000000010
1010100111011100000010101010110011100000000000000000000000000000000010
1011001010110001100101111101010001000000000000000000000000000000000010
1010110100111000100101001110011100100000000000000000000000000000000010
1010100001011100000000000010101111100000000000000000000000000000000010
1011000011001001111111101111101010000000000000000000000000000000000010
1011010111110000010111111001111111100000000000000000000000000000000010
1010110001000101111011011101010010000000000000000000000000000000000010
1011100010010001010100000111111111000000000000000000000000000000000010
1010010000011100011111111010110001100000000000000000000000000000000010
1010101000100000000101110011010011100000000000000000000000000000000010
1010100111001101001101001111011100000000000000000000000000000000000010
1011010000011101101010110010101010100000000000000000000000000000000010
1011010100010100011000111100000101000000000000000000000000000000000010
1011000101101001010110011111110010100000000000000000000000000000000010
1010010010100101000111011110100010000000000000000000000000000000000010
1010110010101101101011001100101011100000000000000000000000000000000010
1010011001101110001101110101001110100000000000000000000000000000000010
1011011001100110010001001111100000100000000000000000000000000000000010
1010010110001001111011011010111111000000000000000000000000000000000010
1011011100011101000011101100001111000000000000000000000000000000000010
1011011000010010011101111011000000100000000000000000000000000000000010
1010100101001011000101010011101011000000000000000000000000000000000010
1010001111011111001111001010101111000000000000000000000000000000000010
1011001001111100001010100110100001100000000000000000000000000000000010
1010101101010111011100101001110011000000000000000000000000000000000010
1010011000000110010101111111000111000000000000000000000000000000000010
1010101000000001001000100010110111000000000000000000000000000000000010
1010001111111100000001010000111011000000000000000000000000000000000010
1010111001010010111100011011111101000000000000000000000000000000000010
1011000110001000101011011011111001000000000000000000000000000000000010
1011010111001001110101101101000100100000000000000000000000000000000010
1010011000010001101100101000011100100000000000000000000000000000000010
1010101110010011010001101100000000100000000000000000000000000000000010
1011101010101010111100111011010101100000000000000000000000000000000010
1010000010010001011010101100100000000000000000000000000000000000000010
1010101000100110000000111001000000100000000000000000000000000000000010
1011011100111100001001011011000001000000000000000000000000000000000010
1010011100001100110010110001101011100000000000000000000000000000000010
1011011010100000100111111110100010100000000000000000000000000000000010
1010111000010101001100001111011101000000000000000000000000000000000010
1011101110011010110111110001110110000000000000000000000000000000000010
1010110110000100011110000100101111000000000000000000000000000000000010
1010001110100011000011101000101100100000000000000000000000000000000010
1010000100101010000110000111001001100000000000000000000000000000000010
1011110110110101100101100010010011000000000000000000000000000000000010
1011101010001111111111110000011110100000000000000000000000000000000010
1011101010100101101000010101011000000000000000000000000000000000000010
1011101111000001100101110100011111100000000000000000000000000000000010
1010101000100010000101001010011101000000000000000000000000000000000010
1011110111010110000110110011010110000000000000000000000000000000000010
1011011010101101000110000010110010100000000000000000000000000000000010
1010000100111111000111001101010111100000000000000000000000000000000010
1011001100111000101011111000111011000000000000000000000000000000000010
1011000000100101000001100111110101100000000000000000000000000000000010
1011001110011011101110111100111001100000000000000000000000000000000010
1011011100011011001111110101010000100000000000000000000000000000000010
1010111100100001111110000111011101100000000000000000000000000000000010
1011100011000110010100010100010110100000000000000000000000000000000010
1011100101001011010011010111011001100000000000000000000000000000000010
1010111011000111111100101101101101000000000000000000000000000000000010
1010011111010010101011110100101010000000000000000000000000000000000010
1011100111111000001011111110000111100000000000000000000000000000000010
1010001010000000001110011111001001000000000000000000000000000000000010
1010001111110100100000111101101101100000000000000000000000000000000010
1010000110100000011011100000000110000000000000000000000000000000000010
1010011100000011011001110000111101100000000000000000000000000000000010
1010000011011100010111001110110110100000000000000000000000000000000010
1010000100010000001010111000100010000000000000000000000000000000000010
1010101101011101000101110110011010000000000000000000000000000000000010
1011010000110001011011010111000110000000000000000000000000000000000010
1011000111101011101000101110110010000000000000000000000000000000000010
1010011100001010000100010101111001000000000000000000000000000000000010
1010010000010000011111010001010110000000000000000000000000000000000010
1011110000000001010101101110000011000000000000000000000000000000000010
1010000110111000000010011100010000100000000000000000000000000000000010
1011000110100000001101110011001100000000000000000000000000000000000010
1010101000010011010101101110011111100000000000000000000000000000000010
1011000101011001100000111100011100000000000000000000000000000000000010
1011111100001110000001100001000011000000000000000000000000000000000010
1011001100010001011101010010011000000000000000000000000000000000000010
1010000000000100010100001101100110100000000000000000000000000000000010
1010011011110000010000001110101010000000000000000000000000000000000010
1010101101011011100111111111011000100000000000000000000000000000000010
1011011110110101000110010000001010100000000000000000000000000000000010
1010101101000011001000110111000101000000000000000000000000000000000010
1011111110100010011101110110101011000000000000000000000000000000000010
1011100011100001111101011111011011000000000000000000000000000000000010
1010010100010000000111011101011101100000000000000000000000000000000010
1010000110011100011110001010111010100000000000000000000000000000000010
1011011000010101111001101011101100000000000000000000000000000000000010
1010010000000100000100011111100101100000000000000000000000000000000010
1010011011010100000011110011111100100000000000000000000000000000000010
1011010111001010001100110111000001100000000000000000000000000000000010
1011111000110011001011111000111111100000000000000000000000000000000010
1010000010000000001111101011110110000000000000000000000000000000000010
1010100101111100111101110011111100000000000000000000000000000000000010
1010101010000000111110110000010010000000000000000000000000000000000010
1010111000111100101010111110110000100000000000000000000000000000000010
1010110010000101001111010111100011100000000000000000000000000000000010
1011110010110110000010011001101111100000000000000000000000000000000010
1010000110000110101110101101111000000000000000000000000000000000000010
1011101001110110100011101100100000100000000000000000000000000000000010
1010101110101001000000000001010110100000000000000000000000000000000010
1011110000000101000100011001010111100000000000000000000000000000000010
1011100011011101001110111101010111100000000000000000000000000000000010
1011001110101010100000110010101110000000000000000000000000000000000010
1010111011000101010011101011000001100000000000000000000000000000000010
1011110111101100101110110110110011000000000000000000000000000000000010
1010100011010100100110111011101010100000000000000000000000000000000010
1010000111100110000111111110001001100000000000000000000000000000000010
1010001100011110100000001001001110000000000000000000000000000000000010
1010110111010100011010100101100111000000000000000000000000000000000010
1010110100011101000111101100100001000000000000000000000000000000000010
1010000100101111011100011010101100000000000000000000000000000000000010
1010100000011010000111000001000000100000000000000000000000000000000010
1011011010101010001010000101111001000000000000000000000000000000000010
1010100000000000100010011010111010100000000000000000000000000000000010
1011100111110100100011110000001001100000000000000000000000000000000010
1010011010000110101110111100110001000000000000000000000000000000000010
1010111011111011011000110001011101000000000000000000000000000000000010
1010110111000001000000010011011111100000000000000000000000000000000010
1011101101000111110110111010000101100000000000000000000000000000000010
1010100000000101001100010111110010000000000000000000000000000000000010
1010100011001011101110110111001001100000000000000000000000000000000010
1011001100000000100011010101110011100000000000000000000000000000000010
1010101111001110001011110000110110100000000000000000000000000000000010
1011010011001000001100011011101110000000000000000000000000000000000010
1010001111011100000100111101011011100000000000000000000000000000000010
1011110011101110001110001101110001100000000000000000000000000000000010
1011101000010101011010111001100101000000000000000000000000000000000010
1011010011000010010110100011111011000000000000000000000000000000000010
1010000011010101001011011000001001000000000000000000000000000000000010
1011001101100101000111111111110001100000000000000000000000000000000010
1011111000011000111101101100001011000000000000000000000000000000000010
1010100011000001111110001101101101000000000000000000000000000000000010
1011011001001110001011010111101110100000000000000000000000000000000010
1011010110010010000101101110011101100000000000000000000000000000000010
1011100101000010101001101000101011000000000000000000000000000000000010
1011010101011100000011111000111111000000000000000000000000000000000010
1010010101110000111111101010001111000000000000000000000000000000000010
1010110011100010010000100100010111000000000000000000000000000000000010
1011111100100101110111001111001110100000000000000000000000000000000010
1011011101010100010111100110111101000000000000000000000000000000000010
1011000011011000111111100100011010100000000000000000000000000000000010
1011110110001111101010111000001000100000000000000000000000000000000010
1011001001000100101011111000011111100000000000000000000000000000000010
1011111100000101101111101101001110100000000000000000000000000000000010
1011100110000000010110010111110110000000000000000000000000000000000010
1010111011101100001111100100111101000000000000000000000000000000000010
1011000100101110100100001011010101000000000000000000000000000000000010
1011111001111000000101000111101001000000000000000000000000000000000010
1011001000101010110000101000110010000000000000000000000000000000000010
1011001011111101000111111011101100000000000000000000000000000000000010
1011000010000010010101001100011111000000000000000000000000000000000010
1010100010000001000110101101001100000000000000000000000000000000000010
1011100100111010110101001011101101100000000000000000000000000000000010
1010001100111101100101111100111000000000000000000000000000000000000010
1010100100010100011000000101001111100000000000000000000000000000000010
1010010100001110101010001101000111000000000000000000000000000000000010
1011101000100010011010011100010100100000000000000000000000000000000010
1011001001100111010011100000001011100000000000000000000000000000000010
1011100010001000111101001100101111000000000000000000000000000000000010
1010100101011010010001000101101101000000000000000000000000000000000010
1010111011100000100101001101011111000000000000000000000000000000000010
1010011001010010001111111000100111100000000000000000000000000000000010
1010110011110011001000110111101000100000000000000000000000000000000010
1011001010011011111011110100100011000000000000000000000000000000000010
1011010110001110010011111000111010100000000000000000000000000000000010
1011001111110110100011111101111101000000000000000000000000000000000010
1010000000000000001111110111100101100000000000000000000000000000000010
1011001100011010000111011101101010000000000000000000000000000000000010
1011101010010001100010111010011111100000000000000000000000000000000010
1011111100101010000010000001010011000000000000000000000000000000000010
1010111011011111000110111011101010100000000000000000000000000000000010
1010000010100000100110101010110000100000000000000000000000000000000010
1010011011011110111000101111101111100000000000000000000000000000000010
1010001110100000111001010101111110000000000000000000000000000000000010
1010011010001000000011100100111010000000000000000000000000000000000010
1011000110001000100101111001011111000000000000000000000000000000000010
1010000100000000100110100000110101000000000000000000000000000000000010
1010110111010001010111011011010100000000000000000000000000000000000010
1010000100001100011010001100111101000000000000000000000000000000000010
1010001111100101100111111111110000000000000000000000000000000000000010
1010010000100100000010101010101101100000000000000000000000000000000010
1011011111111010111111010101001111000000000000000000000000000000000010
1011011010100010110011000101010111000000000000000000000000000000000010
1010010100100101110001100101100111100000000000000000000000000000000010
1010011011100000100110001010111111000000000000000000000000000000000010
1011010011010001000100011100100110100000000000000000000000000000000010
1011000100010001011000110000110110100000000000000000000000000000000010
1010000111001110000010110101010110100000000000000000000000000000000010
1011111000111110101100110111101101000000000000000000000000000000000010
1010001100001010110010100000000000100000000000000000000000000000000010
1011010110111101010011011100010111100000000000000000000000000000000010
1011000100000011110111000000110100100000000000000000000000000000000010
1010010101110010010111101110110011000000000000000000000000000000000010
1011101110100011000111001001111111000000000000000000000000000000000010
1010001001110111100110101010111110100000000000000000000000000000000010
1010010010010100011101100111010010100000000000000000000000000000000010
1010001000010010000111001111101111100000000000000000000000000000000010
1011010011001110010011000110010101100000000000000000000000000000000010
1010100101010001011110011100011100100000000000000000000000000000000010
1010111000001111001101101110001100000000000000000000000000000000000010
1011100110100010000111110111011011100000000000000000000000000000000010
1010000111000001010011110010110100000000000000000000000000000000000010
1010100101111000000011100100011101000000000000000000000000000000000010
1010111010001100001111111011100110100000000000000000000000000000000010
1010000011001000011101010010010110100000000000000000000000000000000010
1010111011101110101000001111111111100000000000000000000000000000000010
1010101101100000011011011111111111100000000000000000000000000000000010
1011100000001011000100111111101100100000000000000000000000000000000010
1010001001100010000011111100101111100000000000000000000000000000000010
1011011000111001110101101100010111000000000000000000000000000000000010
1010000100001000010101100001011001000000000000000000000000000000000010
1011101011010001001010100001010001000000000000000000000000000000000010
1011110001011000001100101111000110000000000000000000000000000000000010
1011011010100010010101000011010110000000000000000000000000000000000010
1010001110110010001001101010111101000000000000000000000000000000000010
1011100000011001010101100011101010100000000000000000000000000000000010
1010110111101011111101101010010101000000000000000000000000000000000010
1010001110101100101011110100111000100000000000000000000000000000000010
1010001011011100000101001011111101000000000000000000000000000000000010
1010001001010100000100110100000101000000000000000000000000000000000010
1010111010000011110000001111011100100000000000000000000000000000000010
1011100101110111100000000101010011000000000000000000000000000000000010
1011000110111101000010001111011111000000000000000000000000000000000010
1011100000010101101101100011101111100000000000000000000000000000000010
1010101001011111010011101010011111100000000000000000000000000000000010
1010001000000000100111001101101100000000000000000000000000000000000010
1010010010101111000011100101011101100000000000000000000000000000000010
1010100011010110101001011110110110000000000000000000000000000000000010
1011011110000111101010101010100110000000000000000000000000000000000010
1011010000001000101010011011111010100000000000000000000000000000000010
1010011110100010110010110101010010000000000000000000000000000000000010
1011001000101010000011000101001101100000000000000000000000000000000010
1011100000010011111111110110000101100000000000000000000000000000000010
1011001010101111011111100111100110000000000000000000000000000000000010
1011101010110000100000101101011101100000000000000000000000000000000010
1010111001100010101001010101000000100000000000000000000000000000000010
1010100110101011000111001100110100100000000000000000000000000000000010
1011000101011110110011001010001001100000000000000000000000000000000010
1011111010110101111111111111000001100000000000000000000000000000000010
1010100011100110100111011110100111000000000000000000000000000000000010
1010011010110100011100111011110111100000000000000000000000000000000010
1010011101111011110111011010111001000000000000000000000000000000000010
1010001001100101110111101010011001100000000000000000000000000000000010
1011100100100011000000110011111110100000000000000000000000000000000010
1011011101101100000010111001111111100000000000000000000000000000000010
1010111010001111011010101101100101000000000000000000000000000000000010
1011101101000111110110111010000101100000000000000000000000000000000010
1011100011000100111001011111111011000000000000000000000000000000000010
1011100010110110001111001010111000100000000000000000000000000000000010
1010111001101111110010100010011111000000000000000000000000000000000010
1010010111110111101110100101100101000000000000000000000000000000000010
1011001001101110110001010100010111000000000000000000000000000000000010
1011000101110110011010101001011111000000000000000000000000000000000010
1010011100000000111000001111101110100000000000000000000000000000000010
1010011100110110110010010001100001000000000000000000000000000000000010
1011100010010100011100001110000011000000000000000000000000000000000010
1011000010000000100011010111111101100000000000000000000000000000000010
1011001010100101001111000111110000100000000000000000000000000000000010
1011001111111000101111110011111001000000000000000000000000000000000010
1011011011001101011001001001100101100000000000000000000000000000000010
1010111010110000110001100010011011000000000000000000000000000000000010
1010000001000000000001110111000110100000000000000000000000000000000010
1011100100100010100000111111000111000000000000000000000000000000000010
1010110010111110111101001011001101100000000000000000000000000000000010
1011100111000000011110111110100110000000000000000000000000000000000010
1010110011010001110011001000111101000000000000000000000000000000000010
1010110110100000010011111000011101100000000000000000000000000000000010
1010010000110101101001000110011110000000000000000000000000000000000010
1011110010011111110100111010011001100000000000000000000000000000000010
1010101100110010100000110000010110100000000000000000000000000000000010
1011100010101100101111110100111000100000000000000000000000000000000010
1010010010111110000111101011101001100000000000000000000000000000000010
1010011011001110001011110100011110100000000000000000000000000000000010
1010010010000000110011110010101010100000000000000000000000000000000010
1010110011110110111000110001110100100000000000000000000000000000000010
1010001111101011001010011111011111100000000000000000000000000000000010
1011010010010000010000100110011010100000000000000000000000000000000010
1010000001100010100000100111011111100000000000000000000000000000000010
1010001011111101001100011001110011100000000000000000000000000000000010
1010011001000110010010001010001101000000000000000000000000000000000010
1010100001000100000000110101101010000000000000000000000000000000000010
1011011100010000000101110010100110000000000000000000000000000000000010
1010111000111111111111001100011101000000000000000000000000000000000010
1010110011110100101010110111101010100000000000000000000000000000000010
1011001001101100011101100011101100000000000000000000000000000000000010
1011010110101010010101101000010111100000000000000000000000000000000010
1010110111100100001011101111110100100000000000000000000000000000000010
1011001111011000111011101001101011100000000000000000000000000000000010
1011000000110000011101101111110011100000000000000000000000000000000010
1010000111010010010001001010111100000000000000000000000000000000000010
1011000000110000111011000101011001000000000000000000000000000000000010
1010010100111110011011101011011111100000000000000000000000000000000010
1010100000011001000000101010101100000000000000000000000000000000000010
1011100001111111000001101000010100100000000000000000000000000000000010
1010110000001010111010000001100100100000000000000000000000000000000010
1010000010001001001001110111100000100000000000000000000000000000000010
1010011001010101011111001110110111100000000000000000000000000000000010
1010100101010000001111010001110000000000000000000000000000000000000010
1010001101001000001111001111111111100000000000000000000000000000000010
1010010000010010100110011011000010000000000000000000000000000000000010
1011010001110100000111101110111011000000000000000000000000000000000010
1010010101000111010111111001100001100000000000000000000000000000000010
1010110100001000101001000100100000100000000000000000000000000000000010
1011100011100001110111011011110001000000000000000000000000000000000010
1011001010011000100101000111110000100000000000000000000000000000000010
1011010110101011001011010100101011000000000000000000000000000000000010
1010010001000100010001101100000101000000000000000000000000000000000010
1010110101001110000011001101010100000000000000000000000000000000000010
1011101111010000001000010000100001000000000000000000000000000000000010
1010000001101101110111011101110111000000000000000000000000000000000010
1010101000010000101100100110001001100000000000000000000000000000000010
1011000000001110000100111101011110100000000000000000000000000000000010
1010011000011101000011011011110011100000000000000000000000000000000010
1010000000101001011011011110111011100000000000000000000000000000000010
1011111101000001000101111100000110100000000000000000000000000000000010
1010010001100001100011001110111000100000000000000000000000000000000010
1011100100110100100000111100010110100000000000000000000000000000000010
1010111100000000011010001100011100000000000000000000000000000000000010
1011101100110101001001010110000001100000000000000000000000000000000010
1011101001111110001100111011011101100000000000000000000000000000000010
1010000001011100110111111110111000100000000000000000000000000000000010
1010101000000010010010000110111111100000000000000000000000000000000010
1011000001001100000000011000100110100000000000000000000000000000000010
1010001111110100011001001101110110000000000000000000000000000000000010
1010110000101101111110111110000000100000000000000000000000000000000010
1010010111100010101111000101011101100000000000000000000000000000000010
1011010101110000000001001001011000000000000000000000000000000000000010
1010111100110010000100010010111010000000000000000000000000000000000010
1010110100000011110011111010001100100000000000000000000000000000000010
1011001010001100110100100100111111000000000000000000000000000000000010
1010100110010000110000001011011010000000000000000000000000000000000010
1010001000001010110111011001110110000000000000000000000000000000000010
1010001110000101101101000111101111100000000000000000000000000000000010
1010010111000000010100001010110111100000000000000000000000000000000010
1011010100011011000101010001010000100000000000000000000000000000000010
1010000010010010011101101111110101000000000000000000000000000000000010
1010101110010000010010100110001101000000000000000000000000000000000010
1011111110100101011101001101000000100000000000000000000000000000000010
1010011000110010100110101011010010000000000000000000000000000000000010
1011100100011011111000011101111001000000000000000000000000000000000010
1010001001000010110110001000110110100000000000000000000000000000000010
1011011011010010010010111000001100100000000000000000000000000000000010
1011000001001010101101110101111111100000000000000000000000000000000010
1010111100110001101111011110110000100000000000000000000000000000000010
1011111111111010010010011110110000000000000000000000000000000000000010
1011000101011010010100000111101010000000000000000000000000000000000010
1010110001110001011011000010010110000000000000000000000000000000000010
1010100001001000110000010110011110100000000000000000000000000000000010
1010010101010010110110000011110101100000000000000000000000000000000010
1011100010010000000010000110011111100000000000000000000000000000000010
1010101001000000110101110011011011100000000000000000000000000000000010
