1010011101010000001010100011010010100000000000000000000000000000000010
1011000111110111101011100100000110100000000000000000000000000000000010
1011111010011101010111100001110000100000000000000000000000000000000010
1010000101101001100011000111111000000000000000000000000000000000000010
1010010110011110100101001011110100000000000000000000000000000000000010
1010100001010100100110101001111110000000000000000000000000000000000010
1011110101111100011101101110011000000000000000000000000000000000000010
1010001100110010000011011011000111000000000000000000000000000000000010
1010011001101000010111001101100000100000000000000000000000000000000010
1011001101000100000000011110111010100000000000000000000000000000000010
1011100110001111011110100101010101000000000000000000000000000000000010
1010000101011011001010111101101100100000000000000000000000000000000010
1010100110011110000000000000100001000000000000000000000000000000000010
1011110001001101100110101000011101100000000000000000000000000000000010
1011100001111000100100000010010001000000000000000000000000000000000010
1010101001110000001010101001110001000000000000000000000000000000000010
1010110001001100011010000010001101100000000000000000000000000000000010
1011000001001111000101101010110010100000000000000000000000000000000010
1010010110101011111110101011001000100000000000000000000000000000000010
1010110001001011100010001111101110100000000000000000000000000000000010
1011110111001100001100000010011010000000000000000000000000000000000010
1011001000101111111000011001010010100000000000000000000000000000000010
1011000000011000111001010001111011100000000000000000000000000000000010
1011011100011001110010101101010101000000000000000000000000000000000010
1011000011010101000011110111000101100000000000000000000000000000000010
1010100100010110101001010101110110100000000000000000000000000000000010
1010100000010101101010111111001000000000000000000000000000000000000010
1011001001100101011101000101110011000000000000000000000000000000000010
1011111111000010000011110000001011000000000000000000000000000000000010
1010001010100001011101101000011111100000000000000000000000000000000010
1010000110001000110011001011000010000000000000000000000000000000000010
1010010100111011010011000110001001000000000000000000000000000000000010
1011100111111111101100000101101000100000000000000000000000000000000010
1010111010111001010000100110000000000000000000000000000000000000000010
1011111100010110010111011101100000100000000000000000000000000000000010
1010000101000101101100100000111111100000000000000000000000000000000010
1011111011000111001100110110011110100000000000000000000000000000000010
1010001010010011010011011100001001000000000000000000000000000000000010
1011100100100001000101010001100100100000000000000000000000000000000010
1011011110010111110100010111011010000000000000000000000000000000000010
1010100101100010010100000100100001000000000000000000000000000000000010
1010110011010100110000110111000111100000000000000000000000000000000010
1011001101100111100110001000111001000000000000000000000000000000000010
1011000111111010111010101110101100100000000000000000000000000000000010
1011010111001000100110001100011101100000000000000000000000000000000010
1011110110010110101110111101000000000000000000000000000000000000000010
1010011000010100000111100010010110100000000000000000000000000000000010
1010101111001011010010111001000011000000000000000000000000000000000010
1010000101001111100001011101101110000000000000000000000000000000000010
1010110101110000010010001110001100100000000000000000000000000000000010
1011101101000000100011110001010000100000000000000000000000000000000010
1010110100100100001000110010010101100000000000000000000000000000000010
1011001000011000010100100111011011100000000000000000000000000000000010
1010100010001001010010001111000001000000000000000000000000000000000010
1011010001111000000110001100001100000000000000000000000000000000000010
1010101101011000111010110010001000000000000000000000000000000000000010
1010010010001011100000000111000010000000000000000000000000000000000010
1010101111010111100111100011100000100000000000000000000000000000000010
1011101001010110111110000000111000000000000000000000000000000000000010
1010001000110101001011111101110011100000000000000000000000000000000010
1010000001010110011000011010100100100000000000000000000000000000000010
1010111001100110111111111001010010100000000000000000000000000000000010
1010000100100001101101011000001100000000000000000000000000000000000010
1011110111100010101001110100110110000000000000000000000000000000000010
1011001110110001110000001101110101100000000000000000000000000000000010
1010010001101101111001101111100010000000000000000000000000000000000010
1011000110001011001001010100001000100000000000000000000000000000000010
1011111100100110001011010110110101100000000000000000000000000000000010
1011010010011011110001001111100000000000000000000000000000000000000010
1011101010001110000110110000110110000000000000000000000000000000000010
1010111111001001110001011100001100100000000000000000000000000000000010
1011100010000010000111011011110001000000000000000000000000000000000010
1011001101110000110100000010010101100000000000000000000000000000000010
1011010110011101100000001000100010000000000000000000000000000000000010
1010011000001111101011110011000011000000000000000000000000000000000010
1011011111100111101001010110000101000000000000000000000000000000000010
1011001101000001001000100111110011000000000000000000000000000000000010
1011111011110010001111100011101110100000000000000000000000000000000010
1010110110010000110011010001101101000000000000000000000000000000000010
1010111110000101110111110100111101100000000000000000000000000000000010
1011100000000111000100001000000110100000000000000000000000000000000010
1010100100000000000101100110100111000000000000000000000000000000000010
1011101111001001101011111000010001000000000000000000000000000000000010
1011010000011100101101010010100110100000000000000000000000000000000010
1011000111011111101110100001100101100000000000000000000000000000000010
1010101000010111011001100001000110100000000000000000000000000000000010
1011010110100101100010010111110111000000000000000000000000000000000010
1010001000011111001111000001001001100000000000000000000000000000000010
1011101000111110001101100010010000100000000000000000000000000000000010
1011011111010101111111111110001111100000000000000000000000000000000010
1011100000100100001000000010010011000000000000000000000000000000000010
1011011011101001011101101110100110100000000000000000000000000000000010
1010110101001110101110010100101001000000000000000000000000000000000010
1010000111001100110110011110101111000000000000000000000000000000000010
1011111000111100001110111101001101000000000000000000000000000000000010
1011101100110110110010111111111010000000000000000000000000000000000010
1011011100111100100101011001100110000000000000000000000000000000000010
1011000110001100000111010001110000000000000000000000000000000000000010
1011100111000110111011010011011111100000000000000000000000000000000010
1011010011111000010111000100001001000000000000000000000000000000000010
1011010000011101000110011011100111100000000000000000000000000000000010
1011010011101001101111100010011111100000000000000000000000000000000010
1010101011111111000111111111110111100000000000000000000000000000000010
1011100100010010000110101111110011000000000000000000000000000000000010
1011111000001110011011000000111100000000000000000000000000000000000010
1010010000111011110011111001000100000000000000000000000000000000000010
1010100010111000111011101001101110100000000000000000000000000000000010
1011100111011111011011010001100010100000000000000000000000000000000010
1011000010000001111100011001111111100000000000000000000000000000000010
1011111111110001001011101110011101100000000000000000000000000000000010
1011100000011010000101011011010111100000000000000000000000000000000010
1011111110001011000000101001110101000000000000000000000000000000000010
1011100010111110101111011011111110000000000000000000000000000000000010
1010000100100101100010111010100000000000000000000000000000000000000010
1010110100001100001111001101101111000000000000000000000000000000000010
1011010101011001110001111010100010100000000000000000000000000000000010
1010100111001111101100010111110111000000000000000000000000000000000010
1010100111010000100010001001110111100000000000000000000000000000000010
1010100011011011000001101010000101100000000000000000000000000000000010
1011111001010110000110011100110000100000000000000000000000000000000010
1011011110011101001101011001010010000000000000000000000000000000000010
1010001111001101011110000010011001000000000000000000000000000000000010
1010010110111001111000110010011110000000000000000000000000000000000010
1011011101110111100001111111110110000000000000000000000000000000000010
1010011010100000100000001100011101100000000000000000000000000000000010
1011011110111000010101101000100100100000000000000000000000000000000010
1011011111100100100100001011001110100000000000000000000000000000000010
1010100110000111110110011010110000100000000000000000000000000000000010
1010010011011111100011101101001010100000000000000000000000000000000010
1011110000101000100100010101000001000000000000000000000000000000000010
1011011100100001101011011010001101100000000000000000000000000000000010
1010000100111000000110101101001000100000000000000000000000000000000010
1010000001101000000100111000110000100000000000000000000000000000000010
1011111110001010000111101011100101000000000000000000000000000000000010
1010110110100010100010111101000001100000000000000000000000000000000010
1011110111100011001000110101010000000000000000000000000000000000000010
1010110011011000010001000001001001100000000000000000000000000000000010
1010111100100101001001101101010010100000000000000000000000000000000010
1010101000011010000110110111010011100000000000000000000000000000000010
1010000101100011011100011111110010100000000000000000000000000000000010
1011000000010010001010100000010010000000000000000000000000000000000010
1011000010010010000010111011110000000000000000000000000000000000000010
1011010000011110001010011010000101100000000000000000000000000000000010
1011011010101110010001011101010010100000000000000000000000000000000010
1010011001011001010101110101011111000000000000000000000000000000000010
1010100010001101100000001000110100000000000000000000000000000000000010
1010000110001110101100101011110100100000000000000000000000000000000010
1011000010101000011011001100110111000000000000000000000000000000000010
1010101101111100100100000011011110000000000000000000000000000000000010
1010000000110001010000101100111000000000000000000000000000000000000010
1010111110011011001100111111010001100000000000000000000000000000000010
1010100011000011000000001101000001100000000000000000000000000000000010
1010111100011010110101110000001001100000000000000000000000000000000010
1010000101001010001100011001010001000000000000000000000000000000000010
1010100111000101000100100101110000100000000000000000000000000000000010
1010101011000010011001000110011101000000000000000000000000000000000010
1011100110100011111111000010100101000000000000000000000000000000000010
1010101100101001110001010100010101100000000000000000000000000000000010
1011011000001011001000110000111001000000000000000000000000000000000010
1010111001001101010111110011000110100000000000000000000000000000000010
1011010000001110001100110110011110100000000000000000000000000000000010
1010010111101101001011110011000010000000000000000000000000000000000010
1010011111010010100001100110010110100000000000000000000000000000000010
1011010000110011010010011011001110100000000000000000000000000000000010
1011110111000000111011011110101011000000000000000000000000000000000010
1010100101010001010100111000011010100000000000000000000000000000000010
1010010011010111000000010001001011000000000000000000000000000000000010
1011101010110101100101110000100110100000000000000000000000000000000010
1011100101011001011000100101001110100000000000000000000000000000000010
1011111111011111011001011011011110000000000000000000000000000000000010
1010100101000110010100110110110011100000000000000000000000000000000010
1011010010111111010010101110001111100000000000000000000000000000000010
1010000001011011010010011001101011100000000000000000000000000000000010
1010111000010010110111111010011110100000000000000000000000000000000010
1011000101100111100001011001100011100000000000000000000000000000000010
1010001010111111110001110110100010000000000000000000000000000000000010
1010100100101011101111101001000010100000000000000000000000000000000010
1010101111011000111111010010101010100000000000000000000000000000000010
1010100100101100010101011011101110000000000000000000000000000000000010
1011001100010001100000100010101101100000000000000000000000000000000010
1010000100011110000001110011111010100000000000000000000000000000000010
1010010000001111100110111100101011000000000000000000000000000000000010
1011110000101101110100100111100111100000000000000000000000000000000010
1011111010011000011011100110110001000000000000000000000000000000000010
1011101000100100000111110110011110100000000000000000000000000000000010
1011100111111010000101011010001111100000000000000000000000000000000010
1010001110100011010111100111000001100000000000000000000000000000000010
1010000100101101111101010100100100100000000000000000000000000000000010
1011111011011010000000011001111010100000000000000000000000000000000010
1010110110101010100111111011110110000000000000000000000000000000000010
1011101100001000010111110000110011100000000000000000000000000000000010
1011001001100101010111111000110001100000000000000000000000000000000010
1011010011100011101110110001111111100000000000000000000000000000000010
1011110000000011000100100101111100100000000000000000000000000000000010
1010100110100110101010100111000011000000000000000000000000000000000010
1011101110010000001101100110000001000000000000000000000000000000000010
1010001101011111001110001101110110100000000000000000000000000000000010
1010101010001101101001100000111100000000000000000000000000000000000010
1011110110001111111111101100110010100000000000000000000000000000000010
1011110101100101001100111100101001100000000000000000000000000000000010
1010100001100000101011001001010111000000000000000000000000000000000010
1011000000000100011001000000001001100000000000000000000000000000000010
1011000110011010010110010001101100000000000000000000000000000000000010
1011100011010000000010101010101100000000000000000000000000000000000010
1011010100101001101101101000010110000000000000000000000000000000000010
1011101000000000111110111110001101100000000000000000000000000000000010
1010100100100000100000000000000111100000000000000000000000000000000010
1011110000001101010101111110010100100000000000000000000000000000000010
1011101011110000011011101011011000100000000000000000000000000000000010
1010010001001010101001001000000111100000000000000000000000000000000010
1011111000101010101000111100100010000000000000000000000000000000000010
1011101010100000011000100000010000100000000000000000000000000000000010
1011101100101010010001010101100011000000000000000000000000000000000010
1011101010100110100100100001011101000000000000000000000000000000000010
1010001111011111101011000111011011100000000000000000000000000000000010
1010101001010011011100111111001001000000000000000000000000000000000010
1011011001010001111000000101000011100000000000000000000000000000000010
1011001110010011100011010000101101000000000000000000000000000000000010
1010010010100010111010111000110100000000000000000000000000000000000010
1011000100110001100101101011011010000000000000000000000000000000000010
1011101101000110010100111111011110000000000000000000000000000000000010
1011010001101001011100110011111101100000000000000000000000000000000010
1011000001101100000011000011100111100000000000000000000000000000000010
1011011110010111010111011111001111100000000000000000000000000000000010
1011011110111101010101100101010111100000000000000000000000000000000010
1010000000010010101110001100010010100000000000000000000000000000000010
1011100001011001011100101100010000000000000000000000000000000000000010
1010000101100110001100110000010010000000000000000000000000000000000010
1011010011111110001011011111111010100000000000000000000000000000000010
1010101011101000001100010000001100100000000000000000000000000000000010
1010100010001000010010100110001000000000000000000000000000000000000010
1010011100001011011111000111110011000000000000000000000000000000000010
1010101010110010011101100101001001000000000000000000000000000000000010
1010001100111011000010100110011011100000000000000000000000000000000010
1010111000111100011111011100000000100000000000000000000000000000000010
1011011110101001001011010111000110100000000000000000000000000000000010
1011000100111110000001000011101100000000000000000000000000000000000010
1011100001100010111001010000111111100000000000000000000000000000000010
1011000011001001001000010010110011000000000000000000000000000000000010
1010001111010110101011111001101110100000000000000000000000000000000010
1011111110000001100111011101100000100000000000000000000000000000000010
1010010000000110110000111001101100000000000000000000000000000000000010
1010110011111101101000111101111100100000000000000000000000000000000010
1011001001000000011010100110111011000000000000000000000000000000000010
1011111001100101000001100111101000000000000000000000000000000000000010
1010001010100100000111011111011110100000000000000000000000000000000010
1011000101111000001000011001110110100000000000000000000000000000000010
1010011011110110110001111111001001000000000000000000000000000000000010
1011010011000110011001011110000001100000000000000000000000000000000010
1010000100011001100110011001111001100000000000000000000000000000000010
1010001000011100011110110111111101100000000000000000000000000000000010
1011000001000000001011010000101000100000000000000000000000000000000010
1010001100110111100001010000110111000000000000000000000000000000000010
1010111010100111011011001011010101000000000000000000000000000000000010
1011111010011000001100101010111111100000000000000000000000000000000010
1010010110010001111100111010100101000000000000000000000000000000000010
1011100111010000001101010011110010100000000000000000000000000000000010
1011111110111001000110001000110001100000000000000000000000000000000010
1011000000000110100100100110101101000000000000000000000000000000000010
1010110000111000100011110011010100100000000000000000000000000000000010
1010010101100100000011000110010010000000000000000000000000000000000010
1011000101010001001111011110100010000000000000000000000000000000000010
1011101100110111011010001111010111000000000000000000000000000000000010
1011110000011100011011111001111000000000000000000000000000000000000010
1010110110101101100000010111000101100000000000000000000000000000000010
1011000001111111011011001001111101100000000000000000000000000000000010
1010110110000011000111001100110100000000000000000000000000000000000010
1010011110001110010000001111101101100000000000000000000000000000000010
1011000100110010101001111111111100100000000000000000000000000000000010
1010001001001101010000101111111011100000000000000000000000000000000010
1010100110111010100000001111111111100000000000000000000000000000000010
1010011100011000011000011011100001100000000000000000000000000000000010
1011110101101111100010001011000111100000000000000000000000000000000010
1010100000011011000111001101100011000000000000000000000000000000000010
1011110111000001100001101011110101000000000000000000000000000000000010
1011101110011100011101011101011100100000000000000000000000000000000010
1011001010110100000111011110011101100000000000000000000000000000000010
1010001111011000001110010000000000100000000000000000000000000000000010
1010000111011011100011111011110101100000000000000000000000000000000010
1010011100010000111110000000100001000000000000000000000000000000000010
1011010100001000100000001011110111100000000000000000000000000000000010
1011110001100010100111111111110011100000000000000000000000000000000010
1010011101010100100010111001100011100000000000000000000000000000000010
1011111111111100100111111101010000000000000000000000000000000000000010
1011110001011011001011101010111000100000000000000000000000000000000010
1010010010000110010111110111001100100000000000000000000000000000000010
1010000001011010110110001111110010000000000000000000000000000000000010
1011010010011100100011101001011100000000000000000000000000000000000010
1010010000000001111110101011010101100000000000000000000000000000000010
1011011000111001001110101010000100000000000000000000000000000000000010
1011110000101011001010111111011111000000000000000000000000000000000010
1011101111111000001011011100100001000000000000000000000000000000000010
1010001000110011001101001110111011100000000000000000000000000000000010
1011111101101000011011000110001110000000000000000000000000000000000010
1011000000001001000010111001111110100000000000000000000000000000000010
1010000010010011100001000110000010000000000000000000000000000000000010
1011110111000001001110000011011101000000000000000000000000000000000010
1010001110000001011101100110000010000000000000000000000000000000000010
1011110100101110101011011111010100100000000000000000000000000000000010
1010111100110110101011000011101110100000000000000000000000000000000010
1011001100001010101001111100000100000000000000000000000000000000000010
1010101001011100011100111010111101000000000000000000000000000000000010
1010100011000100101110010010001000000000000000000000000000000000000010
1010000010110010111011110101110100100000000000000000000000000000000010
1010010100101000111111100110101100000000000000000000000000000000000010
1010011101111101011001000111001011100000000000000000000000000000000010
1011111001011010000111000101110101000000000000000000000000000000000010
1011110100100101001001111101101110100000000000000000000000000000000010
1011011011100100111011011110101011100000000000000000000000000000000010
1010100010101000100011001111010110000000000000000000000000000000000010
1011101000101000010010100011111100100000000000000000000000000000000010
1011011110010111110000111101110101100000000000000000000000000000000010
1011010100010001100100100000001110100000000000000000000000000000000010
1010011110000110010110101111111110100000000000000000000000000000000010
1010010010101011010100101111110100100000000000000000000000000000000010
1010111011110101101111011110101111000000000000000000000000000000000010
1011101100000011010011111111001000000000000000000000000000000000000010
1010100101000000111100111010011110100000000000000000000000000000000010
1011000110011001011000010000010111000000000000000000000000000000000010
1011011001100100111110101111101111000000000000000000000000000000000010
1011000101101010000100110001100111100000000000000000000000000000000010
1010011111110100111000011100001110100000000000000000000000000000000010
1010000101010011001000111011011010100000000000000000000000000000000010
1011010111001100111110000101011000100000000000000000000000000000000010
1010010101001111101110000110101000100000000000000000000000000000000010
1010010100001000001001100111011011000000000000000000000000000000000010
1011100001100110111111101010111000000000000000000000000000000000000010
1011011010000100010001011011000110000000000000000000000000000000000010
1011011110101100110011010010011011000000000000000000000000000000000010
1011111100001101000010111010000110100000000000000000000000000000000010
1011011110000101011010100000100001100000000000000000000000000000000010
1010001110011101101010111110110000000000000000000000000000000000000010
1010100001110010010100101010111111000000000000000000000000000000000010
1011011001100000110011110000110001000000000000000000000000000000000010
1010100001000100001101010101101010000000000000000000000000000000000010
1010011011011011011111011100010110000000000000000000000000000000000010
1011001101101010110101101001110101000000000000000000000000000000000010
1011000110010001110011011011110111100000000000000000000000000000000010
1010000011001111110000100001101111000000000000000000000000000000000010
1010011100110000110001011011001000100000000000000000000000000000000010
1011101001001010011010101100110010100000000000000000000000000000000010
1010010000010011010001000100110111000000000000000000000000000000000010
1010110010001000001111101010101100100000000000000000000000000000000010
1010001000010001101000011111010010000000000000000000000000000000000010
1011100000011110001100110000000010000000000000000000000000000000000010
1011001010110100100101011100101111100000000000000000000000000000000010
1010000001100111010010010111000100000000000000000000000000000000000010
1011011010000010100011101000000010000000000000000000000000000000000010
1010001001000101011001001010101010100000000000000000000000000000000010
1010001111110110000100100101101001000000000000000000000000000000000010
1010000011110101100111110101110010100000000000000000000000000000000010
1011111001000101101011011110010011100000000000000000000000000000000010
1011011000101111000010010010001000000000000000000000000000000000000010
1011101110100000010111100001111100100000000000000000000000000000000010
1011110000100011011110011101000111100000000000000000000000000000000010
1011011101111010011001001100010110100000000000000000000000000000000010
1010000001111101111111111110111001100000000000000000000000000000000010
1011000001110111000111110110101011000000000000000000000000000000000010
1010000111111100101011111000010100000000000000000000000000000000000010
1010110111001111011010110100001101000000000000000000000000000000000010
1011101100001011000011010101110111000000000000000000000000000000000010
1011011010110000010100111011000001000000000000000000000000000000000010
1011010111100000001100101000011110000000000000000000000000000000000010
1010111101010011010010110101011110100000000000000000000000000000000010
1010011001110100100010110001000000100000000000000000000000000000000010
1010011110110100110000001011111010100000000000000000000000000000000010
1011110100111010011111000110101001100000000000000000000000000000000010
1011111100001111001000100100111000100000000000000000000000000000000010
1011011010000101111000001101101101000000000000000000000000000000000010
1011011100000110010100111010111011000000000000000000000000000000000010
1010001100001011010011101000000000000000000000000000000000000000000010
1010100011011111001001011100011011100000000000000000000000000000000010
1010101011111001111010110111010010000000000000000000000000000000000010
1010100111110000000101000110111100000000000000000000000000000000000010
1011011100011000100110000110010110100000000000000000000000000000000010
1011010101001110001010110100101000100000000000000000000000000000000010
1011011100010010010101011001100101000000000000000000000000000000000010
1011010110011000101001101111011111100000000000000000000000000000000010
1011111111101011001001100101110001000000000000000000000000000000000010
1010011001001110111111011111101011100000000000000000000000000000000010
1011011011101101010000000010010100000000000000000000000000000000000010
1010110000100010101010111101110011100000000000000000000000000000000010
1010001111011011110100001011011011100000000000000000000000000000000010
1011011111101011110010110010111111000000000000000000000000000000000010
1011000110001010110101110011100110100000000000000000000000000000000010
1010000110011100100110001110011010000000000000000000000000000000000010
1011110110101001101111100100111001000000000000000000000000000000000010
1010000011000100011011011101111010000000000000000000000000000000000010
1010111000111101100101000100111001000000000000000000000000000000000010
1010100110010011001010101000111010100000000000000000000000000000000010
1010001010011100010010001011001011100000000000000000000000000000000010
1011011100011010110001011010011010000000000000000000000000000000000010
1010100011101010110010001010101010000000000000000000000000000000000010
1010100101111101101011110101010011000000000000000000000000000000000010
1011011000101010001111100110010001000000000000000000000000000000000010
1011100001110101011011010101111000000000000000000000000000000000000010
1011011010010101010011100100110001100000000000000000000000000000000010
1010000100100000101011001001011011100000000000000000000000000000000010
1011100001001011111100101010111010100000000000000000000000000000000010
1011110100011011111111100100111101100000000000000000000000000000000010
1010101011110100100000100100101100000000000000000000000000000000000010
1010011100101011001010100101100111100000000000000000000000000000000010
1011011100110010010010111010111111000000000000000000000000000000000010
1010010100111011101010111110000001000000000000000000000000000000000010
1010101011111000001110101111010000100000000000000000000000000000000010
1011000100111010100111000001100011000000000000000000000000000000000010
1011100100101011011010111010101101100000000000000000000000000000000010
1011010001101100000001111100101001100000000000000000000000000000000010
1011011000010000101010110100110101000000000000000000000000000000000010
1010011100000101100000001100110111000000000000000000000000000000000010
1010100010010010010000110100111100000000000000000000000000000000000010
1010011001001101100111111110011011000000000000000000000000000000000010
1010110101111111110111010011100100100000000000000000000000000000000010
1011100111001011110100101001111011000000000000000000000000000000000010
1010100111110000010111010100111010000000000000000000000000000000000010
1011010100001011101010000100111010000000000000000000000000000000000010
1011001011100011001100111000101100000000000000000000000000000000000010
1011011000110100001101100010111000000000000000000000000000000000000010
1011100111010110111010100000110111100000000000000000000000000000000010
1011111010110110001111101110100111000000000000000000000000000000000010
1011001010010000011001011001001110000000000000000000000000000000000010
1011110101100100101000000001000101000000000000000000000000000000000010
1010110011100001111100000101110111100000000000000000000000000000000010
1010010110011000000001000100000111000000000000000000000000000000000010
1011100001101010101101000100111100000000000000000000000000000000000010
1011111111010101010101110100101010000000000000000000000000000000000010
1011001010000001101110010010111100000000000000000000000000000000000010
1011101101111110000000111000011110100000000000000000000000000000000010
1010010011000011010011001000010010000000000000000000000000000000000010
1010100100101110010010001110101100000000000000000000000000000000000010
1010011001100000111010110100111010100000000000000000000000000000000010
1011111110011011101001111011111100000000000000000000000000000000000010
1010000001101111011110001100111100000000000000000000000000000000000010
1011011001110100110100011100001111000000000000000000000000000000000010
1011011010000100100101011011100000000000000000000000000000000000000010
1010000010011101100011000110000111000000000000000000000000000000000010
1010010010000001100110001110010100000000000000000000000000000000000010
1011110110001100110111111111000010000000000000000000000000000000000010
1010001110001101110100011000010010000000000000000000000000000000000010
1010101111101111100111101001111111100000000000000000000000000000000010
1010000100100000010000111001011101000000000000000000000000000000000010
1011001011011101001100010100001111000000000000000000000000000000000010
1011010011101011101011001011100000100000000000000000000000000000000010
1011011001000101111100111000111111100000000000000000000000000000000010
1010101011010000101101010010101111100000000000000000000000000000000010
1011101011100111101011000011000100000000000000000000000000000000000010
1010110001010110010110001101001000100000000000000000000000000000000010
1011101100101111101010101110100110000000000000000000000000000000000010
1011101000110010111001110011100001000000000000000000000000000000000010
1011110010011100001100001100000111000000000000000000000000000000000010
1010111011110111111100111000101011000000000000000000000000000000000010
1010000110100000011100101001010000100000000000000000000000000000000010
1011010101011101100001101001110011000000000000000000000000000000000010
1010011001111101001011011010011001100000000000000000000000000000000010
1010001101011111011101000100110011100000000000000000000000000000000010
1011100111100111110000111011000001000000000000000000000000000000000010
1011010001110010100110100111100001000000000000000000000000000000000010
1011110000101111100101000011110001000000000000000000000000000000000010
1011001010110010010000111010001100000000000000000000000000000000000010
1011011111101011011100110110000010000000000000000000000000000000000010
1010110110101110110100111110111101100000000000000000000000000000000010
1011010001101011001011010101101110100000000000000000000000000000000010
1010000100010011010001101001100101000000000000000000000000000000000010
1010100001110111110011111110010100000000000000000000000000000000000010
1011111101101011101010001001100100100000000000000000000000000000000010
1011011100001101000110011101010011000000000000000000000000000000000010
1011010000101101100100010000001011100000000000000000000000000000000010
1010001001000010110011110000000000100000000000000000000000000000000010
1010110000101011110101101010010101000000000000000000000000000000000010
1010100101000001001101110011001111100000000000000000000000000000000010
1010000100110111100111111110011010000000000000000000000000000000000010
1010001100011111010110011010001110100000000000000000000000000000000010
1011000101000110101010000001101101100000000000000000000000000000000010
1011010000111001010011011000111000000000000000000000000000000000000010
1011111000001010111000000001101011000000000000000000000000000000000010
1011000101110011010011100011100101000000000000000000000000000000000010
1010000101110110100000000111001010000000000000000000000000000000000010
1011011110000100001101000011101001100000000000000000000000000000000010
1010010110101110001001101011011000100000000000000000000000000000000010
1011001100100001100110010111011001100000000000000000000000000000000010
1010101100110000011011000111100111100000000000000000000000000000000010
1011000100000011101000001100111001100000000000000000000000000000000010
1010010010000000010001011000001110000000000000000000000000000000000010
1011110011101100100011011111010111000000000000000000000000000000000010
1011000100010001000101110001000010100000000000000000000000000000000010
1011000011100111101011111000110000000000000000000000000000000000000010
1010011011100010001011110000010101100000000000000000000000000000000010
1011100110100011010010010011110101000000000000000000000000000000000010
1010011000000110100000110101111111100000000000000000000000000000000010
1011101110111111001110010000111000100000000000000000000000000000000010
1010000000101000010000000010111101000000000000000000000000000000000010
1010010011010110100101011111110011100000000000000000000000000000000010
1011110110110000001110001010100011000000000000000000000000000000000010
1011010110011000101001111111101001100000000000000000000000000000000010
1010100011101010001111100101110011000000000000000000000000000000000010
1010101110000110001100011010110101000000000000000000000000000000000010
1010101000000001110010101011110110100000000000000000000000000000000010
1010001100101100001000010000000011000000000000000000000000000000000010
1011001101110001011111100110111101000000000000000000000000000000000010
1011010010000111110100100001111101100000000000000000000000000000000010
1011111100001001011101010010011011000000000000000000000000000000000010
1011001011000111001110110111110010000000000000000000000000000000000010
1011100101101011101110011111010001000000000000000000000000000000000010
1011111011001011001100010010010010100000000000000000000000000000000010
1010110101000011001110100011011111100000000000000000000000000000000010
1011100111111000101101001110101011100000000000000000000000000000000010
1011001011011011000101100110001101000000000000000000000000000000000010
1010101011000101000000111001101001100000000000000000000000000000000010
1011110011101101110110010101001001000000000000000000000000000000000010
1010111111110010000010000100101001000000000000000000000000000000000010
1010110001000110000110101111001010100000000000000000000000000000000010
1010011011111001101000010000010101100000000000000000000000000000000010
1010011001100000000010001011100101100000000000000000000000000000000010
1011111110111001110110100100101011000000000000000000000000000000000010
1011001000010111011001101101001110100000000000000000000000000000000010
1011010100000111001111011111000111100000000000000000000000000000000010
1011011111000010110001000110000000000000000000000000000000000000000010
1010000001101111010010100110010111100000000000000000000000000000000010
1011011001000010010111111111001110100000000000000000000000000000000010
1010100100000111000011000001101001100000000000000000000000000000000010
1011010110000010011001101101011010000000000000000000000000000000000010
1010000100111100111011000001100011100000000000000000000000000000000010
1011001110010100001000011100011010100000000000000000000000000000000010
1010101011100010111111111011010110100000000000000000000000000000000010
1010100100000001101001111110010100100000000000000000000000000000000010
1011001101011100101011101000000110000000000000000000000000000000000010
1010010110001000010010011111100000000000000000000000000000000000000010
1010100100000011010001101001101001000000000000000000000000000000000010
1010001111110011111010001110011100100000000000000000000000000000000010
1010010110001010010000100101001010000000000000000000000000000000000010
1011111000010010110001100010111001000000000000000000000000000000000010
1011110110000010000110110000100100000000000000000000000000000000000010
1010100101100000001010011111001000000000000000000000000000000000000010
1010010010011110011101100100110100000000000000000000000000000000000010
1010110110001010110000111111111110100000000000000000000000000000000010
1010001001100101011010110000101010000000000000000000000000000000000010
1011010011011110101000011010000100100000000000000000000000000000000010
1010011011001001010001001101000110100000000000000000000000000000000010
1010100110110011110101010000101000100000000000000000000000000000000010
1011010001011001000110000011001101000000000000000000000000000000000010
1011010001100000000101010101101001000000000000000000000000000000000010
1011010010100010000011011111111010100000000000000000000000000000000010
1011111101101000100101001000101110000000000000000000000000000000000010
1010000011010100101101010010001011100000000000000000000000000000000010
1010111110011000100011110111000110000000000000000000000000000000000010
1010011101100011001110010110001110100000000000000000000000000000000010
1010101000110010010001011001111111100000000000000000000000000000000010
1010011110010101100011000110000111000000000000000000000000000000000010
1011111010000011000010001011011100000000000000000000000000000000000010
1011110010110010101000001010110111000000000000000000000000000000000010
1010000100001111101111000110010111100000000000000000000000000000000010
1011100000001000000001110000100111100000000000000000000000000000000010
1010111010001001011101001000010110000000000000000000000000000000000010
1011000110000001001110101001101011100000000000000000000000000000000010
1010111001110010001100011111010000100000000000000000000000000000000010
1011011110110100100000001111111010000000000000000000000000000000000010
1011110001111111101010011011001100100000000000000000000000000000000010
1011010011000001011100010000000111000000000000000000000000000000000010
1011010001010001110010001110000000000000000000000000000000000000000010
1011110000000101101001010110111110100000000000000000000000000000000010
1011111001010111001001111100101011100000000000000000000000000000000010
1011011011010011101010000110000101000000000000000000000000000000000010
1011101101100001001110100011100001100000000000000000000000000000000010
1010001001010101110001000001010000100000000000000000000000000000000010
1011011011010100110101110100011101100000000000000000000000000000000010
1011101000110010100001110100001010000000000000000000000000000000000010
1011101100001011111000110101011110100000000000000000000000000000000010
1011010100100110111010101110011110000000000000000000000000000000000010
1010001111001111001010011010110001100000000000000000000000000000000010
1011101011000110110010010010111000100000000000000000000000000000000010
1011001100010101110100011100101100100000000000000000000000000000000010
1010000010111101101111000100010101100000000000000000000000000000000010
1010111111011011010100110101010100000000000000000000000000000000000010
1011001110001000101111100111001110100000000000000000000000000000000010
1010101000110110100011001110010101100000000000000000000000000000000010
1011001100001110011110001111000011000000000000000000000000000000000010
1010011000101111101001110100010011000000000000000000000000000000000010
1010001011010011010010000101110011100000000000000000000000000000000010
1011111001110011100110010001111110000000000000000000000000000000000010
1011101100101000101001010111110001100000000000000000000000000000000010
1011111101001000110100101111100001000000000000000000000000000000000010
1011001101000000100100000100100010100000000000000000000000000000000010
1010101001100000100011000101001101000000000000000000000000000000000010
1010001011000100110111010111100101100000000000000000000000000000000010
1011011110000000101100110010000000100000000000000000000000000000000010
1010010101111001000101111001110111100000000000000000000000000000000010
1010001010000011000000000100010000000000000000000000000000000000000010
1010010010111100100110101011100101000000000000000000000000000000000010
1010001100001001100011101010100011000000000000000000000000000000000010
1011001101000000110110110110011010100000000000000000000000000000000010
1010100000001100001000000100001001000000000000000000000000000000000010
1010101010100000001111000101111001100000000000000000000000000000000010
1011111101011100110011110001001100100000000000000000000000000000000010
1010001111110000001110011101101011100000000000000000000000000000000010
1011110010001100000011000010000000000000000000000000000000000000000010
1011001000100101100010010011100101000000000000000000000000000000000010
1010110001101101110000000111000010100000000000000000000000000000000010
1011100010100101111000011111001001100000000000000000000000000000000010
1010110100011010111001011110101010000000000000000000000000000000000010
1011011101101010001110101101010100100000000000000000000000000000000010
1011001101000111111100001101101101000000000000000000000000000000000010
1010100100100110111111001010111110000000000000000000000000000000000010
1010111111101101101011100110100001000000000000000000000000000000000010
1011001000001100000110111110100100000000000000000000000000000000000010
1010110110010110111001101110000111100000000000000000000000000000000010
1011110101110001100110001101000010100000000000000000000000000000000010
1010100001101010010101011110101011000000000000000000000000000000000010
1010100111100011000111111111010111100000000000000000000000000000000010
1011110111000010101010011011110101100000000000000000000000000000000010
1011000111001010101110000111101111000000000000000000000000000000000010
1010011000111101101001001100110001100000000000000000000000000000000010
1010000000100110010010000010000111000000000000000000000000000000000010
1011101010010100101101011101100100100000000000000000000000000000000010
1011001001010000101100010100100100100000000000000000000000000000000010
1010001111011110011110000000101011100000000000000000000000000000000010
1010100100000011001101010101101001000000000000000000000000000000000010
1011000000101011110010000010011111000000000000000000000000000000000010
1011000000011011000100000010110100100000000000000000000000000000000010
1011011001100101110011000100111010100000000000000000000000000000000010
1011001101001110010011100100100110100000000000000000000000000000000010
1010000010101110110100010111011000100000000000000000000000000000000010
1010111010001000101000010010110100100000000000000000000000000000000010
1011010111010110000110000000001010100000000000000000000000000000000010
1010100110100001010010001011100001000000000000000000000000000000000010
1010111101000101011001000101110100000000000000000000000000000000000010
1011101001000000001010011111110110100000000000000000000000000000000010
1011100101111110100111010010110111000000000000000000000000000000000010
1011101001110010100000100100111001100000000000000000000000000000000010
1010000110000100000111111010111001000000000000000000000000000000000010
1010000101010110100000111110100001000000000000000000000000000000000010
1011000111110100100111100011101000100000000000000000000000000000000010
1010110111100110000110111011000011100000000000000000000000000000000010
1010111101011000010000010000110111000000000000000000000000000000000010
1010101101101100110011100100010101100000000000000000000000000000000010
1010000101111010011101010000010110100000000000000000000000000000000010
1010101101100100100100001011000110100000000000000000000000000000000010
1010110100001110010111111010011110000000000000000000000000000000000010
1011001110100010011101111100101001000000000000000000000000000000000010
1011001111011100000010001110010100100000000000000000000000000000000010
1010100110111111010011001101101001000000000000000000000000000000000010
1010110101110110101000101110000101100000000000000000000000000000000010
1010000000011011001010101110110111000000000000000000000000000000000010
1010001010101101101100010101000101000000000000000000000000000000000010
1011001000010100001100111110101000100000000000000000000000000000000010
1010100000100111100010011111010111000000000000000000000000000000000010
1010111110111001101101011101011110000000000000000000000000000000000010
1011011101000100001110101010011011100000000000000000000000000000000010
1010011011010101000101111100000100100000000000000000000000000000000010
1011010000100100001000011110101011000000000000000000000000000000000010
1011101110011111100111110000011100100000000000000000000000000000000010
1011000000110000101010100100110001000000000000000000000000000000000010
1010101100010001110001110000110010000000000000000000000000000000000010
1011000100010010010110011011010010000000000000000000000000000000000010
1010001000100101011001110011010010000000000000000000000000000000000010
1010111100110000010001100110101011100000000000000000000000000000000010
1011000101000011011001011110000111100000000000000000000000000000000010
1010110011110010010010010010110101100000000000000000000000000000000010
1010111010101011000011001011101010100000000000000000000000000000000010
1011010001001010001110100101000111000000000000000000000000000000000010
1011011010111111010010011110010000000000000000000000000000000000000010
1011011100001101100010011111000001100000000000000000000000000000000010
1010010111010101110011110000111000100000000000000000000000000000000010
1010111110101100010101001111100010100000000000000000000000000000000010
1010111111110111110001101000010111100000000000000000000000000000000010
1010010111110011000101101010111100100000000000000000000000000000000010
1010011100011100110110101000111110100000000000000000000000000000000010
1010101001010110101000100110101010000000000000000000000000000000000010
1010100101100111100010010101000000000000000000000000000000000000000010
1010001010001001101011011101110000100000000000000000000000000000000010
1011001101001110010101110110111111000000000000000000000000000000000010
1010111000000000110010110011110000100000000000000000000000000000000010
1011011111110111010000111011001001100000000000000000000000000000000010
1010110110000010101100111100001100000000000000000000000000000000000010
1010011101101111111101000010101111000000000000000000000000000000000010
1011101111101100111100100100001110000000000000000000000000000000000010
1011011101100100101011110101110111000000000000000000000000000000000010
1010010100100011111100000001000011000000000000000000000000000000000010
1010101000000111011010001000000011100000000000000000000000000000000010
1011101111010011010001100000010001100000000000000000000000000000000010
1010111101000111110111010101110100000000000000000000000000000000000010
1011000110001000101100101110011110000000000000000000000000000000000010
1010111111000100010000000100111110000000000000000000000000000000000010
1011010001100100011110010100000111100000000000000000000000000000000010
1010011111010110000000001011110111000000000000000000000000000000000010
1010000110010011111011000000101111100000000000000000000000000000000010
1010100001001101101000000101101110100000000000000000000000000000000010
1010100011000101000000001010111101000000000000000000000000000000000010
1010001111001101101010011001110111000000000000000000000000000000000010
1011101110000000100010111100100010000000000000000000000000000000000010
1011000001010100011011000000001010100000000000000000000000000000000010
1011100010000101100110010111110010000000000000000000000000000000000010
1010000110110111100000110000110111100000000000000000000000000000000010
1011100111111001001011010010101011000000000000000000000000000000000010
1011111111001101100110101110010000100000000000000000000000000000000010
1010100100001001010101011110100110100000000000000000000000000000000010
1010000001001100111010101000010011100000000000000000000000000000000010
1011011111100010101110010001011010100000000000000000000000000000000010
1011000101100100000110001110111011100000000000000000000000000000000010
1010001101011101001100110100000110000000000000000000000000000000000010
1011000001000101111011000110010011100000000000000000000000000000000010
1011011100111000100010010100111010100000000000000000000000000000000010
1010101001001101110100000000001001100000000000000000000000000000000010
1010000000111111100100111110011110000000000000000000000000000000000010
1010000011100110011000110011111101100000000000000000000000000000000010
1010001000010010100010011011111010100000000000000000000000000000000010
1010100111100110100001000010111000000000000000000000000000000000000010
1010011000001111111001011111010011100000000000000000000000000000000010
1011100100010101111011001111000010000000000000000000000000000000000010
1011111100011101111010010010101110100000000000000000000000000000000010
1011100011000111000100110110001110000000000000000000000000000000000010
1010000100101001011110101100010011000000000000000000000000000000000010
1010100011110001111001100111010111000000000000000000000000000000000010
1011000011100011011010010001111110100000000000000000000000000000000010
1010111100111011110111110110111100100000000000000000000000000000000010
1010011101110101000100010000000010000000000000000000000000000000000010
1011110101000101000111000111101001100000000000000000000000000000000010
1010000000001111110001110110010000100000000000000000000000000000000010
1010011111000110001110011011010001100000000000000000000000000000000010
1010011001111001110100011011101010000000000000000000000000000000000010
1010100010100110101010001110010000000000000000000000000000000000000010
1011001001001111001100101101001011100000000000000000000000000000000010
1010001010010000111001100110100010100000000000000000000000000000000010
1010010010011100011100110110110011000000000000000000000000000000000010
1011111100000100110111101110110110100000000000000000000000000000000010
1010000111100000011001101100010111000000000000000000000000000000000010
1011110100100101110000011011110000000000000000000000000000000000000010
1011001011111011101011001101110000100000000000000000000000000000000010
1011000011000010110001100001100101000000000000000000000000000000000010
1011001001011010110011011000100110100000000000000000000000000000000010
1010111000010010111000110011010101100000000000000000000000000000000010
1011011011010110101110110110011101100000000000000000000000000000000010
1011111110001011001001111110101011100000000000000000000000000000000010
1010011110100001010000011111110110000000000000000000000000000000000010
1011111011110101100001010110100101100000000000000000000000000000000010
1011011001010000000001010001010000100000000000000000000000000000000010
1011010011010000110011010100101011100000000000000000000000000000000010
1010100110100111110110001110101010000000000000000000000000000000000010
1010000110000110111110110000111101100000000000000000000000000000000010
1011110110010110101010000110101011100000000000000000000000000000000010
1011101111100100111000101100111100100000000000000000000000000000000010
1010111100111011100111110111000111100000000000000000000000000000000010
1010000000100011100000100001111010000000000000000000000000000000000010
1010001101100110100100100010000010000000000000000000000000000000000010
1011001001111100011010111001111000000000000000000000000000000000000010
1011111100101101110111110000111010100000000000000000000000000000000010
1010101100001101001000001010100101100000000000000000000000000000000010
1011101011010100110010011010001100000000000000000000000000000000000010
1011011111100010110110000111111001100000000000000000000000000000000010
1011110001001011110011000011111001000000000000000000000000000000000010
1010000101001110010110100100101011100000000000000000000000000000000010
1011110100101100101010101000010010000000000000000000000000000000000010
1010111110001111001011011111010010000000000000000000000000000000000010
1011010011001011100110101010001000100000000000000000000000000000000010
1010000110000110111110110000111101100000000000000000000000000000000010
1011100111110101101101110011001000000000000000000000000000000000000010
1010001110101000010000110101100101100000000000000000000000000000000010
1011010110001110101100010101000111000000000000000000000000000000000010
1010000110000110010111111000111111100000000000000000000000000000000010
1011011111011001101011100000110111000000000000000000000000000000000010
1010110100001001101001010101100001000000000000000000000000000000000010
1010110010011110110110000011011101000000000000000000000000000000000010
1011001110101010001000110011100110100000000000000000000000000000000010
1010001101110101100100010010111101000000000000000000000000000000000010
1010111101011011001010010111101011100000000000000000000000000000000010
1010010100110110110001010100011000100000000000000000000000000000000010
1011110000000000100111110011111111000000000000000000000000000000000010
1011000011001000111100010110101010000000000000000000000000000000000010
1010101110110001100100000101100111000000000000000000000000000000000010
1011100000011000110110101001010011000000000000000000000000000000000010
1010010100110000000101100101000100100000000000000000000000000000000010
1011100101111101011100011111000101100000000000000000000000000000000010
1010101100101100000001111101100101100000000000000000000000000000000010
1010100110100101110100011111101111100000000000000000000000000000000010
1011011011110110100010110011101001100000000000000000000000000000000010
1011110000011001011011101111000110000000000000000000000000000000000010
1010010011000100110100111011010011000000000000000000000000000000000010
1010111001010010100101000001100011100000000000000000000000000000000010
1010011111110111010100110111001010000000000000000000000000000000000010
1011101010010101001100111110110001000000000000000000000000000000000010
1010101000001111111011111000101001100000000000000000000000000000000010
1011100000110101101100001011101101100000000000000000000000000000000010
1011101111111010000110111011001111000000000000000000000000000000000010
1011011010011010001001001011101010100000000000000000000000000000000010
1011110000000010010100101010110001000000000000000000000000000000000010
1010001011110111010111100111110110100000000000000000000000000000000010
1010101100110101000110110000000101000000000000000000000000000000000010
1011111000001010100111010110001001000000000000000000000000000000000010
1010000101011111011110011100000001100000000000000000000000000000000010
1010110001111010001111011010010100000000000000000000000000000000000010
1011001010100001001111000000001000000000000000000000000000000000000010
1011010100101100100010110001101100100000000000000000000000000000000010
1011100111010100011100101001011101100000000000000000000000000000000010
1011100001111111110100000011010011100000000000000000000000000000000010
1010100000101010010100110101010010100000000000000000000000000000000010
1010011000000000000011100010011100000000000000000000000000000000000010
1010010110011100110100010111000010100000000000000000000000000000000010
1010111101000100000011111101100000000000000000000000000000000000000010
1011100111111010000010101000100011000000000000000000000000000000000010
1011001110111110101100100011101011000000000000000000000000000000000010
1010000001011101101100101101111110000000000000000000000000000000000010
1011111000000000100001001101100010100000000000000000000000000000000010
1011000101100111001101111001011011100000000000000000000000000000000010
1010100101110010001000000001110011100000000000000000000000000000000010
1011011000011000110100000111100011100000000000000000000000000000000010
1011001111100110010101100101100001000000000000000000000000000000000010
1010101011111010011110001010011001100000000000000000000000000000000010
1011010000101000110101011000101010100000000000000000000000000000000010
1010010010100000001001101110010001000000000000000000000000000000000010
1010001011101100100000010010010100100000000000000000000000000000000010
1011000111010110110111111001110000100000000000000000000000000000000010
1011101011100000000110110101111100100000000000000000000000000000000010
1011010100011110110000100101111110000000000000000000000000000000000010
1011001011110000010111100001100110100000000000000000000000000000000010
1011100100101101110111010110101110100000000000000000000000000000000010
1010101010101001001000111011010101000000000000000000000000000000000010
1010111111011100011000100110000111000000000000000000000000000000000010
1010011110100010100111111100100000100000000000000000000000000000000010
1010010000001000110100000011001010100000000000000000000000000000000010
1011110111111111001101100101100000100000000000000000000000000000000010
1011001101000000011010010000011000000000000000000000000000000000000010
1010000101000000001001111001101011100000000000000000000000000000000010
1011100011000010000101001111100111100000000000000000000000000000000010
1011001010011101101101101111011101000000000000000000000000000000000010
1011010011100110100010000011101110100000000000000000000000000000000010
1010010111111100111111100110101100100000000000000000000000000000000010
1011101000000001110101111110100011100000000000000000000000000000000010
1010010000101111000101101101110100100000000000000000000000000000000010
1010000010111111100110000001011100100000000000000000000000000000000010
1011000110011010010010100011001000100000000000000000000000000000000010
1010100011010110010000011111010111100000000000000000000000000000000010
1010010010001011101110110011010111000000000000000000000000000000000010
1011011010011000100001000011001111100000000000000000000000000000000010
1011100101000111001110110101010101100000000000000000000000000000000010
1011110001010001010001101101010010100000000000000000000000000000000010
1011100101000111001110110101010101100000000000000000000000000000000010
1011101011110001000010001011111010100000000000000000000000000000000010
1010100011000101100010111101001111100000000000000000000000000000000010
1010100111001001101011101110011010000000000000000000000000000000000010
1011100010010111100111010011001100000000000000000000000000000000000010
1010110010101001101000001011001010000000000000000000000000000000000010
1010111100111111100010001000110101000000000000000000000000000000000010
1011101011010010110100101011001111100000000000000000000000000000000010
1010100000100110101000000100111000100000000000000000000000000000000010
1010010001000000111100001110101011100000000000000000000000000000000010
1011010001001111001100110001101111000000000000000000000000000000000010
1010001111100001011000010111111100100000000000000000000000000000000010
1010110011000101100001011010011100100000000000000000000000000000000010
1010110001111110100011001010011100000000000000000000000000000000000010
1010011101111001111000011111101010000000000000000000000000000000000010
1010110000010010101100000101111110100000000000000000000000000000000010
1010111010011110101010110101100110000000000000000000000000000000000010
1011000011011011010010000011110101000000000000000000000000000000000010
1010100101110111011101110111101111000000000000000000000000000000000010
1011001111111001010000011111011000100000000000000000000000000000000010
1010100011010010100101010001100101100000000000000000000000000000000010
1011001001001101100111101111010010100000000000000000000000000000000010
1011100101110000001000010001110011000000000000000000000000000000000010
1010100100110010101011110001100011100000000000000000000000000000000010
1011011101011111110011000001111000100000000000000000000000000000000010
1011011100111100011110111011101000100000000000000000000000000000000010
1010000101001101010011101101111101100000000000000000000000000000000010
1010000001101000010100010100100101100000000000000000000000000000000010
1011011110001011010001010001010001100000000000000000000000000000000010
1010011101101101001101011111111010000000000000000000000000000000000010
1011011110011010000101010000111101000000000000000000000000000000000010
1010010100011001011010100000001110000000000000000000000000000000000010
1011001100101110000101000010010011100000000000000000000000000000000010
1011011010101100100010000010101000000000000000000000000000000000000010
1011001111011001100110111011111000100000000000000000000000000000000010
1011110001111001000011010010000011100000000000000000000000000000000010
1011110010101110110000001011110001100000000000000000000000000000000010
1010010101010100001011101001011100000000000000000000000000000000000010
1010110010111010000100011001110010000000000000000000000000000000000010
1011101101100001111111110110101011100000000000000000000000000000000010
1010110110101110100011011101101111000000000000000000000000000000000010
1011010100010101100111001000010000100000000000000000000000000000000010
1010001010010100000000011000001011000000000000000000000000000000000010
1010011110000100100010011100000101000000000000000000000000000000000010
1010101100000001110011001000011110000000000000000000000000000000000010
1010011001010000111111010010011101000000000000000000000000000000000010
1011111110100100010011001001001011000000000000000000000000000000000010
1010100110110000110011101100110001100000000000000000000000000000000010
1011001001101101000101001110000000100000000000000000000000000000000010
1010100110010000101110010000000000000000000000000000000000000000000010
1010000101110010101001111010010010000000000000000000000000000000000010
1010011100110110100001101100101101100000000000000000000000000000000010
1011111011101001001001011100110111000000000000000000000000000000000010
1010101000100111011100001000001110000000000000000000000000000000000010
1011111010010011010011011111101001000000000000000000000000000000000010
1011110010100000111010010011010111100000000000000000000000000000000010
1011110001000010000100011000111000100000000000000000000000000000000010
1010000000101110000110110000111000000000000000000000000000000000000010
1010011111100001110101011101000110100000000000000000000000000000000010
1010101001000110001101100101110110000000000000000000000000000000000010
1011010110101000101000111100100010100000000000000000000000000000000010
1010001000010000110001101100101101000000000000000000000000000000000010
1011010001101000001101010000101011000000000000000000000000000000000010
1010011010110101000011000101100101000000000000000000000000000000000010
1010101111101101100010101000111011000000000000000000000000000000000010
1011010010011100001011111100010100100000000000000000000000000000000010
1010010111100100100101011111000011100000000000000000000000000000000010
1010100101100111001010111101001011000000000000000000000000000000000010
1010000001110110010100101100000010100000000000000000000000000000000010
1011001101101000001110001100111111000000000000000000000000000000000010
1011110011011001111101011011010100000000000000000000000000000000000010
1010111011010101010100011001110110000000000000000000000000000000000010
1010011100010101101111100101001100000000000000000000000000000000000010
1010000001011011100010001010111001100000000000000000000000000000000010
1010101011101010010101111011100010100000000000000000000000000000000010
1011111100101010110110111010000000100000000000000000000000000000000010
1010110110110001101100000001110110000000000000000000000000000000000010
1011001111010111111110001001101001000000000000000000000000000000000010
1011111101110100001011001001011100100000000000000000000000000000000010
1010100100000101100000000100010101000000000000000000000000000000000010
1011001111001101110100011111111001100000000000000000000000000000000010
1010010000111000010101110001100100100000000000000000000000000000000010
1011011110110100110110101111110100100000000000000000000000000000000010
1011100011100100101100001110101000000000000000000000000000000000000010
1011000011111001010011110111010000100000000000000000000000000000000010
1010000110111001110101000000111101100000000000000000000000000000000010
1010101110100111000111010101101111100000000000000000000000000000000010
1010100110111000011011100100101111100000000000000000000000000000000010
1011001010010011000010011101011111000000000000000000000000000000000010
1010100101111111111100111110110111100000000000000000000000000000000010
1011110101101110011010011011101001000000000000000000000000000000000010
1010010011010011101011010111100111100000000000000000000000000000000010
1010100111000000000110000100100000000000000000000000000000000000000010
1010111101100100100011101000000100100000000000000000000000000000000010
1011110111010111011110101011010101100000000000000000000000000000000010
1011101010110111001011111000100110100000000000000000000000000000000010
1010001100101010010100001001101100000000000000000000000000000000000010
1011101100111100010111000001110111100000000000000000000000000000000010
1010110000111110011010011111100101100000000000000000000000000000000010
1011000010010110111111001000111010100000000000000000000000000000000010
1010010011010110001010001000101000100000000000000000000000000000000010
1010100001101101100111010010000100000000000000000000000000000000000010
1010000010000110010101100011010000000000000000000000000000000000000010
1011111110011011110111101010111011100000000000000000000000000000000010
1010011101100110010110010000111101100000000000000000000000000000000010
1011111011101111000111110110101000000000000000000000000000000000000010
1010010110010110011111101101011100100000000000000000000000000000000010
1011001010011000101100010001011101000000000000000000000000000000000010
1010010111010111000010000110100010100000000000000000000000000000000010
1011001101011101011100011111000101000000000000000000000000000000000010
1010011100110110001111110101001101100000000000000000000000000000000010
1010010000101111110001011000000001100000000000000000000000000000000010
1011001100100110100001010010110110100000000000000000000000000000000010
1011000001011100100001110110101000000000000000000000000000000000000010
1011000101111000001010101001110110100000000000000000000000000000000010
1010001000111110110011100100011010100000000000000000000000000000000010
1011011101110101001000001110101001100000000000000000000000000000000010
1010011011110010011100100111000010000000000000000000000000000000000010
1011110110010111101011000100110110100000000000000000000000000000000010
1011000101110011100001111110111011000000000000000000000000000000000010
1011000001101110101110000100110011100000000000000000000000000000000010
1010000001010110000101101100101001100000000000000000000000000000000010
1010000100011010100010010101101011100000000000000000000000000000000010
1010111010101011001110010111111000000000000000000000000000000000000010
1011001111000011110001011010001110000000000000000000000000000000000010
1011100010110010100111100101101000100000000000000000000000000000000010
1011011101111001010101010111110110100000000000000000000000000000000010
1010010000111011111010100100101001000000000000000000000000000000000010
1011000111111010000101011011011101000000000000000000000000000000000010
1010100000011010011100011010101011100000000000000000000000000000000010
1010001111001011011011101001010010000000000000000000000000000000000010
1010111001111101010001001110100110000000000000000000000000000000000010
1010101011001001110010110010011110100000000000000000000000000000000010
1011101110100000111100100011011101100000000000000000000000000000000010
1011011000000001001011010011011101100000000000000000000000000000000010
1011011010010110111000000110000110000000000000000000000000000000000010
1011000000011101000101011100100010100000000000000000000000000000000010
1010000100000101110011011100011010100000000000000000000000000000000010
1011101100100011011101001010110000100000000000000000000000000000000010
1011000000101010111011100111111010100000000000000000000000000000000010
1010011101100011000011011001111000100000000000000000000000000000000010
1010110010111000011101001001101111100000000000000000000000000000000010
1010000001100110101010110000000100100000000000000000000000000000000010
1011111111011001110001101110111101000000000000000000000000000000000010
1011001100110010110001101001100100100000000000000000000000000000000010
1011110010000001000000100000010111000000000000000000000000000000000010
1011001110101000100000110010011000100000000000000000000000000000000010
1010000000011101001001000001001111000000000000000000000000000000000010
1010111110100101001111010111100011000000000000000000000000000000000010
1011110001110001001010101010001101100000000000000000000000000000000010
1011110000111001110101111101100110000000000000000000000000000000000010
1011010110101010111011001110100001100000000000000000000000000000000010
1010110000011011011000001001100010100000000000000000000000000000000010
1010100110100011100100001000111110000000000000000000000000000000000010
1010010011000000111011000000111011000000000000000000000000000000000010
1011011110100111011001000000011001000000000000000000000000000000000010
1010000010111000100111011100111111000000000000000000000000000000000010
1010100101011101000011101000000000000000000000000000000000000000000010
1010000010111001000101000111111100000000000000000000000000000000000010
1011011111101111111011110100100010100000000000000000000000000000000010
1010111010011011000000111011101001100000000000000000000000000000000010
1010000110001111101101101100101000000000000000000000000000000000000010
1010011011110000111111001011101011100000000000000000000000000000000010
1010110100000111000000110000100001000000000000000000000000000000000010
1011101001111011110110101110001111100000000000000000000000000000000010
1010001001001101001011110000010010100000000000000000000000000000000010
1010011110110010110000001101011011000000000000000000000000000000000010
1011110010111111100101110110110000000000000000000000000000000000000010
1010000010101111101101001000010000100000000000000000000000000000000010
1011010100001011011001110110100111000000000000000000000000000000000010
1011111010100010100101101000111011100000000000000000000000000000000010
1011100001010101000011101111111111000000000000000000000000000000000010
1010111000101001001110001100111100000000000000000000000000000000000010
1010011111100101100011000111011001100000000000000000000000000000000010
1010101100011001101110111111110000000000000000000000000000000000000010
1011000110100111000010010101011101000000000000000000000000000000000010
1010001111111111000100010001010011100000000000000000000000000000000010
1010100110000001001001010101100000100000000000000000000000000000000010
1011101001111110101110101010001100000000000000000000000000000000000010
1011011000111111111111001011011100000000000000000000000000000000000010
1011001010101000011001000001100100100000000000000000000000000000000010
1010001010111101011111101010011110100000000000000000000000000000000010
1011100101000101010011101011111011000000000000000000000000000000000010
1011100011101110001000001110101110100000000000000000000000000000000010
1011010000011100010101010000010010100000000000000000000000000000000010
1010101011010001100011010010111100100000000000000000000000000000000010
1010011101001000110100100000101001000000000000000000000000000000000010
1010001100100110000110111000011111000000000000000000000000000000000010
1011101101101101000000100111100011100000000000000000000000000000000010
1011100100011000111111110010011000000000000000000000000000000000000010
