1010110011000001001010011011101011100000000000000000000000000000000010
1010111000010000111100101000001000100000000000000000000000000000000010
1011011100001111110000110100011100100000000000000000000000000000000010
1010101000000000011001101110000010000000000000000000000000000000000010
1010101010111110000111011001000110100000000000000000000000000000000010
1011010111111110000101000110011000100000000000000000000000000000000010
1011101010010001010100011101000100000000000000000000000000000000000010
1010011101011100001001111111100111100000000000000000000000000000000010
1011011010011000000101001010111110000000000000000000000000000000000010
1010011110111001010000110011001110000000000000000000000000000000000010
1010101100101101100010110111010100100000000000000000000000000000000010
1010000110001001010101110111111110100000000000000000000000000000000010
1010010100001010101010011001111100000000000000000000000000000000000010
1010110001010111101101100111010001000000000000000000000000000000000010
1010000010011111110110010110100111100000000000000000000000000000000010
1010100111100011111100000011000111000000000000000000000000000000000010
1011010110001001001000100011101101000000000000000000000000000000000010
1011011100010101000100010010001110000000000000000000000000000000000010
1010111100001011111110111010101101100000000000000000000000000000000010
1011101000000000100001110010110101000000000000000000000000000000000010
1010101111011011111011010011101110000000000000000000000000000000000010
1010100000101111111101001011111101000000000000000000000000000000000010
1011011011011101011110011101101011100000000000000000000000000000000010
1011110001101010111100000001000110100000000000000000000000000000000010
1010110101111010101000101010110110100000000000000000000000000000000010
1011101100000101100010100011111100100000000000000000000000000000000010
1011000110110010100100110100010111100000000000000000000000000000000010
1011000101111011010001110111110010000000000000000000000000000000000010
1011010100100100111011010010001101000000000000000000000000000000000010
1010111010111011000000101111110001000000000000000000000000000000000010
1010000101010100000001111100100100000000000000000000000000000000000010
1010100001101010011001001000110111100000000000000000000000000000000010
1010110111100010001011100000110110000000000000000000000000000000000010
1010001001010011000011000001110011000000000000000000000000000000000010
1010111101000010101111110000111100100000000000000000000000000000000010
1011000110000000110110101000000010100000000000000000000000000000000010
1011111101100010011111101110001111000000000000000000000000000000000010
1011101011100010101100011111011011000000000000000000000000000000000010
1010000000110101010100111100111111000000000000000000000000000000000010
1010000100110011010011000001011110000000000000000000000000000000000010
1010101010110010000011001100111101100000000000000000000000000000000010
1011000101100010100000010000001110100000000000000000000000000000000010
1011100100001000111100011100001100100000000000000000000000000000000010
1011100100010110001010010001110111000000000000000000000000000000000010
1010111101100011101010000100111101100000000000000000000000000000000010
1011101010100110001100001010100110100000000000000000000000000000000010
1010000000100101000000010101110110000000000000000000000000000000000010
1011011010110011110101011101110011100000000000000000000000000000000010
1011011111011010000011101101101010100000000000000000000000000000000010
1011011011010000010011010010010010100000000000000000000000000000000010
1011011001000110101001110110100101000000000000000000000000000000000010
1011000100111101010111101110100000000000000000000000000000000000000010
1011000100000001110010101010110111100000000000000000000000000000000010
1011010010000100100010111101111101100000000000000000000000000000000010
1010100000111111010110011000100010100000000000000000000000000000000010
1011000110010111010111111111001011100000000000000000000000000000000010
1011011110001110011101100001001101100000000000000000000000000000000010
1010100100110100001110010000011011000000000000000000000000000000000010
1010001000010100011101100100110001100000000000000000000000000000000010
1010000011101010110001110111111011000000000000000000000000000000000010
1010001010001100000100101101011010100000000000000000000000000000000010
1011001001111000101110110000110000100000000000000000000000000000000010
1011000000100110100110111101111110100000000000000000000000000000000010
1010000001000101010111010100011100000000000000000000000000000000000010
1011111011100001011010110101010000100000000000000000000000000000000010
1010101111010100100101111010000011000000000000000000000000000000000010
1010100000110110000000101101101000100000000000000000000000000000000010
1011100001011010111101110011110010100000000000000000000000000000000010
1011010100000111110110010101011100000000000000000000000000000000000010
1011111100111010011110110010011011000000000000000000000000000000000010
1011010011110110011001000101101110000000000000000000000000000000000010
1011100110111111100111001100011000000000000000000000000000000000000010
1011100001010101001110111110101110100000000000000000000000000000000010
1011101000011101100101011111101101100000000000000000000000000000000010
1010101000011110001110010101011100100000000000000000000000000000000010
1011000001011011000110111000110110100000000000000000000000000000000010
1011110100110000110100101110001001000000000000000000000000000000000010
1011000010010001000111101000001101000000000000000000000000000000000010
1010110011011011000011110100100000000000000000000000000000000000000010
1011100011101100101000011111010111100000000000000000000000000000000010
1011011000000001001110110011101101100000000000000000000000000000000010
1011101000001010111010110011001110000000000000000000000000000000000010
1011101000010100010111100010001100100000000000000000000000000000000010
1010000000000000100011011000101110000000000000000000000000000000000010
1011100001111011000111100010101000000000000000000000000000000000000010
1011110000011001101111011011010111100000000000000000000000000000000010
1011111111001010010011011100100110000000000000000000000000000000000010
1010000000101000110010101111101100100000000000000000000000000000000010
1010101101100000001011010001101011000000000000000000000000000000000010
1011100000001001000010111110010111000000000000000000000000000000000010
1010001110000101001111000110011111000000000000000000000000000000000010
1011111110000100101010011011010101000000000000000000000000000000000010
1011000010110010110101100001000111100000000000000000000000000000000010
1010011101111011100001011100001100100000000000000000000000000000000010
1010010111011110111000100001111100100000000000000000000000000000000010
1010000010011010111111110101010100100000000000000000000000000000000010
1011110110110010000111011001101000000000000000000000000000000000000010
1011110110011001110001110011110110100000000000000000000000000000000010
1010110100000001010011011101101111000000000000000000000000000000000010
1010001001110001100101100010111011000000000000000000000000000000000010
1010011000111000011101101011101011100000000000000000000000000000000010
1011101010000110110110100111011010100000000000000000000000000000000010
1011011101111000110110110011100101100000000000000000000000000000000010
1010010010011110110011101001000011100000000000000000000000000000000010
1010110110011110000010000000111000000000000000000000000000000000000010
1010000101110001000010111101010100100000000000000000000000000000000010
1010001110100001010001110010100000000000000000000000000000000000000010
1011011000001010010111111110110011100000000000000000000000000000000010
1011110010001010101011100100101000100000000000000000000000000000000010
1010010100000111111101110001010010100000000000000000000000000000000010
1010110001011011000011101111001100100000000000000000000000000000000010
1011011100000001010010001111011001100000000000000000000000000000000010
1010001100011110010000010101011010000000000000000000000000000000000010
1010110100100011100111110100111011100000000000000000000000000000000010
1011011010000101111011011011001001000000000000000000000000000000000010
1011010111010101000001110001010010000000000000000000000000000000000010
1011001001000001110010001001111110100000000000000000000000000000000010
1011000100000010110011111000110101100000000000000000000000000000000010
1010110000010001000001111111101010100000000000000000000000000000000010
1010001010101001000110000011000110000000000000000000000000000000000010
1010100000010101011010110111101110000000000000000000000000000000000010
1010101110000010101111011010111110100000000000000000000000000000000010
1010111010100100010111100110001010100000000000000000000000000000000010
1010100111000111101100011000001010100000000000000000000000000000000010
1010111000001011000111001010110100100000000000000000000000000000000010
1010001000001111001101110111111011000000000000000000000000000000000010
1010000001011000101010111101001011000000000000000000000000000000000010
1011011100111101011001110110010101100000000000000000000000000000000010
1011111000000100000100111011110111000000000000000000000000000000000010
1011010100000100010111101010111111000000000000000000000000000000000010
1011100110001110110010101101000010000000000000000000000000000000000010
1010110011101100100111101101111011100000000000000000000000000000000010
1011000001111011010100100100011001000000000000000000000000000000000010
1011001101011110100101001110011101000000000000000000000000000000000010
1010000110000111001100110101110110000000000000000000000000000000000010
1010000010000010111001010010011011100000000000000000000000000000000010
1010001010000001000110011011010011000000000000000000000000000000000010
1011010100000101101011001000111101000000000000000000000000000000000010
1010100101001000000001100000101010000000000000000000000000000000000010
1010100100011111011011010011110000100000000000000000000000000000000010
1011110001110001101101000001011101000000000000000000000000000000000010
1011011001010010001011110111111101000000000000000000000000000000000010
1010101100000010001000010010100011000000000000000000000000000000000010
1011100010011010100111011010111001000000000000000000000000000000000010
1010110011000100101100111100011110100000000000000000000000000000000010
1011011010100111011011100010110000000000000000000000000000000000000010
1011010100011110001010100000111001100000000000000000000000000000000010
1010101010101000101011011101110000000000000000000000000000000000000010
1011001010100111110001111001110101100000000000000000000000000000000010
1010000010101000011010010010110011000000000000000000000000000000000010
1010100000100111111000010010001000000000000000000000000000000000000010
1011000001110000000000010001101011000000000000000000000000000000000010
1010111010101111110101001101001011000000000000000000000000000000000010
1011110011011010001001100100000101100000000000000000000000000000000010
1010110101010100001100110100010001100000000000000000000000000000000010
1010000000101000100101101001111001000000000000000000000000000000000010
1011000011100111001101100101111011100000000000000000000000000000000010
1011011010011110110010011110100101100000000000000000000000000000000010
1010111110110101010011011011011000000000000000000000000000000000000010
1010000010001101000010010001001110000000000000000000000000000000000010
1010100010010101100100111010001010100000000000000000000000000000000010
1011001011100001111011101001011101100000000000000000000000000000000010
1010101000011101111110010101001111100000000000000000000000000000000010
1011011000111100110111100110101000000000000000000000000000000000000010
1011001001010011010111011011111111100000000000000000000000000000000010
1011011101010000000001010111111101100000000000000000000000000000000010
1010100100101010001111011011100110000000000000000000000000000000000010
1011010000100111100111101101011111000000000000000000000000000000000010
1011000001010000111100101000011010000000000000000000000000000000000010
1011011001110000011001011111010010100000000000000000000000000000000010
1010011000110110001111011001111111100000000000000000000000000000000010
1011011100010111010011010110000110000000000000000000000000000000000010
1010100001101000001011111001101011100000000000000000000000000000000010
1010011001000100001011101100010011100000000000000000000000000000000010
1011100000100000101110111000110111100000000000000000000000000000000010
1011101000010101011000101100000100000000000000000000000000000000000010
1010101101100001100111001010011100100000000000000000000000000000000010
1010100000010000011111111101001110100000000000000000000000000000000010
1011111011111101001001011010100010100000000000000000000000000000000010
1010110010100000111101110111100101000000000000000000000000000000000010
1011000011011001011111111010000010100000000000000000000000000000000010
1010101010110000001011111111110111100000000000000000000000000000000010
1011110111101011100000111000110110100000000000000000000000000000000010
1010011101010001111011010001101100100000000000000000000000000000000010
1010010010011110000110111010110111100000000000000000000000000000000010
1010110001001000111001001110010011100000000000000000000000000000000010
1010111100011011001111000010000011100000000000000000000000000000000010
1010100011000001000111111011110001100000000000000000000000000000000010
1011111010111100100101110111011101000000000000000000000000000000000010
1011011110110001010111010000111111100000000000000000000000000000000010
1010100110100001100110001000010110100000000000000000000000000000000010
1010110101011100000000101011111101000000000000000000000000000000000010
1011000000001011001011000100010110100000000000000000000000000000000010
1011110011101011000001011101000111000000000000000000000000000000000010
1010111010110110001001001111010101100000000000000000000000000000000010
1011001111010111001100111110111110000000000000000000000000000000000010
1010111111010110101110110011011001000000000000000000000000000000000010
1011011000101101011100010110110111100000000000000000000000000000000010
1011100101111001001101100101001110100000000000000000000000000000000010
1010000001111100110111011110011001000000000000000000000000000000000010
1010101001001010011001010011100100000000000000000000000000000000000010
1010000011010101000000111010001100000000000000000000000000000000000010
1011001010011101110000000000110001100000000000000000000000000000000010
1010000101000100011101010100111100100000000000000000000000000000000010
1010101101101100100110001101011001100000000000000000000000000000000010
1011100011010001010001110010100100000000000000000000000000000000000010
1010100100100000000110101111100101100000000000000000000000000000000010
1010110110110011011111100110100010100000000000000000000000000000000010
1011010100000000001101011011000101100000000000000000000000000000000010
1010011000001111011100111100110001100000000000000000000000000000000010
1010110100011010010001110001010011100000000000000000000000000000000010
1011000110111000001001110011101100000000000000000000000000000000000010
1011000000000100111011001101101000000000000000000000000000000000000010
1010101001101110000111111010101101100000000000000000000000000000000010
1011100001000001100000110010110000000000000000000000000000000000000010
1010011001010000011010010011001100100000000000000000000000000000000010
1010110011000101101001110110010110000000000000000000000000000000000010
1011110110001010111000101111011011000000000000000000000000000000000010
1010000011110000010011111010001011100000000000000000000000000000000010
1011110100000110101001101010101000000000000000000000000000000000000010
1010010111011110100101011010010110100000000000000000000000000000000010
1011000001100010010001010100101101100000000000000000000000000000000010
1011011000011100001111010101001100100000000000000000000000000000000010
1010101110000101110000111010101110000000000000000000000000000000000010
1010001010011011011111000011010100100000000000000000000000000000000010
1010100001001011110001100000010111000000000000000000000000000000000010
1011111111001010110111110101110000100000000000000000000000000000000010
1010011100011100010110010000101101100000000000000000000000000000000010
1010010111011000001101010000001011000000000000000000000000000000000010
1010011000111110100001011100100011100000000000000000000000000000000010
1010110000001110010010110100101100000000000000000000000000000000000010
1010100100000001011111101010111010100000000000000000000000000000000010
1010101000011111010100111101110011100000000000000000000000000000000010
1011110000100011000011110101110010100000000000000000000000000000000010
1011010000110100000011110110010110000000000000000000000000000000000010
1011100010010111110101100100100100000000000000000000000000000000000010
1011110010100011110101000010000100000000000000000000000000000000000010
1010111111100010000000101001000110100000000000000000000000000000000010
1011110010001100000111010100101010000000000000000000000000000000000010
1011101110000000111001101000101101000000000000000000000000000000000010
1010111101101110011110001100011001000000000000000000000000000000000010
1011101000110101110010100100100001100000000000000000000000000000000010
1011011111000011001101101110011010100000000000000000000000000000000010
1011010000010001000011111100100110100000000000000000000000000000000010
1011101000101010010111101100010000000000000000000000000000000000000010
1011111111010001011101100001111001100000000000000000000000000000000010
1011000000101000100110111110001011100000000000000000000000000000000010
1010100101111010100001001101111011100000000000000000000000000000000010
1011101010100111001011000001011101100000000000000000000000000000000010
1011010000100011001000100011001100000000000000000000000000000000000010
1011001101100010000101111110010100000000000000000000000000000000000010
1011110000011001100001111010110100000000000000000000000000000000000010
1010101101000100011111111010011011100000000000000000000000000000000010
1011111111111000000111111111101000100000000000000000000000000000000010
1011011000111000000011010110011010000000000000000000000000000000000010
1010011100011111101111011110011111000000000000000000000000000000000010
1011000001000011110111100101010000100000000000000000000000000000000010
1010000101110001001001011001100001000000000000000000000000000000000010
1011001110111010111111101010111100100000000000000000000000000000000010
1010000100001001111010000100111110000000000000000000000000000000000010
1010001011110001010010111010101010100000000000000000000000000000000010
1010010000111000101100110101010101100000000000000000000000000000000010
1011111001010100000110110110011000000000000000000000000000000000000010
1011101110001010110101110110001101000000000000000000000000000000000010
1011001101000011011000001111100110000000000000000000000000000000000010
1010100011011101001110110011101111100000000000000000000000000000000010
1010000111111010101001101000001101000000000000000000000000000000000010
1011000111011000110101101111111110100000000000000000000000000000000010
1010101111001111100001110010000100000000000000000000000000000000000010
1011001010110110111111101101101000100000000000000000000000000000000010
1010011000110100110110100111011011000000000000000000000000000000000010
1010011101110001000101100011100101000000000000000000000000000000000010
1011101000110011100000110011111111000000000000000000000000000000000010
1010111001101000100011100101111010000000000000000000000000000000000010
1010000100010010001010101110100111000000000000000000000000000000000010
1010110110011101010110110001110011100000000000000000000000000000000010
1010110000111010111110000010100101100000000000000000000000000000000010
1010001001010100100100010001010110000000000000000000000000000000000010
1011000101100011010111010101111111000000000000000000000000000000000010
1011011010101000101110111101100000100000000000000000000000000000000010
1010010000111011011111111010111111100000000000000000000000000000000010
1010110100111101100011000101001011100000000000000000000000000000000010
1011111001100001001110001100100011100000000000000000000000000000000010
1010110011000111100011011011011010100000000000000000000000000000000010
1010000100001110000110010101100110000000000000000000000000000000000010
1010010100001001101000001011111101100000000000000000000000000000000010
1010011100101110110111111101100101100000000000000000000000000000000010
1010010000101011111111110110011001000000000000000000000000000000000010
1011011111111111110000111100001101000000000000000000000000000000000010
1010000000010101010010010011010000000000000000000000000000000000000010
1011011000101010000101010100010011100000000000000000000000000000000010
1010110011001001101011110001010010100000000000000000000000000000000010
1010100001000100000001101111010100100000000000000000000000000000000010
1011100101000100100010011011110100100000000000000000000000000000000010
1010000100110111101110011110100000100000000000000000000000000000000010
1011110011010010000110001101011101100000000000000000000000000000000010
1011100110000100000010111001111000100000000000000000000000000000000010
1010010000010100100110101001011110100000000000000000000000000000000010
1011010000010010010001011111010000000000000000000000000000000000000010
1010011101011001001011001101111100100000000000000000000000000000000010
1011111110010100101110010011110010000000000000000000000000000000000010
1011100001000000000100110011101001000000000000000000000000000000000010
1010111011110001100100111100100001100000000000000000000000000000000010
1010011010011010001001000011011111000000000000000000000000000000000010
1010000001111100101001110100011010100000000000000000000000000000000010
1010010101011011101011111001001110000000000000000000000000000000000010
1010000101010110100000110011011011100000000000000000000000000000000010
1010011100010000010101000101101000000000000000000000000000000000000010
1011101001001000000000110100100011100000000000000000000000000000000010
1011110011010110100001111010010000000000000000000000000000000000000010
1010010011011010110100111110000010000000000000000000000000000000000010
1010111000111110001010010001001000000000000000000000000000000000000010
1010100010001101100001111101100011100000000000000000000000000000000010
1011111011101110011011001101000111100000000000000000000000000000000010
1010001101001110010100010001111000100000000000000000000000000000000010
1011110001100110100000001010000010000000000000000000000000000000000010
1010111110000000111000011100110011000000000000000000000000000000000010
1010110000100011111100111100011110100000000000000000000000000000000010
1010010100010110010010101010111001100000000000000000000000000000000010
1011100101110001110011110011011000100000000000000000000000000000000010
1011110101000100001110111101011011100000000000000000000000000000000010
1010000000001100100101010100110011000000000000000000000000000000000010
1011100101110001110011010011010000100000000000000000000000000000000010
1010000110011100001100011011111011000000000000000000000000000000000010
1010101100010010000010011111101111100000000000000000000000000000000010
1011110011010111011001000100010000100000000000000000000000000000000010
1010111001001101000001110110111111000000000000000000000000000000000010
1010001000000101100000101111101101100000000000000000000000000000000010
1011010000100010000110100001101010000000000000000000000000000000000010
1010111101001100101000111011010110100000000000000000000000000000000010
1010110001111000100011011101001011000000000000000000000000000000000010
1010000000001001111110111011111101000000000000000000000000000000000010
1011000001101011000011011100110001100000000000000000000000000000000010
1010110110111111110010001111001000100000000000000000000000000000000010
1010000011010000111101111111110011000000000000000000000000000000000010
1011000001000101111001111110111111100000000000000000000000000000000010
1011000001111010011000110000101101000000000000000000000000000000000010
1010001001101010111001010011111100100000000000000000000000000000000010
1011011010100010001101011101100101100000000000000000000000000000000010
1011101110110010010001010001011100000000000000000000000000000000000010
1011000101011001000011011111110111000000000000000000000000000000000010
1010001000111100000111010100101000100000000000000000000000000000000010
1010001000000111011010100111110011100000000000000000000000000000000010
1011000010010000011010110111100101100000000000000000000000000000000010
1010010011110111010110100001101101100000000000000000000000000000000010
1010001101000100000110010100010010000000000000000000000000000000000010
1010111001100000000001110100010011100000000000000000000000000000000010
1011110110101111110101110111000100000000000000000000000000000000000010
1011110000000000011010100111011000100000000000000000000000000000000010
1010000000110111100110010110001011000000000000000000000000000000000010
1010000001011111010100100110001011000000000000000000000000000000000010
1010101001001011110110000010111101000000000000000000000000000000000010
1010110011010010101100011011110001000000000000000000000000000000000010
1010001010100101111101111111001010000000000000000000000000000000000010
1010111001101011010001100010010111100000000000000000000000000000000010
1010000100011001111010110101010000000000000000000000000000000000000010
1011000111011011000100100011100011100000000000000000000000000000000010
1010101011001101001101111010100011000000000000000000000000000000000010
1010010010010001011110011100101101000000000000000000000000000000000010
1010101010100000010101001110011111000000000000000000000000000000000010
1010110111100001010101011001000101100000000000000000000000000000000010
1010001000000101111000101000001011100000000000000000000000000000000010
1011000000111111010000010000000110100000000000000000000000000000000010
1010101001010001111011111101010111000000000000000000000000000000000010
1010111000000010110101011111100011000000000000000000000000000000000010
1010101001000111110110001001100110100000000000000000000000000000000010
1011100101000111000100010110100111000000000000000000000000000000000010
1010001000110000010100011100101110100000000000000000000000000000000010
1011010111000000000000011110101001100000000000000000000000000000000010
1011011100010101000110100001110101100000000000000000000000000000000010
1010011011001100111111011011000111000000000000000000000000000000000010
1010001100010000100010011101000110000000000000000000000000000000000010
1010001000101001100010100111111110000000000000000000000000000000000010
1010101101000000110111110001111011100000000000000000000000000000000010
1010101011101111101000111111011110100000000000000000000000000000000010
1011000100110110101010101011100001000000000000000000000000000000000010
1011111111000101011110001111100010100000000000000000000000000000000010
1011111010000101111000010110001110100000000000000000000000000000000010
1010011000110100000111111110100010100000000000000000000000000000000010
1010101010001010111000010001101101100000000000000000000000000000000010
1011110011100011100011100001000010100000000000000000000000000000000010
1010111111011111000110110100001011100000000000000000000000000000000010
1010001011000011001110011010011010100000000000000000000000000000000010
1011110000111110000100101011001101000000000000000000000000000000000010
1011100010100010001010010111001110000000000000000000000000000000000010
1011111000000110110110110011010100100000000000000000000000000000000010
1010000100010010000111100110000011100000000000000000000000000000000010
1011110101111100011001001010101011100000000000000000000000000000000010
1011000010001011110010101110111001000000000000000000000000000000000010
1011111011001000100111110101110010000000000000000000000000000000000010
1010010100000011100111100110000001000000000000000000000000000000000010
1011011000100100000010111111111110100000000000000000000000000000000010
1011001111101101010110010000010111000000000000000000000000000000000010
1010001011010100100101100111100000000000000000000000000000000000000010
1011100101101111011101110110111000100000000000000000000000000000000010
1010010011010001010111100001111001100000000000000000000000000000000010
1010001000111100000111011000001001100000000000000000000000000000000010
1011000111111011000110001110101100000000000000000000000000000000000010
1010100000011010110110100001110100000000000000000000000000000000000010
1011100111101101000000100101011101100000000000000000000000000000000010
1010010110101000101011011101001001100000000000000000000000000000000010
1010101101101001101001101111110010000000000000000000000000000000000010
1010100010111011011110110111101100000000000000000000000000000000000010
1011110010001001000010110010100100000000000000000000000000000000000010
1011110000100011100110100001000101000000000000000000000000000000000010
1010001100010011111111101011101101000000000000000000000000000000000010
1010110001011101101111001100101011100000000000000000000000000000000010
1011000110000001110010010100010101100000000000000000000000000000000010
1010000100000110001100110111011111100000000000000000000000000000000010
1011000011001000110000101101100101000000000000000000000000000000000010
1011100101110101010111111000011101000000000000000000000000000000000010
1010110110011000010110111001011101100000000000000000000000000000000010
1011111010100001000111110000010110100000000000000000000000000000000010
1010000010100001101011101111011101100000000000000000000000000000000010
1011110010100010100111001100111101000000000000000000000000000000000010
1010011110001111100111110110011001100000000000000000000000000000000010
1011000001011011010000100100011000100000000000000000000000000000000010
1011100011001001110101111110110010100000000000000000000000000000000010
1010010001111110110111100110000111100000000000000000000000000000000010
1011000000100010011100011111100000100000000000000000000000000000000010
1010011110110001100001010011000101100000000000000000000000000000000010
1010010000000100110000011111001111100000000000000000000000000000000010
1011101101101111101001010010010101000000000000000000000000000000000010
1011000011001001101111000011000000100000000000000000000000000000000010
1011000010101111000011100001100110000000000000000000000000000000000010
1010110111010001111101100000101011000000000000000000000000000000000010
1010001010110101011011011010011100100000000000000000000000000000000010
1010011010001100010111100100010001000000000000000000000000000000000010
1011000110101000010000111110011100100000000000000000000000000000000010
1010010110000100001001000111110111100000000000000000000000000000000010
1011011100101101101011010000110011000000000000000000000000000000000010
1011001001100000000001101110001101000000000000000000000000000000000010
1010000100010001110100100110011010100000000000000000000000000000000010
1010011110001000011111111011001110100000000000000000000000000000000010
1010111110010111000001010010111111100000000000000000000000000000000010
1010010011101000001000100000100000000000000000000000000000000000000010
1010011000111000110111100010001100100000000000000000000000000000000010
1010011010011111000111011000100011000000000000000000000000000000000010
1011000001111110100100011100000001000000000000000000000000000000000010
1010100011110101001101011110001001000000000000000000000000000000000010
1011101000001101001001001111110001100000000000000000000000000000000010
1010011000001011001110101001101010000000000000000000000000000000000010
1011001000010000110001010101101010100000000000000000000000000000000010
1010101010111001101110101111001101100000000000000000000000000000000010
1010000010001110110001010000100011100000000000000000000000000000000010
1010100011110101101101110010101001000000000000000000000000000000000010
1010000000011001011101010110001011100000000000000000000000000000000010
1010101111010100000101110101111111100000000000000000000000000000000010
1010000111000000010001101101000100100000000000000000000000000000000010
1011001101100010111110010011111111100000000000000000000000000000000010
1010011001110111000101011010001110100000000000000000000000000000000010
1011000001000011011010111010000011100000000000000000000000000000000010
1010010010101110000111011111010010100000000000000000000000000000000010
1011101101000010010011110000110000000000000000000000000000000000000010
1010110010011101001000000010110011000000000000000000000000000000000010
1011111110001000110110101101001001100000000000000000000000000000000010
1011100100000000100011101111010100100000000000000000000000000000000010
1011011101001000100100000010001111100000000000000000000000000000000010
1011101001000011101001000011110111000000000000000000000000000000000010
1011011011000010101011001001110011100000000000000000000000000000000010
1010100001000001000101011111111000000000000000000000000000000000000010
1010011111110010011111100000011000100000000000000000000000000000000010
1010110011111100000010110110101011100000000000000000000000000000000010
1010100111011110101110000101110000100000000000000000000000000000000010
1010101010001110110101001110111011100000000000000000000000000000000010
1011101001110010000110110111100111000000000000000000000000000000000010
1010000100110010000010110110111110000000000000000000000000000000000010
1010110011101000001010001000101000100000000000000000000000000000000010
1011100011011011100011110101010010000000000000000000000000000000000010
1011110111000011000010111010001011100000000000000000000000000000000010
1011111011100001010001001010001101100000000000000000000000000000000010
1010011000000010111000010001110110100000000000000000000000000000000010
1010101100001100001100010010101101100000000000000000000000000000000010
1010001100100100110000110100100100000000000000000000000000000000000010
1011010100111100100000111101110110000000000000000000000000000000000010
1010111101111001100010110110101011000000000000000000000000000000000010
1011111010110101000111110001001111000000000000000000000000000000000010
1010010101110011111011010011100010100000000000000000000000000000000010
1011010010110000011001101001111101100000000000000000000000000000000010
1010110000011011101011110110101010100000000000000000000000000000000010
1010101111100110101011000001000001000000000000000000000000000000000010
1010000010111000011100010110011110000000000000000000000000000000000010
1010001001101100101010011000101110000000000000000000000000000000000010
1011100011101011010011110011101111000000000000000000000000000000000010
1010111010010100001000011111000111000000000000000000000000000000000010
1010000000011110110111111101100110100000000000000000000000000000000010
1011000000001011011000110101110011000000000000000000000000000000000010
1011101101111001101001000011111111000000000000000000000000000000000010
1010000110000010000110111101001001100000000000000000000000000000000010
1010101011000001111011001110001010100000000000000000000000000000000010
1010111011001000001101101000011001100000000000000000000000000000000010
1011100100100111110101100011101110000000000000000000000000000000000010
1010100100010011111110011001111110100000000000000000000000000000000010
1011000010111101110010011111110011000000000000000000000000000000000010
1010000100001011111100010110110011100000000000000000000000000000000010
1011000001110010001111010000011100000000000000000000000000000000000010
1010010010100101000110011110000000100000000000000000000000000000000010
1010101000101101001100111111011010100000000000000000000000000000000010
1010101001111011100111001010110111100000000000000000000000000000000010
1011110000111100100000100001000110100000000000000000000000000000000010
1010000000110000001111010010011000100000000000000000000000000000000010
1010101110110100000000110001100010000000000000000000000000000000000010
1011010100011100010001111001010011000000000000000000000000000000000010
1011010000000010000010011011000000100000000000000000000000000000000010
1010010101000010001100010100100000100000000000000000000000000000000010
1010100000000100111111110111111111100000000000000000000000000000000010
1010100010100011001101001111100000100000000000000000000000000000000010
1010101100011110100001111001011011100000000000000000000000000000000010
1011000110100101000011011111000100000000000000000000000000000000000010
1010100110010100000100001001110111000000000000000000000000000000000010
1011100000100110010101111001011110100000000000000000000000000000000010
1010100101110001100100111100110010100000000000000000000000000000000010
1010010111010111001111110111110101000000000000000000000000000000000010
1010000001000101111101001110111100100000000000000000000000000000000010
1010001001001101101111010001100101100000000000000000000000000000000010
1011011000000000010001101001100010100000000000000000000000000000000010
1010101110100111001110011110110011100000000000000000000000000000000010
1011111010111101000100110100111010100000000000000000000000000000000010
1010110100111111001000010001011101000000000000000000000000000000000010
1010010111000001000110010100000111100000000000000000000000000000000010
1010110001010101000001011000101100100000000000000000000000000000000010
1011111011110000100111111001100100000000000000000000000000000000000010
1010101001001110110100101101111111100000000000000000000000000000000010
1011011100011011111000100011101011100000000000000000000000000000000010
1011011111001101100100100110111101100000000000000000000000000000000010
1010010100001111010110101101110100000000000000000000000000000000000010
1010001011111110101000011011101000000000000000000000000000000000000010
1010010011010101001011011000100111100000000000000000000000000000000010
1010110111000001011010010101110010000000000000000000000000000000000010
1011111101100011011011111011110000100000000000000000000000000000000010
1010110110000010100000111000100111000000000000000000000000000000000010
1011010001000101100000110011010000100000000000000000000000000000000010
1011100111100001010111101110001001000000000000000000000000000000000010
1011100110010001101111011111010010000000000000000000000000000000000010
1010100001010000101101100110111011000000000000000000000000000000000010
1010110000100100000100000100010110000000000000000000000000000000000010
1011111001001111101001001001100111100000000000000000000000000000000010
1011100100010000101001011110111001100000000000000000000000000000000010
1011110100000001111111101000100010100000000000000000000000000000000010
1011110101100011000011000111011010000000000000000000000000000000000010
1011100101110101111100001001000110000000000000000000000000000000000010
1010001101001010011111010111110110100000000000000000000000000000000010
1010010000001001011010010100010101000000000000000000000000000000000010
1010001100100000110111011101001100100000000000000000000000000000000010
1011100010000000001001101001101110000000000000000000000000000000000010
1011010100110000010011111101000111000000000000000000000000000000000010
1011000111010001010111111001111010100000000000000000000000000000000010
1011101110001000000111110011100110000000000000000000000000000000000010
1011011101110000111101111001111011000000000000000000000000000000000010
1010101000010101010001111111100011000000000000000000000000000000000010
1010001011101000101011001111011010000000000000000000000000000000000010
1011001101001101000110111111111000100000000000000000000000000000000010
1010100110001001111100010101101111100000000000000000000000000000000010
1010001111011101010101011001110111100000000000000000000000000000000010
1010111101100000110100010110111100000000000000000000000000000000000010
1010000010011011101101110110000011100000000000000000000000000000000010
1011110011000001010110111011111010100000000000000000000000000000000010
1010010101100110110000110111110001100000000000000000000000000000000010
1010000010111111011111001010000010100000000000000000000000000000000010
1011110111101011010111010011101010000000000000000000000000000000000010
1011110011011000101101011100001111100000000000000000000000000000000010
1011011110000110011110010110011101100000000000000000000000000000000010
1010010111111011010011100110000111100000000000000000000000000000000010
1011010010100101001011011001010001100000000000000000000000000000000010
1010100110101011100001110001110001000000000000000000000000000000000010
1010110001011101111110111110110010000000000000000000000000000000000010
1010010010101111000110100111001010000000000000000000000000000000000010
1010010010111011010001111111000010000000000000000000000000000000000010
1010001101100001110110110111101101000000000000000000000000000000000010
1010100100000110011100000010011010100000000000000000000000000000000010
1010110111010100110001011010010110000000000000000000000000000000000010
1011001001100101100000110111000111100000000000000000000000000000000010
1011111010000011110000111000110110100000000000000000000000000000000010
1011010000110011011000010001101100000000000000000000000000000000000010
1010000110010110000110001010000111000000000000000000000000000000000010
1011111011010010000101111111010001000000000000000000000000000000000010
1010100000100110010100111110110110100000000000000000000000000000000010
1011101110011111001101111010110000100000000000000000000000000000000010
1011101011011101111001101001101101100000000000000000000000000000000010
1011001010100010100011000101011110100000000000000000000000000000000010
1011110010100001011010110011111110000000000000000000000000000000000010
1010101101110011001000110001001001100000000000000000000000000000000010
1010011100110010011110101010000011000000000000000000000000000000000010
1010011010111001100111001110010100000000000000000000000000000000000010
1011011110010101011110111111110011000000000000000000000000000000000010
1010101010100011000101001011111110100000000000000000000000000000000010
1011011101000101110110111111100111100000000000000000000000000000000010
1011001011011101111111100111000000100000000000000000000000000000000010
1011010011010010001011011101011001000000000000000000000000000000000010
1010010100110011001011111111000101100000000000000000000000000000000010
1011110100101001001001100001001110000000000000000000000000000000000010
1010110100011111111111011111000101100000000000000000000000000000000010
1011011101111101110011100100111011000000000000000000000000000000000010
1011000101000111101011010000011011100000000000000000000000000000000010
1011101011101001011010010001010011100000000000000000000000000000000010
1010000001100110110111001100011111000000000000000000000000000000000010
1011010110010011111001101010010011000000000000000000000000000000000010
1011000101000010000101101101100000000000000000000000000000000000000010
1010100111100001001111010011101101100000000000000000000000000000000010
1011011100000000011100111010010010100000000000000000000000000000000010
1011010010011110110111000101001101100000000000000000000000000000000010
1010101110011100110111110101110111100000000000000000000000000000000010
1010011100101000100001101101100011000000000000000000000000000000000010
1010011011111110011111101010100000100000000000000000000000000000000010
1010110111111101101111101101001000100000000000000000000000000000000010
1011010100101010011011111101100101100000000000000000000000000000000010
1011110011001000100110010010011101100000000000000000000000000000000010
1011100110101100111011101101110011000000000000000000000000000000000010
1011101100101001100110010101111100100000000000000000000000000000000010
1010010110101100110100111101100100000000000000000000000000000000000010
1010010111000010101111111101101101100000000000000000000000000000000010
1010010100100101011001101010110100000000000000000000000000000000000010
1011001011101000001010010011011010000000000000000000000000000000000010
1010001111010010000011000010111110000000000000000000000000000000000010
1011110000011010010010111101011101100000000000000000000000000000000010
1011100111100000011011000011110011000000000000000000000000000000000010
1010111010101001000001000010110000100000000000000000000000000000000010
1010110111010011100000101100001101000000000000000000000000000000000010
1010100000100111100010110100010011100000000000000000000000000000000010
1011110100111010010101010000111011000000000000000000000000000000000010
1010100100101010001010010011111010100000000000000000000000000000000010
1010111010000111000010111101101111100000000000000000000000000000000010
1010101000100001001110110111010100000000000000000000000000000000000010
1010110100010100000101110000011000000000000000000000000000000000000010
1011100000000010100011111100100011000000000000000000000000000000000010
1010000001111010100110011000101010000000000000000000000000000000000010
1011110101100001011110011000110111100000000000000000000000000000000010
1011000000001010011011000111101100100000000000000000000000000000000010
1011111001010100011101110110110110100000000000000000000000000000000010
1010111000111010001001111001000010000000000000000000000000000000000010
1010111100001110101101101101011010000000000000000000000000000000000010
1010101100110000001001010000001011100000000000000000000000000000000010
1010001101000010000100011111100101100000000000000000000000000000000010
1010011001100101101000110101110010100000000000000000000000000000000010
1010001010100011100111100001010110000000000000000000000000000000000010
1010100111001100001010110011100011100000000000000000000000000000000010
1011110011110010010111110101001111000000000000000000000000000000000010
1010100010101000011111010110101010000000000000000000000000000000000010
1010111100100111101110101000111010000000000000000000000000000000000010
1010001110010100011011101011101011100000000000000000000000000000000010
1010110000011100011001011010101101000000000000000000000000000000000010
1011101001110000111011111011010011100000000000000000000000000000000010
1011110001010111111001101010001001000000000000000000000000000000000010
1010100101011100010101010111101000100000000000000000000000000000000010
1011000110100000110111101101001111100000000000000000000000000000000010
1010100111010101010011101011111111000000000000000000000000000000000010
1010110111101011011100001111101000000000000000000000000000000000000010
1011001110101010010011111101111010100000000000000000000000000000000010
1010100001100100010001110010110111000000000000000000000000000000000010
1010011100101001010011000010110110000000000000000000000000000000000010
1010100001000111011000001010001111100000000000000000000000000000000010
1010101101000111010110111101000110000000000000000000000000000000000010
1011100011110111011100110001100101100000000000000000000000000000000010
1011110101100111010000111111111001000000000000000000000000000000000010
1010101100000010110011011001011100000000000000000000000000000000000010
1011000110111010011101111000000100000000000000000000000000000000000010
1010110001001001100011110100110000000000000000000000000000000000000010
1010101111011110011101110110100100000000000000000000000000000000000010
1011101001001110111011001011011110000000000000000000000000000000000010
1010001001011000000100000101011101000000000000000000000000000000000010
1011100001010001001011111010100110100000000000000000000000000000000010
1010101111110011100010110111010100000000000000000000000000000000000010
1010000111000101101111011110111011000000000000000000000000000000000010
1011100101010101000100001100010111000000000000000000000000000000000010
1010000010100101111011010100101010100000000000000000000000000000000010
1010010110100011100010010101011100100000000000000000000000000000000010
1011101001101000101011011000001111100000000000000000000000000000000010
1011010001101101111100111000110000100000000000000000000000000000000010
1011011000011101010111100010010001100000000000000000000000000000000010
1011001010011010011001011100010011100000000000000000000000000000000010
1011000111010111110111100010111011000000000000000000000000000000000010
1011110001100111100001101110001010100000000000000000000000000000000010
1011000111100000111101110001110011100000000000000000000000000000000010
1011001010001001110111111010001111000000000000000000000000000000000010
1011101000110100010000100101010110100000000000000000000000000000000010
1010100100101100011011101001010110000000000000000000000000000000000010
1011011011010011110111111111010000100000000000000000000000000000000010
1011000010111111000000010110011111000000000000000000000000000000000010
1011010100010001011001010111101110100000000000000000000000000000000010
1011001111110101110000001111011011000000000000000000000000000000000010
1010000110010110110000110110100001100000000000000000000000000000000010
1011010100001100001011011011011000000000000000000000000000000000000010
1010000110101011011000100010100111000000000000000000000000000000000010
1010001000110111110011101110100111100000000000000000000000000000000010
1010001010101010000111111110110000000000000000000000000000000000000010
1011101001110010010011100110101101000000000000000000000000000000000010
1010111101011101010101100010110000000000000000000000000000000000000010
1011010100100101101101001001011110100000000000000000000000000000000010
1010101011110110001001110011110011000000000000000000000000000000000010
1011001000010101000100010100011011100000000000000000000000000000000010
1010100000110010001001111010001101000000000000000000000000000000000010
1010001001011001000111010111100110100000000000000000000000000000000010
1010100100111111100111110010000011100000000000000000000000000000000010
1010011110010110001101101010100111100000000000000000000000000000000010
1010000111100111010000000111000110100000000000000000000000000000000010
1010110111110001101101100100110011000000000000000000000000000000000010
1010011010000111101111101110111110100000000000000000000000000000000010
1011000101011101010100001011010011000000000000000000000000000000000010
1010010100100100100010001101010101000000000000000000000000000000000010
1010111111001100111100111110110011100000000000000000000000000000000010
1010101000000001100001011001110010100000000000000000000000000000000010
1010000010001100001011001101111110100000000000000000000000000000000010
1010000011100011011100011010010111000000000000000000000000000000000010
1011001111011100100110101111101101100000000000000000000000000000000010
1010110010001110110110001000001110000000000000000000000000000000000010
1011101000111101011001010110010011100000000000000000000000000000000010
1010111100011001110111010011101001100000000000000000000000000000000010
1010101100011111100110000000001011000000000000000000000000000000000010
1011101110110101100111110001001011000000000000000000000000000000000010
1010011000110000110000010110011001100000000000000000000000000000000010
1010100111011001111001100010101111100000000000000000000000000000000010
1010001011001100100100011010110000100000000000000000000000000000000010
1011010001100000000011101000011000100000000000000000000000000000000010
1010000000001011010001011011111111000000000000000000000000000000000010
1010000100000101000001110101001101000000000000000000000000000000000010
1010111001011011001100100111110011000000000000000000000000000000000010
1010101101010101000000110011111000100000000000000000000000000000000010
1011101000111010111110000111010111100000000000000000000000000000000010
1010100001011100011100111011001011000000000000000000000000000000000010
1010000010101111001111111010110111000000000000000000000000000000000010
1011100101100001110111100101000011100000000000000000000000000000000010
1010010010001000100101011101101011100000000000000000000000000000000010
1011011110001001100011101110101011100000000000000000000000000000000010
1010000111000110010110111000010110000000000000000000000000000000000010
1011111001000101000010011101101110000000000000000000000000000000000010
1010110100100100100111110110100010100000000000000000000000000000000010
1010110111011111000100000010010011100000000000000000000000000000000010
1011000000011100111111110101101100000000000000000000000000000000000010
1010101000010000010010000110011101000000000000000000000000000000000010
1011000001110000101111010111111010100000000000000000000000000000000010
1010001011001000111111000100010011000000000000000000000000000000000010
1011100100010001110010111101011101100000000000000000000000000000000010
1011000100011001100111000101100111100000000000000000000000000000000010
1010110000100000001111111100110001000000000000000000000000000000000010
1011000001000110010001110111011100000000000000000000000000000000000010
1011111100010100101011001111110101000000000000000000000000000000000010
1011101000100100110000100010110010000000000000000000000000000000000010
1010111100011010000000010001111111100000000000000000000000000000000010
1011110100011011011101101101000100000000000000000000000000000000000010
1010000010011111100111000110101100100000000000000000000000000000000010
1010011110000001101111010101101011100000000000000000000000000000000010
1010010010100010101111000111110101000000000000000000000000000000000010
1010001001010100011100101111001101100000000000000000000000000000000010
1010110100100111000011001101100001000000000000000000000000000000000010
1011101001110111100001001000111110100000000000000000000000000000000010
1010010011111010011001010101000011100000000000000000000000000000000010
1010000100110000101110011110110001100000000000000000000000000000000010
1011011100100011101001101111001111000000000000000000000000000000000010
1010011100101101010101111000100110100000000000000000000000000000000010
1011000011110000100010101110110001000000000000000000000000000000000010
1011001100001000010111001000001011000000000000000000000000000000000010
1011110110100000111100111100111111000000000000000000000000000000000010
1011000001100010000010000000111101000000000000000000000000000000000010
1010011111010001011001110111111011100000000000000000000000000000000010
1010101011010000000111111111001001000000000000000000000000000000000010
1011010111000100011010110011100001100000000000000000000000000000000010
1010100010101101100100000101000010000000000000000000000000000000000010
1010100011111111100001100011101111000000000000000000000000000000000010
1011010111101000011110001010010110000000000000000000000000000000000010
1011000001111111001111101101011001000000000000000000000000000000000010
1010011101101111110100010110111000100000000000000000000000000000000010
1011101100110111100011000010001010100000000000000000000000000000000010
1010000101101100101010111101010110000000000000000000000000000000000010
1010011010000110111110111101110100000000000000000000000000000000000010
1010110011010110101110010001000110000000000000000000000000000000000010
1010001000100000010011011101111010000000000000000000000000000000000010
1011000101100000001110110010011011100000000000000000000000000000000010
1010000000001011010011111100011101100000000000000000000000000000000010
1010001001011011110100100011011001100000000000000000000000000000000010
1011001000110000001111001110111110100000000000000000000000000000000010
1010000100100000010000101110010110100000000000000000000000000000000010
1010111110100111110000010010100010000000000000000000000000000000000010
1010010111110000101101010010011100000000000000000000000000000000000010
1011001101001100111100111010110001100000000000000000000000000000000010
1010010010010011010110101111110110000000000000000000000000000000000010
1011101010101111000101011101110000100000000000000000000000000000000010
1011111111000011111101011100010011100000000000000000000000000000000010
1010011000000101111001111010101101100000000000000000000000000000000010
1011110100100100111111000101110100000000000000000000000000000000000010
1011110100101000010101000110000101000000000000000000000000000000000010
1011110111010000101100111101010101100000000000000000000000000000000010
1011000110011000010010011010010101000000000000000000000000000000000010
1010100110100010111110110110110001100000000000000000000000000000000010
1010000101100000110110000000111011000000000000000000000000000000000010
1010001000000100001101001011111100000000000000000000000000000000000010
1011101001111011001101011000010110000000000000000000000000000000000010
1010101010100000111101110101101100100000000000000000000000000000000010
1011011001011010011111011000111110000000000000000000000000000000000010
1010101001101011110100001110101110100000000000000000000000000000000010
1010011010000101110110011011001101100000000000000000000000000000000010
1010100011011000011101011001110001100000000000000000000000000000000010
1010101100101010010001111110000100100000000000000000000000000000000010
1011111011101000010011010010011100100000000000000000000000000000000010
1011010001101010011101011011010000000000000000000000000000000000000010
1010010011101000100100100101111000000000000000000000000000000000000010
1010101111100000010111111101111111100000000000000000000000000000000010
1011000001010010100101001100011101100000000000000000000000000000000010
1011101101001111101110010111111111000000000000000000000000000000000010
1010111010011000110011010111111110000000000000000000000000000000000010
1011001001111100010001101100111011000000000000000000000000000000000010
1011111001000101000100111111100101000000000000000000000000000000000010
1010011001011101000111111011111000100000000000000000000000000000000010
1010001011100110010111101010110011000000000000000000000000000000000010
1011110101010000110111100010101010100000000000000000000000000000000010
1011001000011001000011101011101101000000000000000000000000000000000010
1011100111010000111011011011010011100000000000000000000000000000000010
1011100000010000111101000011110100000000000000000000000000000000000010
1010011100100010010001111101110011000000000000000000000000000000000010
1010010010100010110101111110011100100000000000000000000000000000000010
1011010101001000101111011011001011100000000000000000000000000000000010
1010000011000001011010111100000011000000000000000000000000000000000010
1010100000101111101011101011110010100000000000000000000000000000000010
1010000010001001111111100001101101100000000000000000000000000000000010
1010101111011110100000001110110100000000000000000000000000000000000010
1010010100100100001011101001011001100000000000000000000000000000000010
1011110110101001111011111111100011000000000000000000000000000000000010
1011000100110111011111100000010000000000000000000000000000000000000010
1011000001000000010110111011001000000000000000000000000000000000000010
1011101011000111101001101011110111100000000000000000000000000000000010
1011000010101010111001100100101101000000000000000000000000000000000010
1010011011010010101101101110011101100000000000000000000000000000000010
1010110100110010010111001100010111000000000000000000000000000000000010
1011101100101100111011101111101011000000000000000000000000000000000010
1011101110100011001001110010100000000000000000000000000000000000000010
1011010000110100110111100111111001000000000000000000000000000000000010
1011001000001011010101101100000011000000000000000000000000000000000010
1011100011101111110100111110101001100000000000000000000000000000000010
1011011110101011010110101101010110000000000000000000000000000000000010
1011010110011011100011111010101110100000000000000000000000000000000010
1011011011010010000001100111100000100000000000000000000000000000000010
1010110010100101111010101011100110000000000000000000000000000000000010
1010110100011101000011001011000100100000000000000000000000000000000010
1011000001011100100110010110111101000000000000000000000000000000000010
1011000101011011001101111111101111100000000000000000000000000000000010
1010110111100100101000111001010011100000000000000000000000000000000010
1010001110101001011101001111101100000000000000000000000000000000000010
1011110100011101011001101010100100000000000000000000000000000000000010
1010011111100100110100010111101110000000000000000000000000000000000010
1010100100010101111010000110100011000000000000000000000000000000000010
1011001010010101101000100110100000100000000000000000000000000000000010
1010001101000100011110001110110100100000000000000000000000000000000010
1010001110000011101011011110011110100000000000000000000000000000000010
1010111110000101001000011011011000000000000000000000000000000000000010
1010001000111100011011001111101110000000000000000000000000000000000010
1011111001100110110110001100011000100000000000000000000000000000000010
1011001100000110000101001111111101000000000000000000000000000000000010
1011110001110101100101100111011100000000000000000000000000000000000010
1011100010000000010111111010101001000000000000000000000000000000000010
1011001100111010100111011111010010000000000000000000000000000000000010
1010110000101101001001111110010101000000000000000000000000000000000010
1011001110011100100000101011100110100000000000000000000000000000000010
1011001110101100010011001110010011000000000000000000000000000000000010
1011011000101001011100000011010101000000000000000000000000000000000010
1011001010011010111001001110100100100000000000000000000000000000000010
1010010101010011000111011101101001000000000000000000000000000000000010
1010001111010100110010111000100110100000000000000000000000000000000010
1010010100010011110101110110110001100000000000000000000000000000000010
1010000000110000000110100011111100100000000000000000000000000000000010
1011110010101100100000101110011100000000000000000000000000000000000010
1010010010111010100110001000100000000000000000000000000000000000000010
1010110010100000011101001110100101000000000000000000000000000000000010
1010100110001100100000000000101001000000000000000000000000000000000010
1011110101100101100011110110111001000000000000000000000000000000000010
1010011101001101100011001010000110100000000000000000000000000000000010
1011001011101111000101111111100111100000000000000000000000000000000010
1011110111000011000110011010111101100000000000000000000000000000000010
1011101011011101010000010110101011000000000000000000000000000000000010
1010100110101011100011000010100100000000000000000000000000000000000010
1011011001111001000101111010101110100000000000000000000000000000000010
1010110111011110101110101111011100100000000000000000000000000000000010
1011010110100010010000100110110000100000000000000000000000000000000010
1011000000011010011110111001101111100000000000000000000000000000000010
1010101111010100101110101011010110000000000000000000000000000000000010
1011110111110101001010000111010111100000000000000000000000000000000010
1011001011111010010001011111111011100000000000000000000000000000000010
1010000010100101101001101010100011100000000000000000000000000000000010
1011010010001001100000001000000111000000000000000000000000000000000010
1010100111000101000110101000111000000000000000000000000000000000000010
1011101100101101000010101111101110100000000000000000000000000000000010
1011100110110101110111001000010110100000000000000000000000000000000010
1011101000111001110111100111110000000000000000000000000000000000000010
1010100101111100011001000101101011100000000000000000000000000000000010
1011100011000001100000011111001011100000000000000000000000000000000010
1011101001010100001100000011010110000000000000000000000000000000000010
1010100011110101100000010001010001100000000000000000000000000000000010
1011010111000011101001000001101100000000000000000000000000000000000010
1010100010110100101000110001011101000000000000000000000000000000000010
1011100000011011010001011010001111100000000000000000000000000000000010
1011101110001000001100100111001001100000000000000000000000000000000010
1010010111000100000100100011000100100000000000000000000000000000000010
1010000010001000010011011011110101100000000000000000000000000000000010
1011010101100110100110000001111011100000000000000000000000000000000010
1011000001111111100110111111000011000000000000000000000000000000000010
1010000100011010111101011001111000100000000000000000000000000000000010
1010111001110111111010110111011111100000000000000000000000000000000010
1011111111000111110001010010111001100000000000000000000000000000000010
1011010001001000110111111111011111000000000000000000000000000000000010
1010011000110100100000001000010111100000000000000000000000000000000010
1010100100010000010011011000000001100000000000000000000000000000000010
1011110000000001000110001000110111100000000000000000000000000000000010
1011001010111011101100101011101111000000000000000000000000000000000010
1011000100010110010010110100111011100000000000000000000000000000000010
1011001001000101100101101011101101100000000000000000000000000000000010
1011001111100011001101100010111100100000000000000000000000000000000010
1010000011001000011011111101011010100000000000000000000000000000000010
1010111010000010001101010000001110100000000000000000000000000000000010
1010110010010001000010101010100101100000000000000000000000000000000010
1011110110010010001000010100111110000000000000000000000000000000000010
1011101000001011110111110100101010100000000000000000000000000000000010
1011111110011001110110110101000001100000000000000000000000000000000010
1010110100101010001000100101011101100000000000000000000000000000000010
1010011011110110111010010000100111000000000000000000000000000000000010
1010110110111000111001100000110111100000000000000000000000000000000010
1011000010100010101000001110101110000000000000000000000000000000000010
1010001011100110000010101101111111000000000000000000000000000000000010
1011110010101100111111010111110010000000000000000000000000000000000010
1010010101111001100011110110010100000000000000000000000000000000000010
1011101000001101100011010100001111000000000000000000000000000000000010
1011000011110000101010001010000011100000000000000000000000000000000010
1010011011001110011000010110100111100000000000000000000000000000000010
1010000110101011001111100001101111100000000000000000000000000000000010
1010000010110011000000101011100110100000000000000000000000000000000010
1011101011111011000111111111011111100000000000000000000000000000000010
1011011001010000010100000101111110000000000000000000000000000000000010
1011010111111111010011010101111100000000000000000000000000000000000010
1010100011000001001000110001001110000000000000000000000000000000000010
1010111011010011000010010111011000100000000000000000000000000000000010
1011111011011110011010001001101101100000000000000000000000000000000010
1011111100101100011101000011000111000000000000000000000000000000000010
1010010110000100010011110110001011100000000000000000000000000000000010
1010100011001010101010100010010111000000000000000000000000000000000010
1010011100110100000111110101111100100000000000000000000000000000000010
1011001001101001101100001110010001000000000000000000000000000000000010
1010110011101110110010001010101110100000000000000000000000000000000010
1010100101011100111110001011101011100000000000000000000000000000000010
1010111000011010001111100100101101000000000000000000000000000000000010
1011011110010110010101000010010011000000000000000000000000000000000010
1011000111100110000111101011011110100000000000000000000000000000000010
1011010011000110000111000110010110000000000000000000000000000000000010
1010111101111000101111110110101010100000000000000000000000000000000010
1011011001111000000010001111011010100000000000000000000000000000000010
1010110011100000111100101111010110100000000000000000000000000000000010
1011111101111110010011011001100010000000000000000000000000000000000010
1011001000100001000101100011011000100000000000000000000000000000000010
1011011101101001000101010111111001000000000000000000000000000000000010
1010011100001111111111001001111111100000000000000000000000000000000010
1011001010110100100011010110010110100000000000000000000000000000000010
1010110111110110111110000011100111000000000000000000000000000000000010
1011110110011111000010001111011101000000000000000000000000000000000010
1010100101110111111111011101110111100000000000000000000000000000000010
1011001100000100100111101101011111100000000000000000000000000000000010
1011011000110010001011100111101000100000000000000000000000000000000010
1011011010101011110100101010111000100000000000000000000000000000000010
1010101101010001100010011000101110000000000000000000000000000000000010
1010011100111101101100010101111110100000000000000000000000000000000010
1010111010010000001010001110011011100000000000000000000000000000000010
1011110110011001101011101111010110100000000000000000000000000000000010
1010000100010110000100101100000101100000000000000000000000000000000010
1010011010100000000111100010011011000000000000000000000000000000000010
1010010101111001001111111110110001100000000000000000000000000000000010
1011100101111111010010111101101001000000000000000000000000000000000010
1011010010011010100110010001111111100000000000000000000000000000000010
1011101000101001010101010000110110100000000000000000000000000000000010
1011100100010100101101010110111000100000000000000000000000000000000010
1010110011111110001000101111111000000000000000000000000000000000000010
1010000010011111011010111111011111100000000000000000000000000000000010
1010111101110101101111110010111011000000000000000000000000000000000010
1010001001000000110110011100000111100000000000000000000000000000000010
1011010100000110011001101100000101100000000000000000000000000000000010
1010011100101000001000000101001010100000000000000000000000000000000010
1010101010001000011110001101011110000000000000000000000000000000000010
1011010110011111000111011110101101100000000000000000000000000000000010
1011111001100100101110101101001010100000000000000000000000000000000010
1010001001111001111101111110101010000000000000000000000000000000000010
1010000101101010101111110010101011100000000000000000000000000000000010
1011010111101001100111110010100111100000000000000000000000000000000010
1011010100000001111011100111010110000000000000000000000000000000000010
1010101011111000000010111101001010000000000000000000000000000000000010
1011010100111101111010010000101000000000000000000000000000000000000010
1010010011001011110110010100001111100000000000000000000000000000000010
1010100100000110000110001010111101000000000000000000000000000000000010
1010110010011100101000011110010111100000000000000000000000000000000010
1011000001000010000010010101100110000000000000000000000000000000000010
1011111000110001000111110001001111100000000000000000000000000000000010
1011011000010011111011000110011110000000000000000000000000000000000010
1010110001000011111001010100011011000000000000000000000000000000000010
1011110100011000001000011110001100000000000000000000000000000000000010
1010010100111001010010111011110111100000000000000000000000000000000010
1011100001011111000011101111011100000000000000000000000000000000000010
1011001101011000011100111111100001100000000000000000000000000000000010
1010110001001000001110000100000010100000000000000000000000000000000010
1010011101010011010010001100001010100000000000000000000000000000000010
1010010001100000110001110001011000000000000000000000000000000000000010
1010100100001101100100001000001100100000000000000000000000000000000010
1011101100010111000111100101001010100000000000000000000000000000000010
1011101101110111100010100101010110000000000000000000000000000000000010
1010111110011010101001101111100001000000000000000000000000000000000010
1010010100101001101001001001111011000000000000000000000000000000000010
1011100010100000000011110100010001100000000000000000000000000000000010
1010011001101111000010000101110000100000000000000000000000000000000010
1011111001110000010101110010101100100000000000000000000000000000000010
1010001010000101011000111010010111000000000000000000000000000000000010
1010001110101111010101010101010001100000000000000000000000000000000010
1010110111010100100010001000011101000000000000000000000000000000000010
1011110011111000000010101001010110000000000000000000000000000000000010
1011100111101011001101101101010101000000000000000000000000000000000010
1011011110111110011101111011001001100000000000000000000000000000000010
1010101011001110001010001001011001100000000000000000000000000000000010
1011101010000111111010111101011011000000000000000000000000000000000010
1011101111101000111011111101010101000000000000000000000000000000000010
1010010101001111110111001011100010100000000000000000000000000000000010
1010011101100111111100001110111110100000000000000000000000000000000010
1011000100001010001011011111001100100000000000000000000000000000000010
1010111010100011001010101010111011100000000000000000000000000000000010
1010011011111010000111111011010110100000000000000000000000000000000010
1010011000100111111010001111100011100000000000000000000000000000000010
1010001001100001011011111000110110100000000000000000000000000000000010
1010100011100100111010110101111111000000000000000000000000000000000010
1011011110011010000111001111111111100000000000000000000000000000000010
1011111000000100001000000111110111100000000000000000000000000000000010
1010000000010101011100001100110100100000000000000000000000000000000010
1011001101000011110100101011100011100000000000000000000000000000000010
1011001000110101000101011100010101000000000000000000000000000000000010
1010110001100110000111000111111010000000000000000000000000000000000010
