1010001000000011000111111001011101100000000000000000000000000000000010
1010101111101010000010100001101111100000000000000000000000000000000010
1010000011010101101000111000011100100000000000000000000000000000000010
1010110101101111000011001010101011100000000000000000000000000000000010
1010011110001010001100100000011100100000000000000000000000000000000010
1011000110011111111011101000100101100000000000000000000000000000000010
1010110001100100101100110100010111100000000000000000000000000000000010
1010110000101100011000011110100111000000000000000000000000000000000010
1011101011100011101101010001111101100000000000000000000000000000000010
1011001001110101101101110011101101100000000000000000000000000000000010
1011100000100001011100011111110100000000000000000000000000000000000010
1011111010111000011010111011101101000000000000000000000000000000000010
1011101000101111010000100010111001000000000000000000000000000000000010
1010001111000100010001001100111111100000000000000000000000000000000010
1010100001000000011011010110110001100000000000000000000000000000000010
1011100100000110010111111011000111100000000000000000000000000000000010
1010000000000000001111010000011100100000000000000000000000000000000010
1011000100011011110001100001000011100000000000000000000000000000000010
1010010001101001010011010111011011100000000000000000000000000000000010
1010010100111000011111000101101100100000000000000000000000000000000010
1010001100010010110110011011101011100000000000000000000000000000000010
1011101010110010000101011111000110000000000000000000000000000000000010
1011111100101111001011010011100101100000000000000000000000000000000010
1011100100101000001111000101000011000000000000000000000000000000000010
1010000100110110011111001011100101100000000000000000000000000000000010
1010001100110001011000010001011110100000000000000000000000000000000010
1010101000111010101011111001010101000000000000000000000000000000000010
1010010001000010010000001101001111100000000000000000000000000000000010
1010011101100100101000101000011011100000000000000000000000000000000010
1010110110111001110011101001110111100000000000000000000000000000000010
1010011000001001010001111001010101000000000000000000000000000000000010
1010100000010010011000101001100101000000000000000000000000000000000010
1010001000110000100110111011110110100000000000000000000000000000000010
1010010100111000111110110011011001000000000000000000000000000000000010
1010000001101001001000111110110100100000000000000000000000000000000010
1011100111011011100000010001001000100000000000000000000000000000000010
1010000010100001101111001111101011100000000000000000000000000000000010
1011100111110010100111110111001001000000000000000000000000000000000010
1010111100100101101111011100010101100000000000000000000000000000000010
1010000001001101001101011000011111100000000000000000000000000000000010
1011000101110100100101011110110101100000000000000000000000000000000010
1010101001011000001101011011011110000000000000000000000000000000000010
1010001101110000101100111101101100100000000000000000000000000000000010
1010100001010100110101001000011000000000000000000000000000000000000010
1010100010100011110101100010000000100000000000000000000000000000000010
1010000001111001000001000001011010000000000000000000000000000000000010
1010000100010111101100001011001111000000000000000000000000000000000010
1010000000100010100111100100010100100000000000000000000000000000000010
1011000001101010001111101110100111100000000000000000000000000000000010
1010010100001100110011100010001111100000000000000000000000000000000010
1010001110000000000100110100110011000000000000000000000000000000000010
1011100101000100000110111001111101000000000000000000000000000000000010
1010100011111101011110000011010010000000000000000000000000000000000010
1010010000011111000000101110100000100000000000000000000000000000000010
1011001000100101111111101101011111000000000000000000000000000000000010
1011010100011100110111111001111100100000000000000000000000000000000010
1011111100100000110100101101000111100000000000000000000000000000000010
1011101011000100100110101011000101000000000000000000000000000000000010
1011011001000010110101101011110111000000000000000000000000000000000010
1010110100100110100001111100011111100000000000000000000000000000000010
1011100000001110001010110000101010000000000000000000000000000000000010
1011010001101110110110011111011000100000000000000000000000000000000010
1011001111100011000101011010101111000000000000000000000000000000000010
1010101000111011000111000011011111000000000000000000000000000000000010
1010100011010001011111010000100111000000000000000000000000000000000010
1010000010010110110111011011110010100000000000000000000000000000000010
1011101010100001000000111001011101100000000000000000000000000000000010
1011101000001011100100011011111110100000000000000000000000000000000010
1010000011010000011111111001001000100000000000000000000000000000000010
1011000000010100101000010101110100000000000000000000000000000000000010
1010010110110101111110000101100100100000000000000000000000000000000010
1010110010010000100110000110111010100000000000000000000000000000000010
1010001101111100000010001000011001000000000000000000000000000000000010
1011010010111001101001010001110110100000000000000000000000000000000010
1011100000100100010001101001110101000000000000000000000000000000000010
1011011111100001000111110111011011000000000000000000000000000000000010
1010000100111011001010110110011001100000000000000000000000000000000010
1011100000011011001110011010011011000000000000000000000000000000000010
1011110000011000010001000011010010000000000000000000000000000000000010
1010111001011100001110001111111011000000000000000000000000000000000010
1011100011011011000110101110001101000000000000000000000000000000000010
1010111010001000011101111110000101100000000000000000000000000000000010
1011110001101001000001000010101010000000000000000000000000000000000010
1010010011001000110110100010001010100000000000000000000000000000000010
1010001111100010000000101111100000000000000000000000000000000000000010
1011001110001000011100111111000100100000000000000000000000000000000010
1011111100101000101101100011101100000000000000000000000000000000000010
1010111000001001111000100000101001100000000000000000000000000000000010
1010111010000100100000011001000011000000000000000000000000000000000010
1010011000011000011001001110000000000000000000000000000000000000000010
1011111110001010011101011000010101100000000000000000000000000000000010
1010111001101110101100110100111111100000000000000000000000000000000010
1011100010001111111100111000101101100000000000000000000000000000000010
1011100100001001000001011001101000100000000000000000000000000000000010
1010001010110010110100001110000100100000000000000000000000000000000010
1010111001011000110100111110111110100000000000000000000000000000000010
1010110010111001001010000111101111100000000000000000000000000000000010
1011111101101001000011001011110110000000000000000000000000000000000010
1010101011111011111110010111101000100000000000000000000000000000000010
1011101010100101100000001110011110100000000000000000000000000000000010
1011101011011001011011000111111011100000000000000000000000000000000010
1010101010010100011000111110011010100000000000000000000000000000000010
1011101010001111010100011001111110000000000000000000000000000000000010
1010101101001001101101101100001001100000000000000000000000000000000010
1010000111011111001110001110100101100000000000000000000000000000000010
1010011111101111111100000111000100000000000000000000000000000000000010
1011111011000001111101011010001010000000000000000000000000000000000010
1010110111010000101010111110111101100000000000000000000000000000000010
1010011101001100110101111001100010000000000000000000000000000000000010
1010110000100011011101011101110010100000000000000000000000000000000010
1010010111101010111000100011011101000000000000000000000000000000000010
1010111000010010001111110111001111000000000000000000000000000000000010
1011111001111010101001111101101101100000000000000000000000000000000010
1011010100100111100011111010101101100000000000000000000000000000000010
1011000001000010001000101110011001000000000000000000000000000000000010
1011010001110101010100110111110100100000000000000000000000000000000010
1011110101010101101110111101000110100000000000000000000000000000000010
1010111010111111101100111111101011100000000000000000000000000000000010
1010100101000101111110111101111101000000000000000000000000000000000010
1010010000111011110111100100110111000000000000000000000000000000000010
1010001000011000111010111110001001100000000000000000000000000000000010
1011101000001010110101001001010010000000000000000000000000000000000010
1010110101111100011001011100101111100000000000000000000000000000000010
1011111100010110110101111011111101000000000000000000000000000000000010
1011000101000001010010110101110101100000000000000000000000000000000010
1010100100100101110111001101010111000000000000000000000000000000000010
1010111111010100000000110111101111000000000000000000000000000000000010
1010010001011111010101100010000111100000000000000000000000000000000010
1010110010000011111100111100010011100000000000000000000000000000000010
1011000100110110101111011000001001100000000000000000000000000000000010
1010011110010011100011011011100110000000000000000000000000000000000010
1011000100100101111000011100010101100000000000000000000000000000000010
1010111100101111001101101001101000100000000000000000000000000000000010
1010001010010000110010100110111110000000000000000000000000000000000010
1010100100101111001011101100000010000000000000000000000000000000000010
1010010000001011001101011010011111000000000000000000000000000000000010
1010011001100000100001100001011111000000000000000000000000000000000010
1011001010111110110011110001110110100000000000000000000000000000000010
1010100110100101111010000111101000100000000000000000000000000000000010
1010111110101101111110100110000111100000000000000000000000000000000010
1011001000100011100011111111100110100000000000000000000000000000000010
1011110001010100000001100101110001100000000000000000000000000000000010
1011110100000101000010111110101110000000000000000000000000000000000010
1010100011100110100001111100101111000000000000000000000000000000000010
1011100000001010101000111111001001000000000000000000000000000000000010
1011010000111101010011100111101001100000000000000000000000000000000010
1010100010110001010000111101101110000000000000000000000000000000000010
1010001010010000010111101110110001000000000000000000000000000000000010
1011110110100001011000011010100011000000000000000000000000000000000010
1011010110011110010111101100111000100000000000000000000000000000000010
1011111001000010110001111101101000000000000000000000000000000000000010
1010101011110011010111001101011010000000000000000000000000000000000010
1011011011010110000010000011011111000000000000000000000000000000000010
1011110100001000001011101111011001100000000000000000000000000000000010
1011010010100000110001011011101101100000000000000000000000000000000010
1010010001110110001110000011010011100000000000000000000000000000000010
1010011010100100000101100100101111000000000000000000000000000000000010
1011100110101000000111100101101110100000000000000000000000000000000010
1010110100101011100010111001001001100000000000000000000000000000000010
1011010100000000111110111111010101000000000000000000000000000000000010
1011101110111000101101110100001110100000000000000000000000000000000010
1010111110101001001100000110110001100000000000000000000000000000000010
1010110111100010101001000011000011000000000000000000000000000000000010
1010000011110000001001110000011110000000000000000000000000000000000010
1010011100001011010011110001110011100000000000000000000000000000000010
1011100101111001101100111100111100100000000000000000000000000000000010
1010001100100101101001111010000011100000000000000000000000000000000010
1010111011101000011011100010011110100000000000000000000000000000000010
1010000100100111010101100000011010000000000000000000000000000000000010
1011100001001001101110100111111011000000000000000000000000000000000010
1010101110001000010000111110011000100000000000000000000000000000000010
1011001001110100111101110110101111000000000000000000000000000000000010
1010100101000010010011101111100111000000000000000000000000000000000010
1010010001100101000110000111111001100000000000000000000000000000000010
1010100110100011000000101011001000000000000000000000000000000000000010
1010101010011000110000111011101111000000000000000000000000000000000010
1011000001001000011101111110111110100000000000000000000000000000000010
1010010010101111110100111100110111100000000000000000000000000000000010
1011010100011101010110111001111000100000000000000000000000000000000010
1010001111001010010110001011111011000000000000000000000000000000000010
1011001110100000000101111100111000100000000000000000000000000000000010
1011010111001011111000011100010011000000000000000000000000000000000010
1011100010011111111011101001001001100000000000000000000000000000000010
1011111110001010011011010101110010100000000000000000000000000000000010
1011000000100000001111011111111000100000000000000000000000000000000010
1011010100001011111001010001000011100000000000000000000000000000000010
1011010000000000000010101010011001000000000000000000000000000000000010
1011100111010110000101100001011000100000000000000000000000000000000010
1011001001100000100000101000101000000000000000000000000000000000000010
1011100011111000111101010110101101100000000000000000000000000000000010
1010011011011101101011001010011010100000000000000000000000000000000010
1010000101000101100010110010110111100000000000000000000000000000000010
1010000010010110101100001111011011100000000000000000000000000000000010
1010110110100000110111100110101101000000000000000000000000000000000010
1010101011000101101010100111010101100000000000000000000000000000000010
1010101010100010100101111111110110100000000000000000000000000000000010
1010010010010000101100001101000101100000000000000000000000000000000010
1011110010000101011000100011001011000000000000000000000000000000000010
1010011001100100011010111110011011100000000000000000000000000000000010
1011001000100010011000111101110111100000000000000000000000000000000010
1011100000111101010110010110011100000000000000000000000000000000000010
1011111010111001101010000011100001100000000000000000000000000000000010
1010000001000110000010100111111110100000000000000000000000000000000010
1010010001000000101000110001010110100000000000000000000000000000000010
1011100100101000101011010010010110000000000000000000000000000000000010
1010011001111100000011010100110101000000000000000000000000000000000010
1010001000010001010100001001001011100000000000000000000000000000000010
1010010001000010011101001010111101100000000000000000000000000000000010
1011100110000000101111111001110010100000000000000000000000000000000010
1010010100100111100011101100101111000000000000000000000000000000000010
1011001001110010100010011011100000100000000000000000000000000000000010
1010001001000100011011101100011100100000000000000000000000000000000010
1011101100010010010110000101011111100000000000000000000000000000000010
1010000000001101100011110000111101000000000000000000000000000000000010
1010011001101111001101000001110101100000000000000000000000000000000010
1011010010000001110110100110110110100000000000000000000000000000000010
1011110001000010110110010111101110000000000000000000000000000000000010
1010011010111011111000110110110000100000000000000000000000000000000010
1010010101110111000111011010100010000000000000000000000000000000000010
1010000110010101001110101011111001100000000000000000000000000000000010
1011011011000101010110001101010011100000000000000000000000000000000010
1011100010000011101000100010001110100000000000000000000000000000000010
1010010100110000111111101100101001100000000000000000000000000000000010
1010000100000010101100010001111010100000000000000000000000000000000010
1010111011101000001100010011010011000000000000000000000000000000000010
1011111001000011100111101111011100100000000000000000000000000000000010
1011000010110111010101010111111000100000000000000000000000000000000010
1011100000010010110110010001001010100000000000000000000000000000000010
1010000111101010001101101100100001100000000000000000000000000000000010
1010110001000001111111000011111111100000000000000000000000000000000010
1011010001001111001010001111011010000000000000000000000000000000000010
1010111101111000100111011001000001000000000000000000000000000000000010
1010100011000101001110110000111010000000000000000000000000000000000010
1011110000100000001010011001100101000000000000000000000000000000000010
1010000011100010110111000010011011000000000000000000000000000000000010
1010111100110001101100111001100010100000000000000000000000000000000010
1011110110000011000000111001110101100000000000000000000000000000000010
1010110100100001000010101011110011100000000000000000000000000000000010
1010110110100110111010001110010010000000000000000000000000000000000010
1010101100110000110101100110010000100000000000000000000000000000000010
1011010110010000100000000011110010100000000000000000000000000000000010
1010010000000101010000011010010010000000000000000000000000000000000010
1010100010110100111110110100010111100000000000000000000000000000000010
1010000110000100110110000010101000100000000000000000000000000000000010
1010000111000100111101011101011100100000000000000000000000000000000010
1010001100100110101011001111111111100000000000000000000000000000000010
1011101001110100100111001101111000000000000000000000000000000000000010
1010001010001011111111010111111110100000000000000000000000000000000010
1011000101001010000001010000111000100000000000000000000000000000000010
1010001011011000111001111000000100100000000000000000000000000000000010
1010111101001101010101010101111011100000000000000000000000000000000010
1010001111000101111010000110101011100000000000000000000000000000000010
1010100111000011000001100110111111000000000000000000000000000000000010
1010110001111010000001010000111000000000000000000000000000000000000010
1010011101101010000111111100100111000000000000000000000000000000000010
1010001100011011110011101100100001000000000000000000000000000000000010
1010111111010101011100111011000101000000000000000000000000000000000010
1011100010001000110111011111111100100000000000000000000000000000000010
1011010011000001010010011101010110000000000000000000000000000000000010
1011000101100010100100001010110000100000000000000000000000000000000010
1010010110100001001100111000011101100000000000000000000000000000000010
1010100001010101101011111110110001000000000000000000000000000000000010
1011101000001110001001011110001101000000000000000000000000000000000010
1010110111101001111111100010101111100000000000000000000000000000000010
1010101001010001110101001011001011100000000000000000000000000000000010
1010010000101110110110111101101110100000000000000000000000000000000010
1010000101110011000010001111110011100000000000000000000000000000000010
1011110001101011001000111111101010100000000000000000000000000000000010
1010101000001000010100010111000011000000000000000000000000000000000010
1010110101100010000011011100100000100000000000000000000000000000000010
1010100001010010101100110010111011000000000000000000000000000000000010
1011010101000010011010010001001010100000000000000000000000000000000010
1010001011000011011101010111111010100000000000000000000000000000000010
1010011001010100010110001111001110000000000000000000000000000000000010
1011011111110110001001101111011100100000000000000000000000000000000010
1011110111011101110000011011101111100000000000000000000000000000000010
1010100000111010001011100100101011100000000000000000000000000000000010
1011101010010110100110011101000001100000000000000000000000000000000010
1011100110110000000100001001011101100000000000000000000000000000000010
1011111000011101110000011111011111100000000000000000000000000000000010
1010110101011110011001101010101110000000000000000000000000000000000010
1011011011001100101111101000111001100000000000000000000000000000000010
1011001010010111110110010001100011000000000000000000000000000000000010
1010111100110101100001100101111000000000000000000000000000000000000010
1011100011011011100111011111010110000000000000000000000000000000000010
1011110111110000111100011110111001100000000000000000000000000000000010
1011001011000110110011110000111001100000000000000000000000000000000010
1011111100100001111011100011101101100000000000000000000000000000000010
1010100000011011000000111011010100100000000000000000000000000000000010
1010100101101011110000111000101110100000000000000000000000000000000010
1010010101010000110010000110001100100000000000000000000000000000000010
1010110110000100011000000100111011100000000000000000000000000000000010
1010000010101001100100000101111110100000000000000000000000000000000010
1010111001000000100000010110111110100000000000000000000000000000000010
1010100100110100100011000011000100100000000000000000000000000000000010
1011000011001010001011101100001011100000000000000000000000000000000010
1010011110111100010010010111001111100000000000000000000000000000000010
1010100100011001100111011101111111000000000000000000000000000000000010
1010011010100110101111100010011001100000000000000000000000000000000010
1011101000101010000001000101011101100000000000000000000000000000000010
1011101111100100001011011111001001000000000000000000000000000000000010
1011001001011001100001010110011111000000000000000000000000000000000010
1011000000110110011001101001101100100000000000000000000000000000000010
1010010110101011010110111100010100000000000000000000000000000000000010
1011100101001110001011001100101010100000000000000000000000000000000010
1010100001001000101001000111111010000000000000000000000000000000000010
1011011010011100110101111101101101100000000000000000000000000000000010
1011010001101100101110100000001100100000000000000000000000000000000010
1010110100001110111011011011110011000000000000000000000000000000000010
1010010011011100001001011010011010000000000000000000000000000000000010
1011110101000001011010100001011011000000000000000000000000000000000010
1011011110000100011011100010001011000000000000000000000000000000000010
1011011110111110110101000110011100000000000000000000000000000000000010
1011000010101111011011110111111000100000000000000000000000000000000010
1011110110100011011011010100101000100000000000000000000000000000000010
1011010010101111110111001110101011000000000000000000000000000000000010
1010011011000111010101111110001011100000000000000000000000000000000010
1011111111110111111111001111111101000000000000000000000000000000000010
1010101101000111001010000010010100100000000000000000000000000000000010
1011000001010110100010101001000001000000000000000000000000000000000010
1010100001011111001011010111110110000000000000000000000000000000000010
1011111110010100111111011101110011000000000000000000000000000000000010
1010001000000000101001101111111100100000000000000000000000000000000010
1011101101110010101111001100110001000000000000000000000000000000000010
1010111001111100100111001111000011100000000000000000000000000000000010
1010101000010100101000010110010111000000000000000000000000000000000010
1010000001111011111100010111011111100000000000000000000000000000000010
1010010011000000010101010110010010000000000000000000000000000000000010
1011000001100110111010110111111011100000000000000000000000000000000010
1010000001011010010001100000000010100000000000000000000000000000000010
1010100001111110001011111110101010000000000000000000000000000000000010
1010101101111101001001010100011101100000000000000000000000000000000010
1011101001100100110110011110001001100000000000000000000000000000000010
1010000011011011000000000110010001100000000000000000000000000000000010
1011000111011110001110111110110101100000000000000000000000000000000010
1011110101101100001101000111001011000000000000000000000000000000000010
1010001000011000010000000100111000100000000000000000000000000000000010
1011010000011011010101010010110100100000000000000000000000000000000010
1010111100100000011000101110100110000000000000000000000000000000000010
1011111010001101011111001110011111000000000000000000000000000000000010
1011001001101000101111100111101110100000000000000000000000000000000010
1011010000011101110010011000011001100000000000000000000000000000000010
1010110110010111011110111110111110100000000000000000000000000000000010
1011000000011111100110101100011111100000000000000000000000000000000010
1010100100101111000110110011011110100000000000000000000000000000000010
1011011111110000100010010001100110000000000000000000000000000000000010
1010100111011001011110010011111110100000000000000000000000000000000010
1011001110010000001111111110101111100000000000000000000000000000000010
1010101010000101001110101110001011000000000000000000000000000000000010
1010010001101000111101111100111110000000000000000000000000000000000010
1011000010000011100011101010100100000000000000000000000000000000000010
1011100100110100000010101100100110100000000000000000000000000000000010
1010101011101101011110001111101001000000000000000000000000000000000010
1011110011100011011010111000001010100000000000000000000000000000000010
1010010010010101010010101111101111000000000000000000000000000000000010
1010100011000011011101010000110110000000000000000000000000000000000010
1010111011111101000111001110111000000000000000000000000000000000000010
1010000001101011110110010100101100000000000000000000000000000000000010
1011010001001110100111000010100100100000000000000000000000000000000010
1010011010000001011110110010100011000000000000000000000000000000000010
1011110100101101110100011110001111000000000000000000000000000000000010
1011111101100010111111100000010011000000000000000000000000000000000010
1010001110011011011111011010000010100000000000000000000000000000000010
1011111001100001100110101110011011100000000000000000000000000000000010
1010010010011010000100010111011010000000000000000000000000000000000010
1011010111110100011111001010100111100000000000000000000000000000000010
1010111111011110000111010000010100000000000000000000000000000000000010
1011100101010101000000110110001111100000000000000000000000000000000010
1011100011110100000000111111000000100000000000000000000000000000000010
1010110011001111111111100111100110000000000000000000000000000000000010
1011111110101000110110111000000000100000000000000000000000000000000010
1011010000001101010001110110011111100000000000000000000000000000000010
1011010101100010011100000010010001100000000000000000000000000000000010
1010101011101100001001101010100001000000000000000000000000000000000010
1011010001001001100011110001010011100000000000000000000000000000000010
1010010001101000001010010000011000100000000000000000000000000000000010
1010100100100001011001001111111001000000000000000000000000000000000010
1010001101010011101100111011101000100000000000000000000000000000000010
1011110011110100010101100110101111000000000000000000000000000000000010
1010000100110101100100000111011001000000000000000000000000000000000010
1010000000010010111000111111100000100000000000000000000000000000000010
1010111000001010100101010111011101100000000000000000000000000000000010
1011101001000110100001001001101001000000000000000000000000000000000010
1010001111110100110110111000110100100000000000000000000000000000000010
1011101010011001100001100100001111100000000000000000000000000000000010
1011001011100010100101000101111110000000000000000000000000000000000010
1010111111011100000001010101101110000000000000000000000000000000000010
1011010101000000100110110100110000100000000000000000000000000000000010
1011101010111101100010010010001110000000000000000000000000000000000010
1010001011101011000010110101111101000000000000000000000000000000000010
1010100100000101110001111011110011100000000000000000000000000000000010
1010010101001000000100100100110111100000000000000000000000000000000010
1010101010100100000111010100010100000000000000000000000000000000000010
1011000010001110110111110110100110100000000000000000000000000000000010
1010100000100001100000100111101101000000000000000000000000000000000010
1010011100001011000110001111110100100000000000000000000000000000000010
1010111101000000100111101000111011000000000000000000000000000000000010
1011001000011001011100101000000110000000000000000000000000000000000010
1010110011110000001000000111001011100000000000000000000000000000000010
1010010100110001010000001110111101100000000000000000000000000000000010
1010111101000101111001011001001101000000000000000000000000000000000010
1010111100001010010000111010011011000000000000000000000000000000000010
1011110110110110101000101111110011000000000000000000000000000000000010
1010000100100000110100110101010100000000000000000000000000000000000010
1011010101000101110111100111011100100000000000000000000000000000000010
1010010000001010001111110101100000000000000000000000000000000000000010
1010010000011000101110110100111011100000000000000000000000000000000010
1010000100001101000100010010110111100000000000000000000000000000000010
1010111111101000001100110111010110100000000000000000000000000000000010
1011110000101001101111100011100100100000000000000000000000000000000010
1010101101010001101100011101011011000000000000000000000000000000000010
1010100100001010011000000000111011100000000000000000000000000000000010
1011101011100011001110001110011001000000000000000000000000000000000010
1011110011001111000000000010101101100000000000000000000000000000000010
1011101000001010011111111111001011100000000000000000000000000000000010
1011110001101011100110000001111100100000000000000000000000000000000010
1010001011100101000001101100010000000000000000000000000000000000000010
1010111000001001011001101111111001100000000000000000000000000000000010
1010001001100100011111101100111000000000000000000000000000000000000010
1011010111101101101111010110110001000000000000000000000000000000000010
1010010111001011110001101101010011100000000000000000000000000000000010
1010000010000000010101100001101111100000000000000000000000000000000010
1011100101101011011001110100100100000000000000000000000000000000000010
1011001001000011000011010101110100000000000000000000000000000000000010
1010011110000100000010110101110111100000000000000000000000000000000010
1010001110011001010101001110111111100000000000000000000000000000000010
1011111011001010010110100010010001000000000000000000000000000000000010
1011101010010101001001011101010100100000000000000000000000000000000010
1010101000100100101101110011101101000000000000000000000000000000000010
1011011101110111111010101110111111000000000000000000000000000000000010
1010110111100011011001110100010110100000000000000000000000000000000010
1010010000010111111010011100010111100000000000000000000000000000000010
1011101000100001111111010011001100100000000000000000000000000000000010
1011111111011101000000011011011111100000000000000000000000000000000010
1010010010000010110010000111110011100000000000000000000000000000000010
1010100001010000111001011111011101000000000000000000000000000000000010
1010100110010001001001010110111010100000000000000000000000000000000010
1011100000000001000101101001010101000000000000000000000000000000000010
1011100010100000100011011101011011100000000000000000000000000000000010
1011110101000110111111110011111001000000000000000000000000000000000010
1010110001000100101011110000001110100000000000000000000000000000000010
1010000000100010100001001110010011000000000000000000000000000000000010
1010100011111010010010001101001110000000000000000000000000000000000010
1011100100010010001101000010110011000000000000000000000000000000000010
1010001101011010100001101111101100000000000000000000000000000000000010
1011110111001101011000100001011010100000000000000000000000000000000010
1010000000010111010111111100001111000000000000000000000000000000000010
1010110100111011001111101000111000100000000000000000000000000000000010
1010011101011100101110010011101000100000000000000000000000000000000010
1011100011011000011110101001001011100000000000000000000000000000000010
1011010010001010010011001101111101000000000000000000000000000000000010
1010010000110000001110011111001000100000000000000000000000000000000010
1011101011110000100001011001011000000000000000000000000000000000000010
1010100011000111011011001010110100100000000000000000000000000000000010
1011010010010111000011110110111110100000000000000000000000000000000010
1010000010101111101011001111111100100000000000000000000000000000000010
1011101110011010111101101111000010100000000000000000000000000000000010
1011011100000001101011010111000001100000000000000000000000000000000010
1010110001110110001010010101101001000000000000000000000000000000000010
1011010100011000010001000101101011100000000000000000000000000000000010
1010000000010100100001010111101000100000000000000000000000000000000010
1011101110010001101101110000110010000000000000000000000000000000000010
1011000100011110101001011111011100000000000000000000000000000000000010
1011001111010100100110000011101110100000000000000000000000000000000010
1011010001010100101111011001101110000000000000000000000000000000000010
1010011001010011011011100111000010100000000000000000000000000000000010
1011001000100001110110010111110101000000000000000000000000000000000010
1011100110110100011100111100111100100000000000000000000000000000000010
1010101011010000000001010001110110100000000000000000000000000000000010
1011011101111111011100111011101010100000000000000000000000000000000010
1010100011101110110010000100100101000000000000000000000000000000000010
1010100110000111110101111010101011100000000000000000000000000000000010
1010000101111010001101111000111000100000000000000000000000000000000010
1011001111011101010000100111100111100000000000000000000000000000000010
1010011110000110100011011011100011000000000000000000000000000000000010
1011011100001110101010100000011110000000000000000000000000000000000010
1010110100010011001001110011101011100000000000000000000000000000000010
1010001100011101000010101111101011000000000000000000000000000000000010
1010001010001111001011110011110011000000000000000000000000000000000010
1010101011001011001100101000001110000000000000000000000000000000000010
1010010101100011111000111101111111100000000000000000000000000000000010
1010100010000010001101000110110000100000000000000000000000000000000010
1011111000001010110010110000000001100000000000000000000000000000000010
1010100110001110100011111010000101100000000000000000000000000000000010
1011110001101010111100010101101101100000000000000000000000000000000010
1011011111001000000010010110001001100000000000000000000000000000000010
1010101101111010100010110110110010000000000000000000000000000000000010
1011101001010000100001100001100101000000000000000000000000000000000010
1011010010010001100100000011111011000000000000000000000000000000000010
1010010010000101011010111010000001000000000000000000000000000000000010
1010000110101101000110101011011000000000000000000000000000000000000010
1011110010000100010100001111011101000000000000000000000000000000000010
1011000110000111011111100111010000100000000000000000000000000000000010
1011010010001011000110110111011101100000000000000000000000000000000010
1011011000011100000111000010000110100000000000000000000000000000000010
1010010100111011000100101000001110100000000000000000000000000000000010
1011000000100111010110100101011011100000000000000000000000000000000010
1011001100001101111011011010010101100000000000000000000000000000000010
1011001100101000001110101100110010000000000000000000000000000000000010
1010111010111110000101101101110010100000000000000000000000000000000010
1011110000000001000111001100011001100000000000000000000000000000000010
1011111011111101110110000000101100100000000000000000000000000000000010
1011001110110101000101110110000110100000000000000000000000000000000010
1010000110001100011101110010101110100000000000000000000000000000000010
1010010000100010000110011000101001000000000000000000000000000000000010
1011001101010001000111101110110001100000000000000000000000000000000010
1011000010101101101011010100111001100000000000000000000000000000000010
1011101001001001000110011011011100000000000000000000000000000000000010
1010010100011000110011000010101101100000000000000000000000000000000010
1010101011011110110101110100001000100000000000000000000000000000000010
1010100100011000100011000001000011100000000000000000000000000000000010
1010000000100011011110111101101010000000000000000000000000000000000010
1010011010111011010011011111100000000000000000000000000000000000000010
1011110010101110101000111100010110000000000000000000000000000000000010
1011100110001100010100100011110001100000000000000000000000000000000010
1010001110000000100110011101001010100000000000000000000000000000000010
1010110010110010001101010101010000100000000000000000000000000000000010
1010001011100010111100001000111011100000000000000000000000000000000010
1010000010001101110010001111010111000000000000000000000000000000000010
1011000101100010011110111101110110100000000000000000000000000000000010
1011110010001100000100100101011011100000000000000000000000000000000010
1010001100011011010111000101111001100000000000000000000000000000000010
1010110110101100011011001111101100100000000000000000000000000000000010
1011101001000010000010001011100011000000000000000000000000000000000010
1011100001110101001111001011100110100000000000000000000000000000000010
1010011001010100000000001010011100000000000000000000000000000000000010
1011110000101011111111111101111110100000000000000000000000000000000010
1011101001000001110111010110110001000000000000000000000000000000000010
1010000011111010101101111001011111000000000000000000000000000000000010
1010011010000100110111111110000110000000000000000000000000000000000010
1010100110101011000100010011010111100000000000000000000000000000000010
1010100001100000010010111011100111100000000000000000000000000000000010
1010010010100100111101101110000111100000000000000000000000000000000010
1011010000110000100110101010101110100000000000000000000000000000000010
1010000000000100000101111110001100100000000000000000000000000000000010
1011100001000111000100111011110110100000000000000000000000000000000010
1010110011010100001111010010111100100000000000000000000000000000000010
1011111000110001001101011001111101000000000000000000000000000000000010
1010001100001100101100111111110101100000000000000000000000000000000010
1011100100000111001101001010111100100000000000000000000000000000000010
1010010011001000111110101011100111100000000000000000000000000000000010
1010111101001101100010111100101001100000000000000000000000000000000010
1010010111111100000111000111001011000000000000000000000000000000000010
1011101010100111101100111111100111100000000000000000000000000000000010
1010110000110000010000101111000111100000000000000000000000000000000010
1011000110110000000110110011000001000000000000000000000000000000000010
1011001100111010010100010110101010100000000000000000000000000000000010
1011111011110111110110111111111100000000000000000000000000000000000010
1011010110111011011111101001010111100000000000000000000000000000000010
1011100010110101011111011100101011100000000000000000000000000000000010
1010001010101111001101010111110101000000000000000000000000000000000010
1011001010000101001101011011101101000000000000000000000000000000000010
1011000000101001000110111110010000100000000000000000000000000000000010
1011001110000100110011100011010001000000000000000000000000000000000010
1010011000000100010110011100010101000000000000000000000000000000000010
1010000001001110010011010111100111100000000000000000000000000000000010
1010001111111010101010100111000110100000000000000000000000000000000010
1010000110100101100100011101010110100000000000000000000000000000000010
1010000010110111000100001110010101000000000000000000000000000000000010
1010000101101110000111110001011110100000000000000000000000000000000010
1011010001111010111010000000000111100000000000000000000000000000000010
1010110010011001101100111001001010000000000000000000000000000000000010
1011010100000111000111100101000011000000000000000000000000000000000010
1011110010111000010110101011101110000000000000000000000000000000000010
1010001110110101010011111010111111000000000000000000000000000000000010
1011010100100001101101101110101111000000000000000000000000000000000010
1011010110100000100011101010010011100000000000000000000000000000000010
1011011101111001010110010000101001100000000000000000000000000000000010
1011001001100110000100001111110111100000000000000000000000000000000010
1010001000001001001011101001101100000000000000000000000000000000000010
1010001001100110001111101010111111100000000000000000000000000000000010
1010011011010100101011000110111000100000000000000000000000000000000010
1010101110100101010001100101000000100000000000000000000000000000000010
1011000100000101110101100110101111100000000000000000000000000000000010
1010000101101101000110010100011010000000000000000000000000000000000010
1010110110001001101100100010111011100000000000000000000000000000000010
1011011110101010001010001100011001100000000000000000000000000000000010
1010011010010100110111111011111101000000000000000000000000000000000010
1011001100001001010101000000100101000000000000000000000000000000000010
1010000100011110101110011100011000100000000000000000000000000000000010
1011011010111111101001101101100110100000000000000000000000000000000010
1011110110110110100000010111110011000000000000000000000000000000000010
1010011101100100001100110001111101000000000000000000000000000000000010
1011101010000000011000010101110110000000000000000000000000000000000010
1011010110011000110010001110110010100000000000000000000000000000000010
1010100100110011000101010010111111000000000000000000000000000000000010
1011001001001001010001001001010011100000000000000000000000000000000010
1011010101010000011110011001110001000000000000000000000000000000000010
1010010110101000000001001100010011000000000000000000000000000000000010
1011011001100010000011100111111001000000000000000000000000000000000010
1011011111000001001110111100011011000000000000000000000000000000000010
1011001100110010101011001110010101100000000000000000000000000000000010
1010000000001101110101110001101010000000000000000000000000000000000010
1010001011010000011111011111000100100000000000000000000000000000000010
1011101110000110001111110110001011000000000000000000000000000000000010
1010001110101101000010111011011101100000000000000000000000000000000010
1010110100000011010101111011101001100000000000000000000000000000000010
1010001000001000101101111111101010100000000000000000000000000000000010
1010111011000010000000111110111100000000000000000000000000000000000010
1010111010011110110010010001110111000000000000000000000000000000000010
1010100110111010110111011110110111000000000000000000000000000000000010
1011100000011111001101010110100010100000000000000000000000000000000010
1010000010101100000000110110100011000000000000000000000000000000000010
1010110100011011111001011001010110100000000000000000000000000000000010
1010111110001100010101001011001101000000000000000000000000000000000010
1010001011001110100011011001110100000000000000000000000000000000000010
1010001110010001101010111010000011000000000000000000000000000000000010
1011110011110110011001010000010001000000000000000000000000000000000010
1010011100011110011110110011011101000000000000000000000000000000000010
1010011010000011101010110101100000000000000000000000000000000000000010
1011110100011011000001000110000011100000000000000000000000000000000010
1011001011011100000101101110001010000000000000000000000000000000000010
1010111010110010110000110000010111100000000000000000000000000000000010
1011101010001010010100111110111010100000000000000000000000000000000010
1011011011100100100101110010110010000000000000000000000000000000000010
1011010011001111001001111001111111000000000000000000000000000000000010
1011010011111000101000001110001111100000000000000000000000000000000010
1011001010001010010111111011011010000000000000000000000000000000000010
1010010000000001001001110010111111000000000000000000000000000000000010
1011000011101010100001110000110000000000000000000000000000000000000010
1011000110001001000001000110001100100000000000000000000000000000000010
1010001010101000110011111101110100100000000000000000000000000000000010
1010001010010111001001110111001100100000000000000000000000000000000010
1011000001000101101111111101111111100000000000000000000000000000000010
1011000000100001110001000011111011000000000000000000000000000000000010
1010110010000001110001011010111001100000000000000000000000000000000010
1011001100111111011001100101000101100000000000000000000000000000000010
1010100000110100101010110000111011000000000000000000000000000000000010
1010000010000000010011001111010111100000000000000000000000000000000010
1011010101111101101011100010110111000000000000000000000000000000000010
1010011101001001110100101011000010100000000000000000000000000000000010
1011001001111010110011111111101111100000000000000000000000000000000010
1010000000011010111001001001001100100000000000000000000000000000000010
1011011101111001011111010110110011100000000000000000000000000000000010
1011001001111000100010101000101100000000000000000000000000000000000010
1010001001100001011011110001000001000000000000000000000000000000000010
1011001001010111011110111011100110000000000000000000000000000000000010
1011110000000000110101011000100011100000000000000000000000000000000010
1011110000111110010111101110100100100000000000000000000000000000000010
1011110011001010001111011000010110000000000000000000000000000000000010
1011010101010011000001110011111101000000000000000000000000000000000010
1010110000100111110011010001010011000000000000000000000000000000000010
1010110010101100101000010011001001100000000000000000000000000000000010
1010111111110000111000000111000000000000000000000000000000000000000010
1010101100000010010110110010010111100000000000000000000000000000000010
1011011011010111101010111101010110000000000000000000000000000000000010
1011001010111101000010110101010101000000000000000000000000000000000010
1010011100100010001100011011101100000000000000000000000000000000000010
1010101000001000010110100110011111000000000000000000000000000000000010
1011110110100111111100011001101000100000000000000000000000000000000010
1011111000100000111010111000001100100000000000000000000000000000000010
1011100000001011000000111001101000000000000000000000000000000000000010
1010101010110100111101111000011010000000000000000000000000000000000010
1010110000000011110011011001111101000000000000000000000000000000000010
1011100000010001010011010101110101100000000000000000000000000000000010
1010110111000111001101011110111010000000000000000000000000000000000010
1011011010010100110111111011001111000000000000000000000000000000000010
1011010101010001100100101010001000100000000000000000000000000000000010
1010000100101101110011100011001001100000000000000000000000000000000010
1011101000001100001010110001111011000000000000000000000000000000000010
1010111100001000010111111010110111000000000000000000000000000000000010
1011000100101000000010101111010011100000000000000000000000000000000010
1010010110010100001011100001100000100000000000000000000000000000000010
1011000000010100001001110011111111100000000000000000000000000000000010
1010000000001011011011101100010001000000000000000000000000000000000010
1010100110101011001000000111011010000000000000000000000000000000000010
1010101110011000001111110010010100100000000000000000000000000000000010
1010010000110011101011110101111110000000000000000000000000000000000010
1010111000011000000010001101011111000000000000000000000000000000000010
1011000001100000000101010100011110100000000000000000000000000000000010
1011011010101000111111110010010111000000000000000000000000000000000010
1011100000000111000101001110110110000000000000000000000000000000000010
1010001001011010001001101001011011100000000000000000000000000000000010
1011011111110001000111111011111001100000000000000000000000000000000010
1011110110010011100100000100010111000000000000000000000000000000000010
1010110000101100010010101011111101100000000000000000000000000000000010
1010111000010000110000000100010011100000000000000000000000000000000010
1011111101101001100111011010011000000000000000000000000000000000000010
1011101010001010001001100111100100000000000000000000000000000000000010
1010111101001111110111011011110100100000000000000000000000000000000010
1010111011111001000101101000110011100000000000000000000000000000000010
1010011000011001111000111110010001000000000000000000000000000000000010
1010001110111001111101101011010110000000000000000000000000000000000010
1011010001011100111011100000111000000000000000000000000000000000000010
1010001010100011010011100111011111000000000000000000000000000000000010
1011001111010011101110101110011001000000000000000000000000000000000010
1011110110011100110100101101010010000000000000000000000000000000000010
1011110111011110110101110011001010000000000000000000000000000000000010
1010100100110010110011101100001011000000000000000000000000000000000010
1010010100100100010110111010111011000000000000000000000000000000000010
1010101010101000101111111111100000100000000000000000000000000000000010
1011110000001010100001000100010010000000000000000000000000000000000010
1010101000111100100111100100110000100000000000000000000000000000000010
1011010000000100110010000111101111000000000000000000000000000000000010
1011100000100000000011011101101101100000000000000000000000000000000010
1011011001010111011111010110001011100000000000000000000000000000000010
1011111110000010000111101110000010100000000000000000000000000000000010
1010001101000101000111100111111110100000000000000000000000000000000010
1010010011100000001111010011111101000000000000000000000000000000000010
1010111010111010010111000001010111100000000000000000000000000000000010
1010001110010100000110111001111001000000000000000000000000000000000010
1010011001000000010011100011001101000000000000000000000000000000000010
1011000110100100001110111010100001100000000000000000000000000000000010
1010111010111000011010010001000101100000000000000000000000000000000010
1010110010010100010001011000110011100000000000000000000000000000000010
1011010110001100110111111111111001100000000000000000000000000000000010
1011110000100010100000001000010111100000000000000000000000000000000010
1011000000000011001000100111011001100000000000000000000000000000000010
1011001100001000101100101110110111000000000000000000000000000000000010
1010011111010111111110110111001011100000000000000000000000000000000010
1010011001011111100011000001010101000000000000000000000000000000000010
1010101101010110010011111110111111000000000000000000000000000000000010
1011110000101000000111110011101011000000000000000000000000000000000010
1010111111010010000101011011111000100000000000000000000000000000000010
1011010110001110000010000011010111100000000000000000000000000000000010
1011101111111010100011010001101011000000000000000000000000000000000010
1011110001001000001001011010110110000000000000000000000000000000000010
1010100010000101011111111111101110000000000000000000000000000000000010
1010101000001110000011001110101111000000000000000000000000000000000010
1011010001110000100111010011100101100000000000000000000000000000000010
1011011001010000000111111010001101100000000000000000000000000000000010
1010010110001110100001001111101101000000000000000000000000000000000010
1011011110100101101000110111110111000000000000000000000000000000000010
1011110010000000111101010000000100100000000000000000000000000000000010
1010101000111100101101011010000010100000000000000000000000000000000010
1011011001001100001011101110111010100000000000000000000000000000000010
1010111011111101111010010011011101100000000000000000000000000000000010
1010011101000001110011000110001110000000000000000000000000000000000010
1010000100100100000101110000011000000000000000000000000000000000000010
1011111000001010000011000100000011000000000000000000000000000000000010
1011111101100111010111101101011010100000000000000000000000000000000010
1010100101111101011101100111010111000000000000000000000000000000000010
1011111000101000010111101111011001000000000000000000000000000000000010
1010001101101011000011110111010000000000000000000000000000000000000010
1011001111001100000001101000010010000000000000000000000000000000000010
1011000100010001000100001011010000100000000000000000000000000000000010
1010100100001000110111001000100011100000000000000000000000000000000010
1010111011111100110001000111000010100000000000000000000000000000000010
1011011101110000110010000010011000100000000000000000000000000000000010
1011101011000110000011011101100101000000000000000000000000000000000010
1011000111110101100001110100101111000000000000000000000000000000000010
1010010101000110010111001011111111100000000000000000000000000000000010
1011000101000110100000110000000010100000000000000000000000000000000010
1010001011000110111111011001101011000000000000000000000000000000000010
1011111001111101100011010001000110100000000000000000000000000000000010
1010000011110111101001011010011011000000000000000000000000000000000010
1011001101011111100111001000010010100000000000000000000000000000000010
1011010100100110101000010011110111000000000000000000000000000000000010
1010010100001100010110110111111101100000000000000000000000000000000010
1011011100111111000100100111100000000000000000000000000000000000000010
1010100001101010100000100001101111100000000000000000000000000000000010
1010000000011110000110000100011111100000000000000000000000000000000010
1011001110010000000101010100100100100000000000000000000000000000000010
1010011001110101111111100110001110000000000000000000000000000000000010
1010101011111111100001001001100000000000000000000000000000000000000010
1010001110100010000111101100001110100000000000000000000000000000000010
1011001000111000000000011001101111100000000000000000000000000000000010
1010001001110011110001001010011000100000000000000000000000000000000010
1010011100100111111000111011101000100000000000000000000000000000000010
1011001101100100100101111101111110100000000000000000000000000000000010
1010111011010010001010000111100011100000000000000000000000000000000010
1011010010100111011010001010111111000000000000000000000000000000000010
1011011000101011010011111010100101100000000000000000000000000000000010
1011111110110011000111011110011011100000000000000000000000000000000010
1010110000001001001011001101100100000000000000000000000000000000000010
1010010111010101000011111101111001000000000000000000000000000000000010
1011010001011101000001100110100111100000000000000000000000000000000010
1011100010100101010001011001001001000000000000000000000000000000000010
1011010111010100100111100000101001100000000000000000000000000000000010
1011000111110011100110010100100101100000000000000000000000000000000010
1010010000110110000011000111101001100000000000000000000000000000000010
1010001111000011000110110011100111100000000000000000000000000000000010
1010000010001100110001001110001110100000000000000000000000000000000010
1011010101101011000101000010100101100000000000000000000000000000000010
1010000001010010010101100001001101100000000000000000000000000000000010
1010110000111100001101110011110011100000000000000000000000000000000010
1010101011101011011111001100101100100000000000000000000000000000000010
1010001000100010001101011001000011100000000000000000000000000000000010
1010000110001000000010000011111111000000000000000000000000000000000010
1011110100111011111111011101001011000000000000000000000000000000000010
1010011000000111100101110010011101000000000000000000000000000000000010
1011000101101010111000000111100000100000000000000000000000000000000010
1010001110101001110110101111110101100000000000000000000000000000000010
1011100000110000000111001110110010100000000000000000000000000000000010
1011111010000110100100110000101001100000000000000000000000000000000010
1010110001001011110001100110001110100000000000000000000000000000000010
1011010000001001101111101101101111100000000000000000000000000000000010
1010000010100010110111101100100011000000000000000000000000000000000010
1010100110110110111100110110111111100000000000000000000000000000000010
1010001100001001100101101000010101100000000000000000000000000000000010
1010001000101011101110100111001000100000000000000000000000000000000010
1010100101111010110101100010010010100000000000000000000000000000000010
1011000001110110001110011001001000100000000000000000000000000000000010
1011101010100101100011111101000010100000000000000000000000000000000010
1011110100011111101010000011001001100000000000000000000000000000000010
1010000010000011111111101001110011100000000000000000000000000000000010
1011000001100101001011111010011111100000000000000000000000000000000010
1011001101010101101101011001000001000000000000000000000000000000000010
1010011101000010100101011010111100100000000000000000000000000000000010
1010100001010011101000011111111001100000000000000000000000000000000010
1010101111101000000101111011011011000000000000000000000000000000000010
1010110011101001010110100010001111100000000000000000000000000000000010
1010010011001110100011011010111011000000000000000000000000000000000010
1011101011000001011110011011000111000000000000000000000000000000000010
1011101100110000011101111010010110100000000000000000000000000000000010
1010000101001101001000111110001001100000000000000000000000000000000010
1010010110000110110100000111111110000000000000000000000000000000000010
1010101000000010001101011001110100000000000000000000000000000000000010
1010000111001101010010100010111110000000000000000000000000000000000010
1010000100010100101110100010010001100000000000000000000000000000000010
1011100100011110011111110110010010100000000000000000000000000000000010
1010000000011000110111111011011100000000000000000000000000000000000010
1010100100011101111110000100110010000000000000000000000000000000000010
1011010000001101010101101111110011100000000000000000000000000000000010
1010000001100011001010100000010010000000000000000000000000000000000010
1011000100110001000100111001111111100000000000000000000000000000000010
1011010111000001001110111110101001000000000000000000000000000000000010
1011000111000101001101101000011000100000000000000000000000000000000010
1011010010000111100100011001011111100000000000000000000000000000000010
1010001011110010000010101001001111100000000000000000000000000000000010
1010010010100101000001111110101011000000000000000000000000000000000010
1010001101001000100101101010111100000000000000000000000000000000000010
1011000000100111101110111000101001100000000000000000000000000000000010
1011000001100011000011000011100000000000000000000000000000000000000010
1010111010111100011111101111011010100000000000000000000000000000000010
1010101000101000010011101001100001000000000000000000000000000000000010
1011110001010111111011011101011101100000000000000000000000000000000010
1010010100000101110111010111111001100000000000000000000000000000000010
1010010101100110110101001111101111100000000000000000000000000000000010
1011001100011110011110010011111100000000000000000000000000000000000010
1010111001001000011100111100011111000000000000000000000000000000000010
1010000000000101010010100101110001100000000000000000000000000000000010
1011111001010100101100111101111100100000000000000000000000000000000010
1011101100000011000100110011001110000000000000000000000000000000000010
1011110010011011000101111110011000000000000000000000000000000000000010
1010001011100011110001001101011000100000000000000000000000000000000010
1010010011001000011101111111110110100000000000000000000000000000000010
1011101110001110001100010111100011100000000000000000000000000000000010
1011100100011000100000001011011011000000000000000000000000000000000010
1011111001010010100110101111001111000000000000000000000000000000000010
1011010101100100011111101001011110000000000000000000000000000000000010
1011100101011110000111111110001110000000000000000000000000000000000010
1011000110000111000010111011011101100000000000000000000000000000000010
1011011100011000100111000110011011100000000000000000000000000000000010
1011001000100000000110100001110000100000000000000000000000000000000010
1010011000011111000100011101001000100000000000000000000000000000000010
1010000010110111000010100110001111000000000000000000000000000000000010
1010010101001101110011011011011111100000000000000000000000000000000010
1010001001001000000001001100011010100000000000000000000000000000000010
1010110101110101100110011100000010100000000000000000000000000000000010
1011000111010101100101000101011111100000000000000000000000000000000010
1011110101100010010011001000110100100000000000000000000000000000000010
1010001110000010010110011111010000000000000000000000000000000000000010
1010010011000000000110111111110010000000000000000000000000000000000010
1011110101111101011010111110001110100000000000000000000000000000000010
1011100100100000010011110111100110000000000000000000000000000000000010
1010011001001011101000000001010000100000000000000000000000000000000010
1010111110101100111000111111010010000000000000000000000000000000000010
1010111000111110000010111110011100100000000000000000000000000000000010
1011100001110100000011101101001110100000000000000000000000000000000010
1011101000001001010110011111011110100000000000000000000000000000000010
1011101110100100110101011110111110100000000000000000000000000000000010
1011111000001010000000101100010001100000000000000000000000000000000010
1011001110110101111111001010111110100000000000000000000000000000000010
1010000110101000000010001000101101100000000000000000000000000000000010
1010000010000100100111001100010011100000000000000000000000000000000010
1011100010011000000100001111110100000000000000000000000000000000000010
1010011000001011111110011110110000000000000000000000000000000000000010
1010010100000111010010001111101001100000000000000000000000000000000010
1010010010000000010110000111110000000000000000000000000000000000000010
1010001001011101001010010100010000100000000000000000000000000000000010
1010010111101110101011001101101010000000000000000000000000000000000010
1011110100010011010110100100101000000000000000000000000000000000000010
1010000010101001111011011001000011100000000000000000000000000000000010
1011011011000010101110110011001000100000000000000000000000000000000010
1010010011011101111110010111101110000000000000000000000000000000000010
1011010000010111101111001100101101000000000000000000000000000000000010
1010110011010010110011110111110010100000000000000000000000000000000010
1010110111110010011110011110010001100000000000000000000000000000000010
1010100110011010011011001101010101000000000000000000000000000000000010
1011010101001011100111010101111101100000000000000000000000000000000010
1010100111011011100010100111111111000000000000000000000000000000000010
1010011011100111101111001001010001100000000000000000000000000000000010
1010101111101011011000111010110110100000000000000000000000000000000010
1010010011000111110101011101011100100000000000000000000000000000000010
1010000111110000101010000000100110100000000000000000000000000000000010
1010100001100011010001011011000111000000000000000000000000000000000010
1011011000110000001111011011111111100000000000000000000000000000000010
1010101110010011101100111000000011100000000000000000000000000000000010
1010011110101100100001000101001101000000000000000000000000000000000010
1010000101110111000111000101110010100000000000000000000000000000000010
1010010000011111010001101011111010000000000000000000000000000000000010
1011111100111011111000111101101101100000000000000000000000000000000010
1011010010001101000000000110011100100000000000000000000000000000000010
1010000100000110000001101001100010000000000000000000000000000000000010
1010000000101111010010101100101011100000000000000000000000000000000010
1011100011010010000010101001111111100000000000000000000000000000000010
1010001000010111001010110000110101100000000000000000000000000000000010
1010010100100101000110001011001111100000000000000000000000000000000010
1011010100111100111101100100101011100000000000000000000000000000000010
1010010000001110010010101101110101100000000000000000000000000000000010
1010101111110000000001110010111000100000000000000000000000000000000010
1010010001100101000001001100111111000000000000000000000000000000000010
1011010000111000100101100010011001100000000000000000000000000000000010
1010110000000110110111100001111101000000000000000000000000000000000010
1010000010110001111000001001111011000000000000000000000000000000000010
1011111010110100110011001000111101000000000000000000000000000000000010
1011101001000000100001010001111000000000000000000000000000000000000010
1010100000010110011111000001111011000000000000000000000000000000000010
1011000101110001001111110000111011100000000000000000000000000000000010
1011101111101110000111100110111100100000000000000000000000000000000010
1011010100011000101001010111110111100000000000000000000000000000000010
1010010001001100011110100010101001000000000000000000000000000000000010
1011010001110100001010110011101010000000000000000000000000000000000010
1010001100101001111101110111110011100000000000000000000000000000000010
1010001100001001110010001110100101000000000000000000000000000000000010
1010001100001110111111010111101110000000000000000000000000000000000010
1011010110010110001111110001100111100000000000000000000000000000000010
1011000010111010100001110111111101000000000000000000000000000000000010
1011100011010001001110000111011110000000000000000000000000000000000010
1011110100101101011011010110100101000000000000000000000000000000000010
1010111100001000001010001010001110100000000000000000000000000000000010
1011000010001011101001000010111111000000000000000000000000000000000010
1010010110001010111001111111111010000000000000000000000000000000000010
1011101010101001000101100111110101000000000000000000000000000000000010
1010011111001001010100101101000110000000000000000000000000000000000010
1010010101101110001001011110111101100000000000000000000000000000000010
1011011000100000100011000010111011000000000000000000000000000000000010
1010111001101110110000100011100001000000000000000000000000000000000010
1010001111101000000000111011111111000000000000000000000000000000000010
1011110101110001000010011010110010000000000000000000000000000000000010
1011000010100000010010011101110101000000000000000000000000000000000010
1010001010010101000011101010101001100000000000000000000000000000000010
1011000110111010110010111111010110000000000000000000000000000000000010
1011000101100101100111111011101110100000000000000000000000000000000010
1010101110000101101100101110001010100000000000000000000000000000000010
1011101111100100101011110010011010100000000000000000000000000000000010
1011100001010000010101001111000110100000000000000000000000000000000010
1010101000101000001001001001011100000000000000000000000000000000000010
1011110010011100110101110110110001100000000000000000000000000000000010
1011011101000000010001000101111011000000000000000000000000000000000010
1011010011110010001101100001101010100000000000000000000000000000000010
1011000000100010000010111010101000100000000000000000000000000000000010
1010000101001000010100110111001110100000000000000000000000000000000010
1010101000101101010100010001010000000000000000000000000000000000000010
1010111000110100101110100101111100000000000000000000000000000000000010
1010110010111011011100110111010100000000000000000000000000000000000010
1011110000111101001011101000111001000000000000000000000000000000000010
1011010111011011011100011111111011100000000000000000000000000000000010
1011101100010001100100010100000011100000000000000000000000000000000010
1010010101111101010000110100111110000000000000000000000000000000000010
1010001110000011100011011000101000000000000000000000000000000000000010
1010100111000000000110110111100010000000000000000000000000000000000010
1011110101000001010001000001000000100000000000000000000000000000000010
1010100011000110111111011010111011100000000000000000000000000000000010
1011000010101101101100001110001011100000000000000000000000000000000010
1011010111100000011110011010101111000000000000000000000000000000000010
1010100101101001001011001111110100000000000000000000000000000000000010
1010001101111101000001000110111011000000000000000000000000000000000010
1010100000110100000110010011010011100000000000000000000000000000000010
1011010001100110011010011010100110100000000000000000000000000000000010
1011101001111110101101110001001101100000000000000000000000000000000010
1011000011100001001000001111001101100000000000000000000000000000000010
1010101001010101110100001101010110100000000000000000000000000000000010
1011001111110011000001000000111011100000000000000000000000000000000010
1010010111011011111101011101111000100000000000000000000000000000000010
1010111110100001001101101111110110100000000000000000000000000000000010
1010001100000100100000011111000000000000000000000000000000000000000010
1011100001101110101001001110111001100000000000000000000000000000000010
1010011110111001111101001100000010100000000000000000000000000000000010
1010101011000001001101010100001000100000000000000000000000000000000010
1011011111101001010100001110110110000000000000000000000000000000000010
1011010101001101110000010000010100000000000000000000000000000000000010
1011100100011000100111010110011000100000000000000000000000000000000010
1011111101111010010001101111100001100000000000000000000000000000000010
1010011110010101101100111110100001000000000000000000000000000000000010
1011000101001001010101110000111100000000000000000000000000000000000010
1011011110011000001111100010011000100000000000000000000000000000000010
1011110010101100011110101100111011100000000000000000000000000000000010
1010010010100010110110100111111001100000000000000000000000000000000010
1011001000111011001101101100001111100000000000000000000000000000000010
1011001001010011101011010110101010000000000000000000000000000000000010
1011100000000101100111101010111011100000000000000000000000000000000010
1010000000000010101011110100111011100000000000000000000000000000000010
1011011011101101001100101110110011100000000000000000000000000000000010
1010010101000001110101110100100111100000000000000000000000000000000010
1010111110110010101000101101101001100000000000000000000000000000000010
1010010000011101010111111111111010000000000000000000000000000000000010
1010001011001000010001011110100111100000000000000000000000000000000010
1010100111001100010011000010001001000000000000000000000000000000000010
1011010111000111101101101010111100000000000000000000000000000000000010
1011010100001001100111011111111011100000000000000000000000000000000010
1010100001111011000101010101110110000000000000000000000000000000000010
1010000100100100010101001001010101100000000000000000000000000000000010
1011000001100010000110011100110001000000000000000000000000000000000010
1010011100011110101111101101001010000000000000000000000000000000000010
1011101000101101001101110100100100000000000000000000000000000000000010
1011101000010000010110011000111111000000000000000000000000000000000010
1010000001101001100011011100011100000000000000000000000000000000000010
1011000110010001100110100010111011000000000000000000000000000000000010
1010000101100111001000010000111100100000000000000000000000000000000010
1010000010000011100010001110011011000000000000000000000000000000000010
1011010001011110111000111010011110000000000000000000000000000000000010
1011111101100001001101100000010100000000000000000000000000000000000010
1011001001001111100101001101111101100000000000000000000000000000000010
1010010101001011100000100101101010000000000000000000000000000000000010
1010001011001010011000110011000101100000000000000000000000000000000010
1010010100110100000011111101111101100000000000000000000000000000000010
1011010100000111001100010111011111000000000000000000000000000000000010
1010011001011100100110000101101100000000000000000000000000000000000010
1011000011011000001111101110110111000000000000000000000000000000000010
1011000111111111100111011110111110100000000000000000000000000000000010
1010000001001001110111011001111011100000000000000000000000000000000010
1010100001100110100101111011101000000000000000000000000000000000000010
1011010000000011001101100011110101100000000000000000000000000000000010
1010111001111000010100000111100100000000000000000000000000000000000010
1010101001010110101111110011110010000000000000000000000000000000000010
1010100000101000001000011111000101100000000000000000000000000000000010
1010101101011111100110000101111011000000000000000000000000000000000010
1011110100101010110111000101011010100000000000000000000000000000000010
1011101110100101011101111111010001100000000000000000000000000000000010
1011110100010110111000011001011101100000000000000000000000000000000010
1010111001101100110011101101011111000000000000000000000000000000000010
1010010000101100111011001010111110100000000000000000000000000000000010
