1010000110010001101111011000001011001001010100001101011111010011111010
1010001001000110001001001010101001110011110000010001001001100001011010
1011110001010011010010001111011100010001000110101101010001010110010010
1010001110111011001111100101100001110001110110100000011011110110001010
1011101100011010011011010000101101011100000100101001010101111000100010
1011110000010001000110001000000011110001111110100001110100010100000010
1010110100110010011001011100000000011100011011000010010110001100111010
1011100111101101000111000101101000011111011111010010101010110111001010
1011100010011110001000001101001100000110110010101011001001000100000010
1010101000110101000011011101110001100001011011110011111001111101001010
1011111111100111100101010110010101100110101100111110001111101001010010
1010101010011110100011011011110101001101100100001010101001000000100010
1011101001000011101111010110010110010000000110111111101100000010001010
1010011001011010110111110000011101000000111010100100011010100101000010
1010100001100110010111110101110001000101000011000001000001110000001010
1010000110110100001010011011010101011111001111110101111111010001000010
1010100111110101011111001100110001111111010111000001010101110000100010
1010010110101100101001111100001010011111001100100001110010101100101010
1010000001010010110000011011011100111111011111111011110001001110001010
1010110000101111111101111000001001110100011000001100110001111101000010
1010111001001100110001110111001010110010010011011100001101000001011010
1010011100111001111110011010010001101011001110111100101001100010111010
1010000001100101100111000001001011011100111100000101111001111110111010
1010000010110011111111011110101010101111010000000100101010001101010010
1010001000010101100010011000001101011101000000000100101100011000001010
1011101111111011010000010110100010011001101110001100011011011110010010
1010111100111110010000000000000011110101110010110001000000110011001010
1010001000100010111110001101000001010111111001000100111100111001111010
1010010000100000101010101000000001010001100110111011101110001001000010
1010101101100101010000000000110010110100010101101000010111001111100010
1011010010101011010001101100010111011011000001010101001001100100000010
1011000010000011000010010011111100001111011000101110010010100101011010
1010110000000000000010111000100110011101110110011000001001000010110010
1011100000010111100001010101111010110010111110000010100000011010000010
1010001101000010000000001101101100101011111100100011110011000100101010
1011010101111111100101110110101011101010100110001010000111110111110010
1011000101000001100101010101101000000001111101110100011110111110100010
1011011111100111100101001000111101110010001110001010111110000011000010
1011010110001011010011101111111001011000111001101100100101101110000010
1011110000000111100111111011011001110101000001010100010000101100000010
1011110011100110010110100011111100001100110010011010001010111101001010
1010011000101100000011101001100110001001011010100011011000000111010010
1011110001001101010111011010111111000111001110011010011010111110100010
1010010100101110000101110000000110010110101010110111100001101010100010
1010110101001011100111011001110001100011111110010001011010001010110010
1011010011010110101100010001010011110110011010011101110101000100000010
1011100100010010000100001001011100010001000011000011011011100011000010
1011111011001100110111011101110111100011011011100110010011000011000010
1011111001101110111011111000110100111011000110100001010001111110111010
1010000100011101011000100100111100111001101100001011101111000001110010
1011001101011111000110000011111000101011110101101110110110111110111010
1010001000010110100011101010011111101001001101101100101111100101111010
1010100110110100001010000011101001101011110000010100111111000111111010
1011100001010000111011010010110011010100111001011110001111101011100010
1011100000111001111110000011110001000110001010000100001011000110100010
1011000110001100111001111110111010100001010111000000110010110101011010
1011111110100000110011000110010101001011001001010100011010011000111010
1010000111000000010110110000001010100000011011101101111110001100101010
1010110110001100111111001011100100110111011010011111100101111111000010
1010111011011001010100100011000000011100101100101111001011011001111010
1010101101001100001100010100101011011000101010101010001011101000100010
1010001011000111101101101100100100010110100001101110101000000011001010
1010101001111100011011010010100101101100011100000111100000111111100010
1010001000010110010000000101110001001011001111110111001110101100100010
1010110001001101010010100000110110100001110110100000010000001010110010
1010000000111000001001010100011100000010010110110100011000000100010010
1011000111010100010101100010011001000110010110000101000010110101000010
1011010110001010001000110110011101011111010100101110010110001001100010
1010011011001000101010111011101001000011010001100010101101111111000010
1010101101110111101111000010010011100111001010001100000111111011011010
1011111000100000001101101000101000111101011100110001111110000001111010
1011111001101010011011100010110001101101100110001110001110110110111010
1011111001100000010110111111011010101011011011010001101110010001001010
1010111110011000001001011110011010000000100011110100010011100111010010
1011100000001010111111101001000111110110101011000000011001111110011010
1011110010101100011000010001011000110111110011100001100011101111010010
1010110010000111111000111011101100100010011111110000001000000000010010
1010110100000111100111011111100010000101100010100100111100111101010010
1011111010101101011000011111110000100010110000000000001110000101101010
1011101111010110001111001011100100010100010010100010010011100111110010
1011110111011111010110010101101111010100001011100010010100011101101010
1011001000111110011011101101111010110011000011011100001011011101101010
1010111101111000011011001010101000001100111110001101001110100111000010
1011101100010110001011010001010010100011010111011100011001000001110010
1011100110101001101001101100011010100101100110100001011110000110000010
1011101100111000010111110000010000111111010111011111011000010011100010
1011111111010111110001101001111011001000100000110111001111001001101010
1011101011001110000010100110010001111111010111010101001101101111000010
1011011011011001111101011010011001000110001110001111010110100011110010
1010011110001110111001110011011000100100010011010101001100101001011010
1011111111111111111100101111100111000110111110110111110011001101110010
1011001110000100100111010101100111100110100111100101100010011011010010
1011110000000100100000010110010110011010010110000000011000001010000010
1011111000110111111100000111000001101000111100110111000011000000010010
1010000000101000010100110000000001000001010100110100010110011110000010
1010100010111000010111101110100010101010111001010000001000111110011010
1011101110001110101110010111100011000111100110101000110000011001110010
1011000110000100011000001001011011110111000101000000111000011100010010
1011001011110100111111110011010110110000110111001001010110110001100010
1011110110010100011101100000111111010111001010100011111101110101010010
1011011010110111101001011001001010100110001010101001110001000110011010
1011011101000100010011000101010100110011010111111111010110011010010010
1011000111101111110110110110011110111110110001001011101001011101001010
1010111101110101000101100100001110110111100100001111100111110011110010
1010001101011011110001110101111110000110110001011011001000001000000010
1010011111100011001111101111010111000001010111010110011011010011000010
1011101011111111111000011000011010111100010000000101110110011001111010
1011111101100101001101011100001101110000110000111011011010110110000010
1011010111001000001010001000001000011000000101001010001110000100011010
1010001110000001000101010000001010111100110100011000010001001101110010
1011001011111100001011111001011101101001000110100111010110110011010010
1010111111001111110011100100011010001011011110000010110011100001001010
1011110011111000111001001001111000000010110010101100111010100101100010
1011101111001100111101000000101000001101111010010110101011010001001010
1011101101011100110011001000001000011111000110000000111001001010101010
1011111100101001010110011001101010100010001111111100100001000110011010
1011110000111000011101111111110100110100010000010000001101100010000010
1010010110010110000000001001100101000100000101111111001101100111011010
1011010000100111011011100001101111010110011100010111010001010011001010
1011000111101100001001100010101101000011000101111001101011100010010010
1010111101100100110111000011000101100111100101001110001110100010110010
1011100011000011110111000110010001101001111001110000101110001000010010
1010100111001100100100011110110100100000010111001110101001101001111010
1010001011011111010100000001001000101110011010110100010111110000100010
1010010011111011011010010100001100000000100110010011111001100110001010
1010000011001000101010000010110100000000110011010001001011101101000010
1010001000001001001001000001101100010010000110010110100001000111011010
1010101000001010110001100011110000110111110110010110111011100101111010
