1010101001001011000110111001011011000000000000000000000000000000000010
1011111101100010011110111001010100000000000000000000000000000000000010
1010111101000101011110000111101101000000000000000000000000000000000010
1011101000001001001010001001011111100000000000000000000000000000000010
1011011000000011011100111000011011000000000000000000000000000000000010
1010100100101010011100111011000101000000000000000000000000000000000010
1010111101001111101010000000001111100000000000000000000000000000000010
1011011010100100101110101010100011100000000000000000000000000000000010
1010000101000010011110001010100001100000000000000000000000000000000010
1011101000111000000000111110011101100000000000000000000000000000000010
1011111111010111011111111010010111000000000000000000000000000000000010
1011101001001110011110100010100011100000000000000000000000000000000010
1011000000100100000100011011101011000000000000000000000000000000000010
1011001010111000001111001100100000100000000000000000000000000000000010
1011011001001111010011110010100011100000000000000000000000000000000010
1010011110110111110011010100110001100000000000000000000000000000000010
1011010000011011000010111011010001000000000000000000000000000000000010
1011101001110100100011101101100001000000000000000000000000000000000010
1011001100100101100010110110011111000000000000000000000000000000000010
1010011010011011101011011110011001000000000000000000000000000000000010
1010011010111010000010001100100000000000000000000000000000000000000010
1010100111000000000001101010111110100000000000000000000000000000000010
1010011111100100010000111100011011100000000000000000000000000000000010
1010001101111110010001001010111001100000000000000000000000000000000010
1011011111011001110011001111101100000000000000000000000000000000000010
1010000011100100101001110110001111000000000000000000000000000000000010
1010011011001100011001011111000110100000000000000000000000000000000010
1010011101111110001001001001111111000000000000000000000000000000000010
1011001010011001110111010001100110000000000000000000000000000000000010
1010111001110001100111100101111010100000000000000000000000000000000010
1010001010001110010101001101110100000000000000000000000000000000000010
1010010100000101011001011111010111000000000000000000000000000000000010
1010011010001111100110001000000111000000000000000000000000000000000010
1010011111110010011100110000000111100000000000000000000000000000000010
1010001001000011000000110011011000100000000000000000000000000000000010
1010101110100001110111011001100001000000000000000000000000000000000010
1011001100000101111100001100001101000000000000000000000000000000000010
1010111110111101011111110000101011000000000000000000000000000000000010
1010010111110001000011111101000000000000000000000000000000000000000010
1010111001010100010110100110110001100000000000000000000000000000000010
1010100110001110101001010100101100000000000000000000000000000000000010
1011111100010110010011011010010000000000000000000000000000000000000010
1010011100010100101100110111110001100000000000000000000000000000000010
1010011110001110011110110010010011000000000000000000000000000000000010
1010110100100001011001010111100101100000000000000000000000000000000010
1011110101001110111010001011110111000000000000000000000000000000000010
1011111101010100010100100110011100100000000000000000000000000000000010
1010011010111101111100101011011011100000000000000000000000000000000010
1010110010001100111000010001111100000000000000000000000000000000000010
1011110000101111001111100001110110100000000000000000000000000000000010
1010111001110000110000101110011100100000000000000000000000000000000010
1010101110111100100111001001111001100000000000000000000000000000000010
1011101011010000110011000111010111000000000000000000000000000000000010
1010110110010001011110000101101110100000000000000000000000000000000010
1010001000010001101110001100111010000000000000000000000000000000000010
1011111010101010010010111001111101100000000000000000000000000000000010
1010000010100000111100110111110010000000000000000000000000000000000010
1010011100100101000001011111100001000000000000000000000000000000000010
1010011110010111001010001100000010000000000000000000000000000000000010
1011101111010000100100000110001110000000000000000000000000000000000010
1010101000010000000000010101101110100000000000000000000000000000000010
1010011100010100011111110000000101100000000000000000000000000000000010
1010000111111111010000010111000011000000000000000000000000000000000010
1010100010101010011010010000110000000000000000000000000000000000000010
1010101100100110011010011111010110100000000000000000000000000000000010
1010010010000110110011110100000100000000000000000000000000000000000010
1010010110001001010110010111001111000000000000000000000000000000000010
1011001000110001001001010011110110000000000000000000000000000000000010
1011001011101010011011011101010100100000000000000000000000000000000010
1010010010011100000111111010100011100000000000000000000000000000000010
1011011001001001101111001100100000100000000000000000000000000000000010
1011001100100110011100111001110000100000000000000000000000000000000010
1010111110101001011010101011010110000000000000000000000000000000000010
1010010001000100100101100010001111000000000000000000000000000000000010
1011000110010000001110100110111100100000000000000000000000000000000010
1010010110010100101010111001110001000000000000000000000000000000000010
1010111010000001110101101010001011100000000000000000000000000000000010
1010011100011000110101111001101011100000000000000000000000000000000010
1010110110010001111010101110011010100000000000000000000000000000000010
1011100101010110110110010010111101100000000000000000000000000000000010
1011110111000011001101101010001111000000000000000000000000000000000010
1010010111000000010010000011101100000000000000000000000000000000000010
1010000111011100001110001101011111100000000000000000000000000000000010
1010111100000010011111100011110011100000000000000000000000000000000010
1010010100010110101111110000010110000000000000000000000000000000000010
1010010000010100001010110111011101100000000000000000000000000000000010
1011110110001100011111101101110000100000000000000000000000000000000010
1011111101000101001010011000011011100000000000000000000000000000000010
1011100010110110000110010110000000100000000000000000000000000000000010
1010101110011001011010001101011011100000000000000000000000000000000010
1010101000010100010100100110011011100000000000000000000000000000000010
1010001101000111100000111011010111100000000000000000000000000000000010
1010010010111101000010001011000100000000000000000000000000000000000010
1010000100010000000101100101010011100000000000000000000000000000000010
1010010101110110010101111100101100100000000000000000000000000000000010
1010001110001001011101000111111010100000000000000000000000000000000010
1011010111101111001010000101011111100000000000000000000000000000000010
1011101000010011110101101101000111100000000000000000000000000000000010
1011100011001010010111100100111101100000000000000000000000000000000010
1011100000111010111110111010001011100000000000000000000000000000000010
1010111111001111010101000001111001000000000000000000000000000000000010
1010011111000011111011101001000110100000000000000000000000000000000010
1011110110100000011010111100000111000000000000000000000000000000000010
1010100101111010111011110011100101000000000000000000000000000000000010
1011000010100010101100110110100010000000000000000000000000000000000010
1011010011111100010110001111111011000000000000000000000000000000000010
1011100110000101011111111000011000000000000000000000000000000000000010
1011110000101111111101110000001100000000000000000000000000000000000010
1011000011000000000111101011011001000000000000000000000000000000000010
1010001010011001010011100011110010000000000000000000000000000000000010
1011100011111011010100111001110001100000000000000000000000000000000010
1011000100000110001000101000000010000000000000000000000000000000000010
1011111101110010001111101111011001000000000000000000000000000000000010
1010000110101011101011010011001100100000000000000000000000000000000010
1010101100001111011000110010011001100000000000000000000000000000000010
1011010111010111001100111110001000100000000000000000000000000000000010
1011000100101000101111001011010111000000000000000000000000000000000010
1010010000000100000010110111011100000000000000000000000000000000000010
1010000011001000010100100000001010000000000000000000000000000000000010
1011011101111000010111001001011001000000000000000000000000000000000010
1010100010010111001101001011110000100000000000000000000000000000000010
1010000000010000100101100110101011100000000000000000000000000000000010
1011010101000100001100101100001000100000000000000000000000000000000010
1011001101001110011110001111111001000000000000000000000000000000000010
1011110110000011011110111110100111100000000000000000000000000000000010
1011001100011001111000010000100010000000000000000000000000000000000010
1010101100110000011010110011011010100000000000000000000000000000000010
1010010001101000000010011000011000100000000000000000000000000000000010
1010111000011000111010011111101100100000000000000000000000000000000010
1010100110000011100110101010011111000000000000000000000000000000000010
1011011100110100011010101000000010000000000000000000000000000000000010
1010101100101000011000001001000110100000000000000000000000000000000010
1010000000111100100101001000111100000000000000000000000000000000000010
1010100110100011100110100101001101100000000000000000000000000000000010
1011010110001100111110001110011001000000000000000000000000000000000010
1010110010011011011010101000101110100000000000000000000000000000000010
1011100101010111101000111101011000100000000000000000000000000000000010
1010100111101111101111111111011011000000000000000000000000000000000010
1010101001100010011001011011111001100000000000000000000000000000000010
1011000011010001010110101001001110100000000000000000000000000000000010
1010111100010000000011010100001101100000000000000000000000000000000010
1010010111111100111010010111100010000000000000000000000000000000000010
1010101000011010100101001000001000000000000000000000000000000000000010
1011100100111001001010101001001111100000000000000000000000000000000010
1010001110100001000011011001011100100000000000000000000000000000000010
1011010000110110011110000001100001000000000000000000000000000000000010
1010011101100001101010110000101001000000000000000000000000000000000010
1010101101111110110010010011101111100000000000000000000000000000000010
1011000000001000111110100010111000000000000000000000000000000000000010
1010001000000110100001110001001110100000000000000000000000000000000010
1011100101111000001010101110011101100000000000000000000000000000000010
1010110100101010101011000010111001100000000000000000000000000000000010
1011011011101001110100010100001001000000000000000000000000000000000010
1011000001001011000101100011001101000000000000000000000000000000000010
1011100010101100110110111001111010100000000000000000000000000000000010
1010001001011110010100110010001000100000000000000000000000000000000010
1011100110110110001001100001000011000000000000000000000000000000000010
1010110001010000011110000010110100100000000000000000000000000000000010
1011111000000011011110100110000011100000000000000000000000000000000010
1011110100111111011110010101111110100000000000000000000000000000000010
1010110101101110101100001111100111000000000000000000000000000000000010
1011101010011100110110100110100101100000000000000000000000000000000010
1010001010111011000001100101100000100000000000000000000000000000000010
1011011000010101010110010101011110100000000000000000000000000000000010
1011010000100100110001100100100100000000000000000000000000000000000010
1011110101011110101010100000100111100000000000000000000000000000000010
1010100011101000000100101011010101000000000000000000000000000000000010
1010001001100011101000000001001110000000000000000000000000000000000010
1011001100010010010011100101111000000000000000000000000000000000000010
1011010001010001000110110010011000000000000000000000000000000000000010
1010011100110111100011011101010001000000000000000000000000000000000010
1011111000111111101100001100111101000000000000000000000000000000000010
1011111010110111110110001001111111100000000000000000000000000000000010
1010100000110001010001110110011001100000000000000000000000000000000010
1011110100101111101011000110111010100000000000000000000000000000000010
1011010100010101001110001100101111000000000000000000000000000000000010
1010001100110010101001110001110000100000000000000000000000000000000010
1010101011110001001001010000111000100000000000000000000000000000000010
1010100100011111111101010000110000100000000000000000000000000000000010
1010100010011111011100100100001110100000000000000000000000000000000010
1010101100110001101011111011111010000000000000000000000000000000000010
1011000011110100010101110011010100100000000000000000000000000000000010
1010000001011000010100010100111000000000000000000000000000000000000010
1011110101011011000111010100110110100000000000000000000000000000000010
1011110101000000100111111010001110100000000000000000000000000000000010
1011011100100000001001110111100111100000000000000000000000000000000010
1010011100100001001001110111000110000000000000000000000000000000000010
1010101111100000010101001101011010100000000000000000000000000000000010
1010101111010011010110001110010010100000000000000000000000000000000010
1011001000011010000000110011111111100000000000000000000000000000000010
1010110000101110101111011110010011000000000000000000000000000000000010
1011100000001011011011110011101000000000000000000000000000000000000010
1011100101010100100100000111001111000000000000000000000000000000000010
1011011000010110000101101001011100000000000000000000000000000000000010
1011010100101110100011110001010011100000000000000000000000000000000010
1010001000010101111101101101000010000000000000000000000000000000000010
1010100010101100000100011110010101000000000000000000000000000000000010
1011000100001100000111111111011100100000000000000000000000000000000010
1011100010010110111010111110000101100000000000000000000000000000000010
1010010111100000111101101111101111100000000000000000000000000000000010
1011001100111011000100001110010000000000000000000000000000000000000010
1011100011100010110001000101001110000000000000000000000000000000000010
1010000011001000110000110010010101100000000000000000000000000000000010
1010111011100101001011111110100010100000000000000000000000000000000010
1011100101010011001111001011001001000000000000000000000000000000000010
1010101111110000100001011000100001000000000000000000000000000000000010
1011110010110000010001101111011101100000000000000000000000000000000010
1010001111001000111110011111111010000000000000000000000000000000000010
1011100010000111001110100000101000000000000000000000000000000000000010
1011011000000100110001011000110011100000000000000000000000000000000010
1010000011110110000001101100011100100000000000000000000000000000000010
1010111001000001000010111010101110100000000000000000000000000000000010
1011110110110000111100100111100011100000000000000000000000000000000010
1011110100000010110111101110100010100000000000000000000000000000000010
1010101110001100010010111010001111100000000000000000000000000000000010
1011001001000110000001011010011000100000000000000000000000000000000010
1011100011011001111111101110011010100000000000000000000000000000000010
1010110010111110010001000100110111000000000000000000000000000000000010
1010100110010011011011111101110110100000000000000000000000000000000010
1011100010010010110010000000000011100000000000000000000000000000000010
1010000101011011000001001010001001100000000000000000000000000000000010
1010001011111000010010010011001100100000000000000000000000000000000010
1011101110000110101100110011000110000000000000000000000000000000000010
1011000110110011011110101001100010100000000000000000000000000000000010
1011010001001100000011001001101100100000000000000000000000000000000010
1011010010100011000111100000000011000000000000000000000000000000000010
1010011011111100111000010111001111100000000000000000000000000000000010
1011111111110101011000100000010000100000000000000000000000000000000010
1010000100010001000101101001111001000000000000000000000000000000000010
1010110010000101000111111001001010000000000000000000000000000000000010
1011000000101101110101001010000110100000000000000000000000000000000010
1010100000111111011111101001100011100000000000000000000000000000000010
1010100010000010001001100111001110100000000000000000000000000000000010
1011010000011011100001011001111111100000000000000000000000000000000010
1011000110001011101010011110110101100000000000000000000000000000000010
1010111100110000011101011101100100100000000000000000000000000000000010
1010001110001000111101011010111101100000000000000000000000000000000010
1010000101101011011001011011111110000000000000000000000000000000000010
1011010010001100000111011011000110100000000000000000000000000000000010
1011000011010000111100011101111010100000000000000000000000000000000010
1011111110110011001101011010010100000000000000000000000000000000000010
1010110100010100111000000101011010000000000000000000000000000000000010
1011101011010101101101001101100110000000000000000000000000000000000010
1010000100011101111000101111111101100000000000000000000000000000000010
1010110001100111000111111100101001000000000000000000000000000000000010
1010101001100110101011110101111111000000000000000000000000000000000010
1010100011000001011111111111011000100000000000000000000000000000000010
1011010010111100110111101001100011100000000000000000000000000000000010
1010110111000010010011100101001100000000000000000000000000000000000010
1011111000110100111110111110110010100000000000000000000000000000000010
1010010011011100000101100100001101000000000000000000000000000000000010
1011000010110101101011111011011011000000000000000000000000000000000010
1011000010110111000010101101110011100000000000000000000000000000000010
1011100110001111000001100110111101000000000000000000000000000000000010
1011000100110101011100101110001011000000000000000000000000000000000010
1010001111100100101100010011000010000000000000000000000000000000000010
1011101111111011000100011100111111100000000000000000000000000000000010
1010010110100000011101001001000001100000000000000000000000000000000010
1011110010001110111100100101100111100000000000000000000000000000000010
1010110010001010100111000110101100100000000000000000000000000000000010
1010010111111110011110011100101001000000000000000000000000000000000010
1011111111110111100000010011100110000000000000000000000000000000000010
1010100011001000100001000101100110100000000000000000000000000000000010
1011000100101110111100000011101100100000000000000000000000000000000010
1011110111000001100110001110000100100000000000000000000000000000000010
1011001111100100101010110010010110000000000000000000000000000000000010
1011100011011001100011100101100000100000000000000000000000000000000010
1011000101100110110010010010100111000000000000000000000000000000000010
1011101110101111111101100100101010100000000000000000000000000000000010
1010110100111100100110011011001000000000000000000000000000000000000010
1010101101111100011111010111110101000000000000000000000000000000000010
1010110111010001100100110011101000100000000000000000000000000000000010
1011101001100101101110110011000110000000000000000000000000000000000010
1010000101000000110011111000001001100000000000000000000000000000000010
1010001100111101100001100000110101000000000000000000000000000000000010
1011110001000000001001001011001011100000000000000000000000000000000010
1010000100101100110100110000100010100000000000000000000000000000000010
1011000110100000111001000010111010000000000000000000000000000000000010
1010010011010011101010001100100000100000000000000000000000000000000010
1011000111101001100111111000001010100000000000000000000000000000000010
1011101101000011001011010011001010000000000000000000000000000000000010
1010010101010100111011100100101011100000000000000000000000000000000010
1010110001001001001010011010001110100000000000000000000000000000000010
1010001110010001110011111011010001000000000000000000000000000000000010
1011111001010000010111010100010001100000000000000000000000000000000010
1011111011010000110111110001101110000000000000000000000000000000000010
1011000101010011010001011110111010100000000000000000000000000000000010
1010000010011011001011011111011001000000000000000000000000000000000010
1010101110111111101111101000010011100000000000000000000000000000000010
1010111001001011101111010001000001100000000000000000000000000000000010
1011111111010000110111111110011111000000000000000000000000000000000010
1010101100110111100101111111011000000000000000000000000000000000000010
1010110111101010000100110000110111000000000000000000000000000000000010
1011010001101111010010101100010010100000000000000000000000000000000010
1010110101101000110001110110111111000000000000000000000000000000000010
1011100100001001111000011110111001100000000000000000000000000000000010
1011100011010011010111101110011100100000000000000000000000000000000010
1010111000111110000001110110100001000000000000000000000000000000000010
1011110001101001001101111011001110000000000000000000000000000000000010
1010100010100011001001100100100000100000000000000000000000000000000010
1011011111001000010001000101011100000000000000000000000000000000000010
1010011001111100111000011110111111100000000000000000000000000000000010
1010101010101000010001101011111100000000000000000000000000000000000010
1010001011000010110100110111000011000000000000000000000000000000000010
1011001111011101110011011111010010000000000000000000000000000000000010
1010111010101010011011010100100001100000000000000000000000000000000010
1011101010010111010010100101001110000000000000000000000000000000000010
1010010111111011001101101000010101100000000000000000000000000000000010
1010110011011100001111110011111001100000000000000000000000000000000010
1011100101010100001010000010111111000000000000000000000000000000000010
1010111000100001100110001000011011100000000000000000000000000000000010
1010010111000000111000000011000101100000000000000000000000000000000010
1011000011111110001000001111100110000000000000000000000000000000000010
1010001100001100110010011011010111100000000000000000000000000000000010
1010001111010011001000000100011100000000000000000000000000000000000010
1010101011011000110100000111110101100000000000000000000000000000000010
1011111111110000110011001000110011000000000000000000000000000000000010
1011001001110001101110000111010010100000000000000000000000000000000010
1010110000000001101111111100111111100000000000000000000000000000000010
1010101100000100110000111010011101100000000000000000000000000000000010
1011111100111100111100111010101111000000000000000000000000000000000010
1010111001010001011011101011000011100000000000000000000000000000000010
1010011000111011100100011010011111100000000000000000000000000000000010
1011101011100011100010010100111100000000000000000000000000000000000010
1010001000111101110100010000100100100000000000000000000000000000000010
1011100010100010000101110010101011100000000000000000000000000000000010
1011101011110010010001101011010101000000000000000000000000000000000010
1011011101100110111101100110111010100000000000000000000000000000000010
1011111010110001010000111001010101100000000000000000000000000000000010
1010110000101010010110011000110001000000000000000000000000000000000010
1010101110111100101011111111011000100000000000000000000000000000000010
1011000011100001110110010001011100100000000000000000000000000000000010
1010110110101101000001011110011111100000000000000000000000000000000010
1011100010011110110111011010111110100000000000000000000000000000000010
1010011110111101010011110111111111100000000000000000000000000000000010
1011000100111100010111001111010100000000000000000000000000000000000010
1010111101000101000110100000101101100000000000000000000000000000000010
1011100101101010001110001100101110000000000000000000000000000000000010
1010000011111100101011011100101110100000000000000000000000000000000010
1011111110110000001001111110101110100000000000000000000000000000000010
1011101011010111111010100010110101000000000000000000000000000000000010
1011011111000011000011100011000111100000000000000000000000000000000010
1010101101000110101101110010110011100000000000000000000000000000000010
1010001001110100000110010011111111000000000000000000000000000000000010
1010101001111001100001010000001001100000000000000000000000000000000010
1011011011000010100100011001111000100000000000000000000000000000000010
1010010001001111111101111111111101000000000000000000000000000000000010
1010001011010001100000011010101111000000000000000000000000000000000010
1011000000100001111011000001011100000000000000000000000000000000000010
1011000010010011011110001000110000000000000000000000000000000000000010
1011001010000000101110001010000000100000000000000000000000000000000010
1011100111000111101010000110000000100000000000000000000000000000000010
1011011010000001000101000100001000000000000000000000000000000000000010
1010101100110101001000000101011011000000000000000000000000000000000010
1011001001100000001010001101001110000000000000000000000000000000000010
1011100100010001111000100100110001100000000000000000000000000000000010
1011011110000001000010101001001000100000000000000000000000000000000010
1010001011100001001000100011001001000000000000000000000000000000000010
1010111001101001000110000010101100100000000000000000000000000000000010
1011000010101011001110001011011000000000000000000000000000000000000010
1010110110111000001001111010000010000000000000000000000000000000000010
1010100101100100101011000011110000000000000000000000000000000000000010
1011100111101011011001001110011101000000000000000000000000000000000010
1011001011111010110010101011001100000000000000000000000000000000000010
1010111101001011001101100001011010000000000000000000000000000000000010
1011111011100011010010110110110001000000000000000000000000000000000010
1011001101011101010001000110100101000000000000000000000000000000000010
1011110001011011001001100101101000000000000000000000000000000000000010
1011110011100101110011011010001010000000000000000000000000000000000010
1010100000101000000001101100111110000000000000000000000000000000000010
1010100000110011010001100001111001000000000000000000000000000000000010
1010111001101100110100010100101110000000000000000000000000000000000010
1010111011011100000011011001001110100000000000000000000000000000000010
1010000011101010010110011001110110000000000000000000000000000000000010
1010011100110011100100101000000001100000000000000000000000000000000010
1011101001001010101000111011011110000000000000000000000000000000000010
1011010010101001010011101100001011100000000000000000000000000000000010
1010010101010000010011111010111100000000000000000000000000000000000010
1011000111010011011001100101000001100000000000000000000000000000000010
1010111101101101000110100111001110000000000000000000000000000000000010
1010000000100111010111100010000010000000000000000000000000000000000010
1010011101001101111011101011111001100000000000000000000000000000000010
1011010010101011011101000011101100100000000000000000000000000000000010
1010111000011001010100011000001011000000000000000000000000000000000010
1011011111011010111101101010001000000000000000000000000000000000000010
1011011110100101010001001110111010100000000000000000000000000000000010
1011101010100011101100000011111100100000000000000000000000000000000010
1010100010000010111110001000101001100000000000000000000000000000000010
1010101111010110101101011100000111100000000000000000000000000000000010
1011000010110000000010101110001010000000000000000000000000000000000010
1011111001001111011100011101100111000000000000000000000000000000000010
1010000001110000011011101100011010000000000000000000000000000000000010
1011111111101000010011010010110100000000000000000000000000000000000010
1011011111010111101101010100001100000000000000000000000000000000000010
1011010110100010010001000110010011000000000000000000000000000000000010
1011010100101101111011011100101110000000000000000000000000000000000010
1011100011110001010011010000100110100000000000000000000000000000000010
1011010110010011101100001000000110000000000000000000000000000000000010
1010110001100000101011011011111011100000000000000000000000000000000010
1010011000011000000111101101011010100000000000000000000000000000000010
1011011111111110111101100001100100000000000000000000000000000000000010
1010010011010110111001111010001111100000000000000000000000000000000010
1011100010101010100101000010101010100000000000000000000000000000000010
1010111000011101110011001010010010000000000000000000000000000000000010
1011010111010010101100010111111101000000000000000000000000000000000010
1011111010000110111000111100111100000000000000000000000000000000000010
1010000101011000001000111100111000100000000000000000000000000000000010
1010101011011100010111101001000110000000000000000000000000000000000010
1010001000000101100111111011100101100000000000000000000000000000000010
1010011010100100101011001100011010000000000000000000000000000000000010
1010110101000010011100101010101100000000000000000000000000000000000010
1010011110001100111011101010100001000000000000000000000000000000000010
1010111111101011111110001110110011100000000000000000000000000000000010
1011111010111000110100110101100001000000000000000000000000000000000010
1010000000001101000010100101101111000000000000000000000000000000000010
1010001100110001011000110110000111000000000000000000000000000000000010
1010100010110011010000101011100010100000000000000000000000000000000010
1010100100011010110110101110101001000000000000000000000000000000000010
1011010101100101111011011001100110000000000000000000000000000000000010
1010000000101011011111100101101110100000000000000000000000000000000010
1010001100110001001001100111100001100000000000000000000000000000000010
1010111110000110000010001110011100100000000000000000000000000000000010
1010101001110111110000110010100010000000000000000000000000000000000010
1010001011101010100111011010101100000000000000000000000000000000000010
1011100110001110011011000111011111100000000000000000000000000000000010
1010000110011010000101101100001101000000000000000000000000000000000010
1011000000100101101011111111011101000000000000000000000000000000000010
1010011111101110110110110010000000000000000000000000000000000000000010
1010010011110000011110010011000100100000000000000000000000000000000010
1011000110011110000110101101111100000000000000000000000000000000000010
1010010000001011101111001110111010100000000000000000000000000000000010
1011000110101101100010001110010001000000000000000000000000000000000010
1010100010011100101001110000000010100000000000000000000000000000000010
1010110010010011010111010110010011000000000000000000000000000000000010
1011011110011001010101000000001111100000000000000000000000000000000010
1010111001110101011001010100010111100000000000000000000000000000000010
1011000000101001100101110110111111000000000000000000000000000000000010
1011100010111101010000010100111000100000000000000000000000000000000010
1010111000110111010111110010010111100000000000000000000000000000000010
1010111111101010110111011000000000000000000000000000000000000000000010
1011001000101110010011111011101010100000000000000000000000000000000010
1010001000100110111000011110011010100000000000000000000000000000000010
1011001100100111100100110010000111100000000000000000000000000000000010
1010010101000110010110111010111001000000000000000000000000000000000010
1011010010000010011011100011010100000000000000000000000000000000000010
1010010110001001110001110111100110100000000000000000000000000000000010
1011100110110000000100100000101110000000000000000000000000000000000010
1010001000000100101011111110110011100000000000000000000000000000000010
1010100101000001101111000000010011000000000000000000000000000000000010
1010110000011100000001001001001010100000000000000000000000000000000010
1011011011111101010101000011111011000000000000000000000000000000000010
1011100100110111111001001101110011100000000000000000000000000000000010
1011000000100101011111000110110101100000000000000000000000000000000010
1011100111001001111010001000100111100000000000000000000000000000000010
1010111010101001010111110111110011100000000000000000000000000000000010
1010110111100001111011101001111010000000000000000000000000000000000010
1010011010001000001100010011111011000000000000000000000000000000000010
1010001101000011011011100010010100000000000000000000000000000000000010
1011100010111000110101111111100011100000000000000000000000000000000010
1011101011100100010101010000100101100000000000000000000000000000000010
1010011100000100101000000001000001000000000000000000000000000000000010
1010110010100011100100111010010110100000000000000000000000000000000010
1011000110101001111010101000101101000000000000000000000000000000000010
1011101011101101001001111011000110000000000000000000000000000000000010
1010001100010100111000010000110101100000000000000000000000000000000010
1011000111110011000001111010011001100000000000000000000000000000000010
1010111011010110110000111001011111100000000000000000000000000000000010
1010000111110110001100001100111010100000000000000000000000000000000010
1010100011000100000001110001101000100000000000000000000000000000000010
1010001101010010101111010001101011000000000000000000000000000000000010
1010000001010011100000011101000111100000000000000000000000000000000010
1010001100010001110110101101111000000000000000000000000000000000000010
1010001111010000010101010110100101100000000000000000000000000000000010
1011010001000011101110101010000111100000000000000000000000000000000010
1010000100010001000111101101010111000000000000000000000000000000000010
1010011110001110110111100010010101100000000000000000000000000000000010
1011001010111110101001100010011000100000000000000000000000000000000010
1011100000011000001111110000011001100000000000000000000000000000000010
1011000011110101111001000110111000000000000000000000000000000000000010
1010000101111000001101011011010101000000000000000000000000000000000010
1011001100011111101110001011011101100000000000000000000000000000000010
1011100100111011101011110100000010000000000000000000000000000000000010
1011000000111100001110010000010000000000000000000000000000000000000010
1010111101101100110001011011110001000000000000000000000000000000000010
1010011000010111000100000111110100100000000000000000000000000000000010
1010000001100100000100001000111011100000000000000000000000000000000010
1010000000001100101111110111011111100000000000000000000000000000000010
1011010010100101110110111110111000000000000000000000000000000000000010
1010010111001111011001110101000110100000000000000000000000000000000010
1010110110010111100001010011101110000000000000000000000000000000000010
1010010100111001100001001011010011100000000000000000000000000000000010
1011100110100000001001001110011000100000000000000000000000000000000010
1011000111100100011001110010001000100000000000000000000000000000000010
1010100110100000000000011111110001000000000000000000000000000000000010
1010010001100101111000111101010101100000000000000000000000000000000010
1011000000001110111000111110001101000000000000000000000000000000000010
1011000100000010111000111001101010100000000000000000000000000000000010
1011100100000010110101110000101101100000000000000000000000000000000010
1010011011110001111000110001001010000000000000000000000000000000000010
1010011000000010110101101000000101100000000000000000000000000000000010
1011110001000110000011110011111110000000000000000000000000000000000010
1011000010010110111101111010010111000000000000000000000000000000000010
1011011001010010001000011010111110000000000000000000000000000000000010
1011110000111010110010001010101001100000000000000000000000000000000010
1010111001000100100100101100101100100000000000000000000000000000000010
1011010111001100001110011111100111000000000000000000000000000000000010
1011001100111010011010100111010111000000000000000000000000000000000010
1010011111100101111011000011001011000000000000000000000000000000000010
1011100011110001010101101100001001100000000000000000000000000000000010
1010101001000000100011101011100010000000000000000000000000000000000010
1011111001110010011011101000011101100000000000000000000000000000000010
1010101011110110011000001011100101100000000000000000000000000000000010
1011100101111101110001011110110001000000000000000000000000000000000010
1010111110000010010100010111001111000000000000000000000000000000000010
1010001001111010101010100111111001000000000000000000000000000000000010
1011100011011101010100110100110101000000000000000000000000000000000010
1010100111111100101011011110000111100000000000000000000000000000000010
1010110101001100010011110100001000000000000000000000000000000000000010
1010111101101100100011101110100110000000000000000000000000000000000010
1011001000011101001101001000010101100000000000000000000000000000000010
1010001000110001000001101011011101000000000000000000000000000000000010
1011110100000001011000011110011010000000000000000000000000000000000010
1010111100010001111101101101101011000000000000000000000000000000000010
1010000010111101111110010111110100000000000000000000000000000000000010
1010100011100110001000011011111101000000000000000000000000000000000010
1011010100110010010010000010111001000000000000000000000000000000000010
1011101101110110010111001100010001100000000000000000000000000000000010
1011001101001100010010010100000001000000000000000000000000000000000010
1010101011000101000011111100010100100000000000000000000000000000000010
1011000000010011101100000011111110000000000000000000000000000000000010
1010010000011100110111111001011011100000000000000000000000000000000010
1010100000010011111000010001101111000000000000000000000000000000000010
1011011001101110110000000110010001000000000000000000000000000000000010
1010100110110000101011110110010000100000000000000000000000000000000010
1011110001011100110111000101000101000000000000000000000000000000000010
1010110011111101000011100111010100100000000000000000000000000000000010
1010101101001010101001000101111111000000000000000000000000000000000010
1011010111111000001101101111011010000000000000000000000000000000000010
1010011100000111011111101100010101100000000000000000000000000000000010
1011001001000101110001110001110111100000000000000000000000000000000010
1010001001001100101010010001001100100000000000000000000000000000000010
1010010110010100010010001011111100100000000000000000000000000000000010
1010101101010110001101110001010010100000000000000000000000000000000010
1011011101011011101011000110111111100000000000000000000000000000000010
1010110101100010111010000101000111000000000000000000000000000000000010
1010100111001100000111000000101001100000000000000000000000000000000010
1010100011001011100010101101101101100000000000000000000000000000000010
1010100101111110011001011111000010100000000000000000000000000000000010
1011110111000000111001101101010101100000000000000000000000000000000010
1011001001100001101000110110100111100000000000000000000000000000000010
1010001110001101000101100010101000100000000000000000000000000000000010
1010101000111011101011000110111110100000000000000000000000000000000010
1011001010011000011101111101010101000000000000000000000000000000000010
1011101111100010100111110100010100000000000000000000000000000000000010
1010101010110000010101101100011110100000000000000000000000000000000010
1010101001101111000111100010011110100000000000000000000000000000000010
1010011001100000001111110101011100100000000000000000000000000000000010
1011001000110111000110111101110111000000000000000000000000000000000010
1010110111000011001100000100000111100000000000000000000000000000000010
1011010000110110011100010010000110000000000000000000000000000000000010
1010001011111001101010101101001100100000000000000000000000000000000010
1011100010110111111111010111101001100000000000000000000000000000000010
1011111011011010000000100111010111000000000000000000000000000000000010
1010000011011010110111110011000111100000000000000000000000000000000010
1011101100000000100100101111000111100000000000000000000000000000000010
1010111010101010110001110000100111100000000000000000000000000000000010
1010011100001011100110110101111001000000000000000000000000000000000010
1010010011110010011101011101100100100000000000000000000000000000000010
1010001110011001010001101101000010100000000000000000000000000000000010
1011101011010000110110111100111011000000000000000000000000000000000010
1011100110111000100001101001100001000000000000000000000000000000000010
1010011011101000001100011100011001100000000000000000000000000000000010
1011100110101110010111010111000101100000000000000000000000000000000010
1011001000110100100011111011011111000000000000000000000000000000000010
1011010010100000010100010010101110000000000000000000000000000000000010
1010101110011110000000100110001011000000000000000000000000000000000010
1011001000011010100110101111101010100000000000000000000000000000000010
1011011101101100110101101011001001000000000000000000000000000000000010
1011001011000011000110110000100101000000000000000000000000000000000010
1010001001011000100010101010111011000000000000000000000000000000000010
1011001000010010011000111110100101000000000000000000000000000000000010
1010011000001111101100101101110111100000000000000000000000000000000010
1011000011111000000011100100101110000000000000000000000000000000000010
1011011110011000110111001100100110000000000000000000000000000000000010
1011001100110111111000010110011011000000000000000000000000000000000010
1011101011011110100001001011011111000000000000000000000000000000000010
1010001110111001000101110000011000100000000000000000000000000000000010
1011111110100000101100110000110110000000000000000000000000000000000010
1010001100110010100101111100010010000000000000000000000000000000000010
1010101111110101100001101010010010100000000000000000000000000000000010
1010101010111110101111100000010001000000000000000000000000000000000010
1011001011110001100110110001001010000000000000000000000000000000000010
1010010100011100100001100100111001100000000000000000000000000000000010
1010010111100101111011001110010011100000000000000000000000000000000010
1011000010101010110111110001000111100000000000000000000000000000000010
1011000011110101001010111001100000100000000000000000000000000000000010
1011000100010000110000100000111110100000000000000000000000000000000010
1011111101111111100011101110101000000000000000000000000000000000000010
1010110000010000110001100000100110000000000000000000000000000000000010
1010000001011011001110101110101110100000000000000000000000000000000010
1010011111001110100010000110100011000000000000000000000000000000000010
1011101010100000100001100010011000000000000000000000000000000000000010
1011100000010100000001001000101101100000000000000000000000000000000010
1010100100101111001110100011001011000000000000000000000000000000000010
1010100010010101100101011110010101100000000000000000000000000000000010
1011101101011111101111111001011001000000000000000000000000000000000010
1011010000011000000100101011101010000000000000000000000000000000000010
1010110001110100001100001100111011000000000000000000000000000000000010
1010010111010010001000010001110100000000000000000000000000000000000010
1011100001010001101001011011110000100000000000000000000000000000000010
1010101011000110100100101100001100000000000000000000000000000000000010
1010110100011111111100101111100000000000000000000000000000000000000010
1010011011101000111111010111010111100000000000000000000000000000000010
1010111101100101001101100010011100000000000000000000000000000000000010
1010000111100100111000010110011011000000000000000000000000000000000010
1011110110101111111111110110100101000000000000000000000000000000000010
1011110111000100111011011100001001100000000000000000000000000000000010
1010100110010001000111100100011110000000000000000000000000000000000010
1010011001010011011100001110111000000000000000000000000000000000000010
1010010101101011001011001100100101000000000000000000000000000000000010
1010010101111100110000010111001110100000000000000000000000000000000010
1011110000010111100001011010010001100000000000000000000000000000000010
1010100011101001111100010110110110000000000000000000000000000000000010
1011111010000111111000011111001111000000000000000000000000000000000010
1011011100000110001100000111100110000000000000000000000000000000000010
1011011001110111100101110101011100100000000000000000000000000000000010
1010100111100101000110010000000000000000000000000000000000000000000010
1011011110100100110111100100011001100000000000000000000000000000000010
1010100000010011011011010010001110100000000000000000000000000000000010
1011010100110101111100010101001101000000000000000000000000000000000010
1011000100010100110111001010101101100000000000000000000000000000000010
1010100110010110100011101010100001000000000000000000000000000000000010
1011010110000010000011101011110111100000000000000000000000000000000010
1011101001001000101101001111110000100000000000000000000000000000000010
1011011001111100100010100110110011000000000000000000000000000000000010
1010000111110110100111110101101011100000000000000000000000000000000010
1010100100000101010010100100110110100000000000000000000000000000000010
1011100001010101001001101010011000100000000000000000000000000000000010
1010011111110100001000101110100000100000000000000000000000000000000010
1010100001001010000111010100110110000000000000000000000000000000000010
1010111000110110110010100011111000000000000000000000000000000000000010
1010100000010101101001110001000010100000000000000000000000000000000010
1010110010100001011000101000000001100000000000000000000000000000000010
1011101111000110100001010100010001000000000000000000000000000000000010
1010001110111010101111111110011111100000000000000000000000000000000010
1010010010010110110011111100110110000000000000000000000000000000000010
1011110110101001000010100100101011100000000000000000000000000000000010
1011000101011011100011110011111001000000000000000000000000000000000010
1011001010111110100101100011111001100000000000000000000000000000000010
1010001111011101110011000111110010000000000000000000000000000000000010
1011111010001010100001011010011111100000000000000000000000000000000010
1010101100010011001011100011010100000000000000000000000000000000000010
1010101011101101001101110111011100100000000000000000000000000000000010
1011110101101011011100101100101001000000000000000000000000000000000010
1011001011010001111001101111111000000000000000000000000000000000000010
1010100101010001011100010011101101100000000000000000000000000000000010
1011001011101011011011101011011110000000000000000000000000000000000010
1011010101010000000101001000111101100000000000000000000000000000000010
1011000011000001101011011110110011000000000000000000000000000000000010
1011101011101101011000000010000111000000000000000000000000000000000010
1010100011000001001011100001100110100000000000000000000000000000000010
1010001110100100000001100000111000100000000000000000000000000000000010
1010001010001101010001100111111101000000000000000000000000000000000010
1010011101000111001001001010001111100000000000000000000000000000000010
1011000011000001001001110111011100100000000000000000000000000000000010
1011111010111010000111001100100100100000000000000000000000000000000010
1011001100001100110110000100000001000000000000000000000000000000000010
1011011111001100111011001001011111100000000000000000000000000000000010
1010100011000010101011010110010101000000000000000000000000000000000010
1010010011010010101000111001100101000000000000000000000000000000000010
1011001101110010001110010000000100100000000000000000000000000000000010
1010001110101001001000101001100010100000000000000000000000000000000010
1010101000101010011111001011011010000000000000000000000000000000000010
1010110011111011101000110011010110000000000000000000000000000000000010
1010101111001000111001111010110010100000000000000000000000000000000010
1010110110001001011010101100100000000000000000000000000000000000000010
1010101110101000000011011110101010000000000000000000000000000000000010
1011110010000010010101101111010111000000000000000000000000000000000010
1010110111011100001001011111010110000000000000000000000000000000000010
1010000011110011001010100011110011000000000000000000000000000000000010
1010000010010000000011101101110101000000000000000000000000000000000010
1011010010000110111001001001001000000000000000000000000000000000000010
1011100111001110111111100100110010100000000000000000000000000000000010
1011100001000001001010110001000011000000000000000000000000000000000010
1011100110001010111111011010111000100000000000000000000000000000000010
1011011110011111111110001001101111000000000000000000000000000000000010
1011100001100001111111001010110110100000000000000000000000000000000010
1011011001010101111011001100101110000000000000000000000000000000000010
1010110011001011111011100110001010100000000000000000000000000000000010
1010001100011010010111001001001111100000000000000000000000000000000010
1011001101110011110001100111011010000000000000000000000000000000000010
1010010111011111010011010110001011000000000000000000000000000000000010
1010010111000111001001110110100010000000000000000000000000000000000010
1011110111110101110001000011000011100000000000000000000000000000000010
1011000111101110111000100110111110100000000000000000000000000000000010
1011100100110101110001001101101100000000000000000000000000000000000010
1010010110110101000110101011111110100000000000000000000000000000000010
1010100100100001111010001010011010000000000000000000000000000000000010
1010101100110000111101010001111111100000000000000000000000000000000010
1010101100111000010100110101010100000000000000000000000000000000000010
1011011111001110101100110010110111100000000000000000000000000000000010
1010011100000111011011010011101010100000000000000000000000000000000010
1011101001101100100100101101001011000000000000000000000000000000000010
1010111110110001100000110101100100100000000000000000000000000000000010
1010100100000101101110101000011100000000000000000000000000000000000010
1011000010110000011111011000111001000000000000000000000000000000000010
1010001001000001111101111100011011100000000000000000000000000000000010
1010011100011100011111010111111001100000000000000000000000000000000010
1010001000000101011100110100001110100000000000000000000000000000000010
1011000110010101101000110100001111000000000000000000000000000000000010
1011101110100000010101110101011010100000000000000000000000000000000010
1010011000101100100011110000110100100000000000000000000000000000000010
1011011010101110101100011010001110100000000000000000000000000000000010
1011011100100010110010010101100011000000000000000000000000000000000010
1011100111011101000100101011011110100000000000000000000000000000000010
1011001001100001100100110101101100000000000000000000000000000000000010
1011101110111111100001011111011000100000000000000000000000000000000010
1010011011100100110101100000110010100000000000000000000000000000000010
1011100100001111010001011011111110000000000000000000000000000000000010
1011001011010100010100110101111001000000000000000000000000000000000010
1011110000111011011001001001001101000000000000000000000000000000000010
1010001101001010101101111111010110100000000000000000000000000000000010
1010111000111101100110010011110011000000000000000000000000000000000010
1010011000101100111111110011010010100000000000000000000000000000000010
1011010000000100000001110100001011100000000000000000000000000000000010
1011100110100110101000100011101001100000000000000000000000000000000010
1010110001010100111111000111100001100000000000000000000000000000000010
1010011101001000111101011000010011000000000000000000000000000000000010
1011101110100110100001010111101100100000000000000000000000000000000010
1010001111111101010011110001111011100000000000000000000000000000000010
1011111010000101111100100000011000100000000000000000000000000000000010
1011011010000110011101110001100101000000000000000000000000000000000010
1011100010001011110101101101101111100000000000000000000000000000000010
1010010101101101011110001001011100000000000000000000000000000000000010
1011101011111100111000110100010110000000000000000000000000000000000010
1011100110010001011100011101000001100000000000000000000000000000000010
1010010010000100011111011111100110000000000000000000000000000000000010
1010011010001101011011100111001110000000000000000000000000000000000010
1010101100000001000010111101011100100000000000000000000000000000000010
1010111011010001001101000110110011100000000000000000000000000000000010
1011000011110011100101011110000111100000000000000000000000000000000010
1010001011100100001010001100001001100000000000000000000000000000000010
1011110111110101100000001111001001100000000000000000000000000000000010
1010010110001111011111000000110111000000000000000000000000000000000010
1011011111111000011101110100111001100000000000000000000000000000000010
1010100111100001110010010100000111000000000000000000000000000000000010
1011011001101010100010111100011101000000000000000000000000000000000010
1011101111111101010100000010000000100000000000000000000000000000000010
1011000110111101110110111100011001100000000000000000000000000000000010
1010101011000001100011011000101101000000000000000000000000000000000010
1011001010011011101001100111010011100000000000000000000000000000000010
1011100110100110101110101100101011100000000000000000000000000000000010
1010011101111100100001110010100010000000000000000000000000000000000010
1010000101100110011010001011000101000000000000000000000000000000000010
1010111001011111111101110111011001100000000000000000000000000000000010
1010101100010100111000111001011110000000000000000000000000000000000010
1010010000111000001000110011101110100000000000000000000000000000000010
1011101111010101111100101000000100000000000000000000000000000000000010
1010011000011000100011110101011001000000000000000000000000000000000010
1010001101000110110011010110001101100000000000000000000000000000000010
1010111101101101101110111001011001100000000000000000000000000000000010
1010010110010111011010010100100001000000000000000000000000000000000010
1010101111001010100010101001001100000000000000000000000000000000000010
1010010100100100010010000001000011000000000000000000000000000000000010
1010100100001111100101110001010110000000000000000000000000000000000010
1011001011110001001101101101111011100000000000000000000000000000000010
1011101001000101001010111100011110100000000000000000000000000000000010
1010110001101000110010010100010111100000000000000000000000000000000010
1010101101010101000111000111100100100000000000000000000000000000000010
1010110000110000000101000100000111000000000000000000000000000000000010
1010101101001101111101101010001001100000000000000000000000000000000010
1011010010000111000011110010001010100000000000000000000000000000000010
1010010010001100101100000001010100100000000000000000000000000000000010
1010001100101110100100000000100100100000000000000000000000000000000010
1010010110110010000001101010010001000000000000000000000000000000000010
1010011001010111010101010100000010000000000000000000000000000000000010
1010101010000001011101100011011100100000000000000000000000000000000010
1010110110000110100101000111100001100000000000000000000000000000000010
1010001010010001110111111011101000100000000000000000000000000000000010
1011011000101111111101001111000111100000000000000000000000000000000010
1010111110000010110000010001011011100000000000000000000000000000000010
1011110010001111100111001100000111000000000000000000000000000000000010
1010011001101101010000000010000010100000000000000000000000000000000010
1011010100001010000010111111101111000000000000000000000000000000000010
1010101101100111110001110111011010000000000000000000000000000000000010
1010110011101001100111110101111111100000000000000000000000000000000010
1010011100100101100111010111110011100000000000000000000000000000000010
1011001100010000000011000100010100000000000000000000000000000000000010
1011100111101101111001010100100010100000000000000000000000000000000010
1010001010011110111111110100011101000000000000000000000000000000000010
1010110010101101101011111011000001000000000000000000000000000000000010
1010111100111111001101011011100000100000000000000000000000000000000010
1010000001111010011011110111010100000000000000000000000000000000000010
1010011001100101100000111111100110000000000000000000000000000000000010
1010011100110100001111100001100010000000000000000000000000000000000010
1011100111101001010110010111101010000000000000000000000000000000000010
1011001110001011111010111101111110000000000000000000000000000000000010
1010011100110101000000111100111101100000000000000000000000000000000010
1011111111000100111111000101111100000000000000000000000000000000000010
1011101110010001000101111100100100000000000000000000000000000000000010
1011001010100110001101111100010111100000000000000000000000000000000010
1011100111111111101000111010110111000000000000000000000000000000000010
1010110110001011010101111100000110100000000000000000000000000000000010
1011100011110100010000110000101001000000000000000000000000000000000010
1011100111100101111010011001111101000000000000000000000000000000000010
1010010010001100101010111011100111000000000000000000000000000000000010
1011101111100011100100001010101001100000000000000000000000000000000010
1011110010010010010101001001111110000000000000000000000000000000000010
1010111100000011001010001011011000000000000000000000000000000000000010
1011100011010101101110111001101111000000000000000000000000000000000010
1011001100001110111100110110111101000000000000000000000000000000000010
1010001011001001000001101010111000000000000000000000000000000000000010
1010011111011111101100111101110001000000000000000000000000000000000010
1010010100111010111010111000100000100000000000000000000000000000000010
1011100110001001111110010011110011000000000000000000000000000000000010
1011000101100101000000110110110100000000000000000000000000000000000010
1010010101111101010101111010010000100000000000000000000000000000000010
1011010011101000010110111010111101100000000000000000000000000000000010
1010100110110011111100001100010101000000000000000000000000000000000010
1010101100101000010010110110010000000000000000000000000000000000000010
1010000101001011000001011010100010100000000000000000000000000000000010
1010001000111010111111010001011001100000000000000000000000000000000010
1010101011101100100001011000010011000000000000000000000000000000000010
1010110100011110110100011001111100000000000000000000000000000000000010
1011100001100001000001111000000010000000000000000000000000000000000010
1011000100111001110001100010011111000000000000000000000000000000000010
1011110010101001110000111001100001100000000000000000000000000000000010
1010101001011000111110100001011100100000000000000000000000000000000010
1011011100101011101101011111001011100000000000000000000000000000000010
1010100100010011100110100010001011100000000000000000000000000000000010
1010100010000111100011111010000101100000000000000000000000000000000010
1010100010011001000111100111110101100000000000000000000000000000000010
1011101101000000110011111011001101000000000000000000000000000000000010
1011100100100110110011011110110101000000000000000000000000000000000010
1011000001111010011101101010011111100000000000000000000000000000000010
1010110100010000100111110001110100100000000000000000000000000000000010
1010001110110001001110110100011111100000000000000000000000000000000010
1011101000001110110101100011110000000000000000000000000000000000000010
1010101000111101110001111000011011100000000000000000000000000000000010
1011100011010000110001110101000111100000000000000000000000000000000010
1010011110010101110111100111011011100000000000000000000000000000000010
1010110001000001011001010011110000000000000000000000000000000000000010
1011001100010000010000111110111111000000000000000000000000000000000010
1010010111110110110110001010110110000000000000000000000000000000000010
1010000100011011100011110111011110000000000000000000000000000000000010
1011001011100011001100011000011001000000000000000000000000000000000010
1010101001111111000000110010111111100000000000000000000000000000000010
1011100110001100110001001010111000000000000000000000000000000000000010
1010010000111100100110110111101110100000000000000000000000000000000010
1011110011010000101011001011100010100000000000000000000000000000000010
1010111001010101010010101111101010100000000000000000000000000000000010
1011000110111111001000011001100101100000000000000000000000000000000010
1010110000001100101111010111111111100000000000000000000000000000000010
1010011111001000110110101011101011100000000000000000000000000000000010
1011010010001000010111100111110101000000000000000000000000000000000010
1011000010001001101100001101110110100000000000000000000000000000000010
1011111001111101101111100001100011100000000000000000000000000000000010
1011101001011010001010001011111010100000000000000000000000000000000010
1011101011101100100010011100010100100000000000000000000000000000000010
1010100010110100110000100010110000100000000000000000000000000000000010
1011010101110101100101111001110101100000000000000000000000000000000010
1011101000001010010001110100100011000000000000000000000000000000000010
1010100111100011100111000101011111100000000000000000000000000000000010
1010100000011101110000100001110111000000000000000000000000000000000010
1010001001101100010010100000101110100000000000000000000000000000000010
1011101011001010010000101111111001000000000000000000000000000000000010
1010011111100110101110110111011000100000000000000000000000000000000010
1011100000111111011010111000110110000000000000000000000000000000000010
1010111111100011001000100101001100000000000000000000000000000000000010
1011101010000111100010100011100001100000000000000000000000000000000010
1011100011100100111111001111111110000000000000000000000000000000000010
1010100000110111010110110001110101000000000000000000000000000000000010
1011100011001111111110111100010101000000000000000000000000000000000010
1011100111101000000010000001001010000000000000000000000000000000000010
1011100010110111100001001011011111000000000000000000000000000000000010
1010010101010011010010100100010101000000000000000000000000000000000010
1010001110010110110010010001010010000000000000000000000000000000000010
1010101111101011110001101110000100000000000000000000000000000000000010
1010100010110110111011110101110011000000000000000000000000000000000010
1010010100111101001111111110011110100000000000000000000000000000000010
1010001011111000000011110001011110000000000000000000000000000000000010
1010101001010111111101000110011011000000000000000000000000000000000010
1010011011111110101001000001011011100000000000000000000000000000000010
1010000100111010101011101001110100100000000000000000000000000000000010
1011011111110000000111010101001110000000000000000000000000000000000010
1010000110000100101001101111110100100000000000000000000000000000000010
1010100001100000110000001001110110100000000000000000000000000000000010
1010001101101101010101110000010101000000000000000000000000000000000010
1011110001110110101101010011011110000000000000000000000000000000000010
1011000110011101001010001110100100100000000000000000000000000000000010
1011100001111001110100001001110111000000000000000000000000000000000010
1010000101011111010111100010110110000000000000000000000000000000000010
1010110001100001101101001111100000000000000000000000000000000000000010
1011000110000001111011111110001010100000000000000000000000000000000010
1011110010010110011010011101110000000000000000000000000000000000000010
1010110100010000100101100000100111000000000000000000000000000000000010
1011010100011110001111000010100100000000000000000000000000000000000010
1011010011000001111001100010001001000000000000000000000000000000000010
1010111001000100111010001100111111000000000000000000000000000000000010
1011110011110101100010010001110111100000000000000000000000000000000010
1011101100011011111100111000101101000000000000000000000000000000000010
1010100010000000000001100110010110100000000000000000000000000000000010
1010111011001110011010011010111111100000000000000000000000000000000010
1010010010110101111011001001110111000000000000000000000000000000000010
1010101111011000011101010111011001100000000000000000000000000000000010
1010110111011110000110010110010111100000000000000000000000000000000010
1011111100001011011011000010011101100000000000000000000000000000000010
1010110001011010010010010100011110100000000000000000000000000000000010
1011000111001001101000100011000101000000000000000000000000000000000010
1010010011000110100101100000110001100000000000000000000000000000000010
1011111101000111011110001010010111100000000000000000000000000000000010
1011001101000100110001001111011011100000000000000000000000000000000010
1011111100001101011110100011101010000000000000000000000000000000000010
1010100110010010000000000011111100100000000000000000000000000000000010
1010100101011001010011100011000001000000000000000000000000000000000010
1011110001001101011100000111010001100000000000000000000000000000000010
1010110100010000010000110000000011100000000000000000000000000000000010
1010010101100110010101010000001001100000000000000000000000000000000010
1011101100000111000100001101100010100000000000000000000000000000000010
1011011101010100101111100011001111000000000000000000000000000000000010
1010010010000111001001010001111101100000000000000000000000000000000010
1011101101111111110011100010001010000000000000000000000000000000000010
1010011111000111110101111110100001100000000000000000000000000000000010
1011101000111001111111110011001101000000000000000000000000000000000010
1010110000010111101011000101111101100000000000000000000000000000000010
1011010110111101111111100100101111000000000000000000000000000000000010
1010001001000111010001010101000101000000000000000000000000000000000010
1010111000010000110101011111001001100000000000000000000000000000000010
1010001011110110110010101100110010000000000000000000000000000000000010
1011010000010110011010110100001111100000000000000000000000000000000010
1011101001010100010111110010111101100000000000000000000000000000000010
1011111010011001110101110010111001000000000000000000000000000000000010
1010011101001110100000111100111001000000000000000000000000000000000010
1011110100000111010111101101110011100000000000000000000000000000000010
1010000001011111001011110100111000000000000000000000000000000000000010
1011111101010111001101100111000111100000000000000000000000000000000010
1011000111100111101110011101011001000000000000000000000000000000000010
1010111011000101010010000001001000000000000000000000000000000000000010
1010011010111101100101100101001000100000000000000000000000000000000010
1010101001110111001001001011000011100000000000000000000000000000000010
1011100111101110001001011110100110100000000000000000000000000000000010
1010011000001000111111111010010100000000000000000000000000000000000010
1011000111010111011001010001010010000000000000000000000000000000000010
1010010010110100101101001100110011000000000000000000000000000000000010
1011111010111110101111001110001110100000000000000000000000000000000010
1010100110001011110011111101111101100000000000000000000000000000000010
1011001000110010100101011011110100000000000000000000000000000000000010
1011100011001010101110101000000111000000000000000000000000000000000010
1010001010001111101011011111110101100000000000000000000000000000000010
1011100110000100010110101101001101100000000000000000000000000000000010
1011011100001101001100101010100011000000000000000000000000000000000010
1011001110101110101011010000101001000000000000000000000000000000000010
1010001110101001100001001010010111100000000000000000000000000000000010
1011100110000011101001010000100110100000000000000000000000000000000010
1010001001100011100001110000111100100000000000000000000000000000000010
1010001110110110110110010001011001000000000000000000000000000000000010
1011011011011000101011110110000111000000000000000000000000000000000010
1010110110111011011010100101001110100000000000000000000000000000000010
1011001101110000000010010010000100100000000000000000000000000000000010
1011011011100111010101100001011001000000000000000000000000000000000010
1010101111000000111111010011011110000000000000000000000000000000000010
1010101000110011001000010100110110000000000000000000000000000000000010
1011001010110101100010011011000000100000000000000000000000000000000010
1011111001111111100000101001010010100000000000000000000000000000000010
1010100111010100010010001110110001100000000000000000000000000000000010
1011001000101000011000110100111111100000000000000000000000000000000010
1011000010101100011011001000000011000000000000000000000000000000000010
1011000001001011110101111011001010100000000000000000000000000000000010
1010001101000110110011100001010001100000000000000000000000000000000010
1010110001101110100011011101010101100000000000000000000000000000000010
1011001010000101101111110110000101000000000000000000000000000000000010
1011110101000111000110101110110000100000000000000000000000000000000010
1011010010000000001000110011001000100000000000000000000000000000000010
1011100001010000111110101101011111100000000000000000000000000000000010
1011101011000000100101001100101101000000000000000000000000000000000010
1011011010100101100101111111010010100000000000000000000000000000000010
1011010000010110100101011111001100000000000000000000000000000000000010
1010100101010101110001011010010111000000000000000000000000000000000010
1011000010101011101110000010100111000000000000000000000000000000000010
1010010011100110010010001110011101100000000000000000000000000000000010
1011011010111110101001011101011001100000000000000000000000000000000010
1010111111101101001100101000011000000000000000000000000000000000000010
1011011100111010010101111011011001000000000000000000000000000000000010
1010110110111100010110111100101001100000000000000000000000000000000010
1011110100011111111101100001001001000000000000000000000000000000000010
1011011110010000011110101000111100100000000000000000000000000000000010
1010010111111000011011011000001100000000000000000000000000000000000010
1011001111101000101101111000101010100000000000000000000000000000000010
1011010101111110111101101001000111100000000000000000000000000000000010
1010011000101001001111101001011101100000000000000000000000000000000010
1011010000101010010010000100010101100000000000000000000000000000000010
1010110000111100101000111111101011100000000000000000000000000000000010
1010110100110001110110000101111100000000000000000000000000000000000010
1010111000101000111101010110010111100000000000000000000000000000000010
1011110101001000000011110010010001100000000000000000000000000000000010
1011010001010110011110101000110001100000000000000000000000000000000010
1010111010011011101010100011111100100000000000000000000000000000000010
1011011111000110011001000011010011000000000000000000000000000000000010
1010010010111111001110010011110110000000000000000000000000000000000010
1010100010000000010000101100011011100000000000000000000000000000000010
1011100011101111110011001100101000100000000000000000000000000000000010
1011101100010100101001011011100110100000000000000000000000000000000010
1010110111001000001001111010000001100000000000000000000000000000000010
1010100000001101001000110101110010100000000000000000000000000000000010
1011111001101110011100100100101110100000000000000000000000000000000010
1010101110010110011110001001001000000000000000000000000000000000000010
1010100101111001101000110011000101000000000000000000000000000000000010
1010111010101110000011010111101011100000000000000000000000000000000010
1011101111010010000010100101010110100000000000000000000000000000000010
1010110101110001001111101111110111000000000000000000000000000000000010
1011111000011101101011000010010011000000000000000000000000000000000010
1010101001010100110010000011111100000000000000000000000000000000000010
1011011101100101000111001100011100100000000000000000000000000000000010
1011001100011100110111110001110100000000000000000000000000000000000010
1011100111000000001011111111111101000000000000000000000000000000000010
1010000100010011101111110100110110000000000000000000000000000000000010
1011101101101101110011110101110011000000000000000000000000000000000010
1011100011100000010100010010111110100000000000000000000000000000000010
1011111110010011110010001111110011100000000000000000000000000000000010
1010001001000100011001010100100110000000000000000000000000000000000010
1011110110011010010110110010010100000000000000000000000000000000000010
1011010100110100101100101000111000100000000000000000000000000000000010
1010111110111000001001010110001011100000000000000000000000000000000010
1010111010011001001010001010001110100000000000000000000000000000000010
