1011011001110110000001000000101010000000000000000000000000000000000010
1010110000110111000001010010101100100000000000000000000000000000000010
1011001010010001110101011111100001000000000000000000000000000000000010
1011010000001110011000001000001010100000000000000000000000000000000010
1010011011000011001100101101110011100000000000000000000000000000000010
1010111100100100110001000000000000100000000000000000000000000000000010
1010010111101010110110011001011011000000000000000000000000000000000010
1010000010111101101111110101011101000000000000000000000000000000000010
1011100101000001110001101011101001000000000000000000000000000000000010
1010000010100110000110111000101100100000000000000000000000000000000010
1011000000110110110101100011011001100000000000000000000000000000000010
1010110000011111111010011001010110000000000000000000000000000000000010
1011101101000010001110101001111000000000000000000000000000000000000010
1011111110111010111100110100010101000000000000000000000000000000000010
1011000100010110110011111100111001100000000000000000000000000000000010
1011100001011010100001011101000101100000000000000000000000000000000010
1010111100001011010011110100011111100000000000000000000000000000000010
1011010101101100111100101011100000000000000000000000000000000000000010
1011001010010111000110000110011100100000000000000000000000000000000010
1010000101011111000001110011101110100000000000000000000000000000000010
1010000100100000001010101000101000000000000000000000000000000000000010
1011110011100100011100100001100011100000000000000000000000000000000010
1011000110100110100100100001111001100000000000000000000000000000000010
1011101010110000100001010011110000100000000000000000000000000000000010
1010111111110001011001010000111101000000000000000000000000000000000010
1011000001110011010010100000000010100000000000000000000000000000000010
1010001100000000010100101001101111000000000000000000000000000000000010
1010001010110001111000101111101010000000000000000000000000000000000010
1010011000110010010011101100010001000000000000000000000000000000000010
1010010010000111100000100010011111000000000000000000000000000000000010
1010010100100100010111101001110011100000000000000000000000000000000010
1011001011001010001000110111000011000000000000000000000000000000000010
1010010110101000000101010001101000000000000000000000000000000000000010
1010011001111101000101001000111010000000000000000000000000000000000010
1011000011101101011000000000111011100000000000000000000000000000000010
1011000011000110011000011011011010100000000000000000000000000000000010
1011000001110111100111000111010010000000000000000000000000000000000010
1010000110010011100101100011011100100000000000000000000000000000000010
1011100101001010111011001000101101100000000000000000000000000000000010
1010111100110011001110110000110111000000000000000000000000000000000010
1010101000000111000001111100010111100000000000000000000000000000000010
1010001010010111100001001010110011100000000000000000000000000000000010
1010100110111101110001011101001011100000000000000000000000000000000010
1010010111100100010110101010101111100000000000000000000000000000000010
1010010101010111111111011110001110000000000000000000000000000000000010
1011110111111011010010100001000101000000000000000000000000000000000010
1010101011100111111011111110110100100000000000000000000000000000000010
1010010110000010110110101010110110000000000000000000000000000000000010
1011111001111111101011000001000000100000000000000000000000000000000010
1010001011110001111011011100011011100000000000000000000000000000000010
1010011110101000111100011000011011100000000000000000000000000000000010
1010100111101101010011010000101100100000000000000000000000000000000010
1010011110100101011101000100111000100000000000000000000000000000000010
1011000001011011011110110011011011100000000000000000000000000000000010
1011100001111011000100011101110010000000000000000000000000000000000010
1010110110101011100111001011011011000000000000000000000000000000000010
1011011000001100010011101000011010000000000000000000000000000000000010
1010100101000001001101011110111101100000000000000000000000000000000010
1010010111110110001010010000000101100000000000000000000000000000000010
1010111010111110001010101110110111100000000000000000000000000000000010
1011101010101010010100000101000011100000000000000000000000000000000010
1010000001000100111011001001010000000000000000000000000000000000000010
1011100001000111000100011011010101000000000000000000000000000000000010
1011001101001110000101010001100010100000000000000000000000000000000010
1010101010000000111000111001111010100000000000000000000000000000000010
1010010111110111001110101110111100100000000000000000000000000000000010
1010000010000010000101100010100000100000000000000000000000000000000010
1010001100110110000000011101000001100000000000000000000000000000000010
1011000000101100100000000110010100000000000000000000000000000000000010
1010010110110111110111100111111110100000000000000000000000000000000010
1011011011000101100000011011010101100000000000000000000000000000000010
1011000110001001101111000101100110000000000000000000000000000000000010
1010001011110001110000101111111110000000000000000000000000000000000010
1011010001000111110000100111001110100000000000000000000000000000000010
1011100100100111000101011101111010100000000000000000000000000000000010
1010011010001100001100001001000000000000000000000000000000000000000010
1010001111011100100010111000000110000000000000000000000000000000000010
1011110010100101010010111110100010000000000000000000000000000000000010
1010000111000000011001111101001100100000000000000000000000000000000010
1010001100010001010001011110110010000000000000000000000000000000000010
1011101110101100000011111100110010100000000000000000000000000000000010
1011100100001001111000100100011111000000000000000000000000000000000010
1011011001111000110000001111101011000000000000000000000000000000000010
1011010111111001000011001111111000100000000000000000000000000000000010
1010110100011000100011000011110000000000000000000000000000000000000010
1010010110011000111000110110110110000000000000000000000000000000000010
1010101001000010010100001000110110000000000000000000000000000000000010
1010111100110000000110011100101100100000000000000000000000000000000010
1010110111010100011100111001111011000000000000000000000000000000000010
1011000000011110011000111101000111000000000000000000000000000000000010
1011000001101000111101001110101000100000000000000000000000000000000010
1011011111001000101101110010101011100000000000000000000000000000000010
1011100110111011111001100000110100000000000000000000000000000000000010
1010110110110010101010110100110000000000000000000000000000000000000010
1011001000011111011101010001011011000000000000000000000000000000000010
1010000111000000001110011110110110000000000000000000000000000000000010
1010001110101100010001010110111011000000000000000000000000000000000010
1011010001001010010100110111100001100000000000000000000000000000000010
1011011010100000001011000101001101000000000000000000000000000000000010
1011011100110011000011111111010010000000000000000000000000000000000010
1010110101010010010111010001010111000000000000000000000000000000000010
1011010001000011110111111110010111000000000000000000000000000000000010
1010001010110111001100101000001100000000000000000000000000000000000010
1010100000001010001011110000111101000000000000000000000000000000000010
1011001101011010101011000000110110100000000000000000000000000000000010
1010011110101000010111111001001010000000000000000000000000000000000010
1011001101010000000011111101111011100000000000000000000000000000000010
1011000001011100100011101110011010000000000000000000000000000000000010
1010110111011110111111011110001100000000000000000000000000000000000010
1010111001011111001001011011111011000000000000000000000000000000000010
1011001100100100000100110110100001000000000000000000000000000000000010
1010100111111010100001100001010100100000000000000000000000000000000010
1010111101100110001000000111011100000000000000000000000000000000000010
1010000100010010011101001010100010100000000000000000000000000000000010
1011101001100000001010011010110011000000000000000000000000000000000010
1010000111100111010001011110001100100000000000000000000000000000000010
1010010010010000000001010111000101100000000000000000000000000000000010
1010111001011011000110100010111111000000000000000000000000000000000010
1011000011111010101101111100110111000000000000000000000000000000000010
1010001010001100100110111011101111000000000000000000000000000000000010
1011011101101001011101111100001100000000000000000000000000000000000010
1010000100111110001100010111100001000000000000000000000000000000000010
1011110001111110010010000010001010000000000000000000000000000000000010
1010001011101011000111111101011110000000000000000000000000000000000010
1011010000110101101001001011100001000000000000000000000000000000000010
1010001110010010100100111011000000100000000000000000000000000000000010
1010001010010101100001110100111111100000000000000000000000000000000010
1010011100111000110001111111101011000000000000000000000000000000000010
1010100001011001011101011100101011100000000000000000000000000000000010
1010110100100110000010011111101110100000000000000000000000000000000010
1010100100100000001100000000001110000000000000000000000000000000000010
1010000001011111000111110110010110000000000000000000000000000000000010
1010011101110011101010010011100111000000000000000000000000000000000010
1010000110101111010101000100001011000000000000000000000000000000000010
1010010010111110100000011110011110000000000000000000000000000000000010
1011001001001011001101111011010010000000000000000000000000000000000010
1011111001000111001101010110110111100000000000000000000000000000000010
1010011000000010010000101101000011100000000000000000000000000000000010
1010010001010100100000111101100101100000000000000000000000000000000010
1010101101100010100010100100000100000000000000000000000000000000000010
1011110001110011111111001000111110000000000000000000000000000000000010
1010111011101100011000000011000111100000000000000000000000000000000010
1010101011110000010110011100001100000000000000000000000000000000000010
1011110100101010010101000001011000000000000000000000000000000000000010
1010011011110000100101010011110110100000000000000000000000000000000010
1010011111010000101101100010011011100000000000000000000000000000000010
1010101001011100100011010001111111000000000000000000000000000000000010
1011010110100110101011011101110001000000000000000000000000000000000010
1010101010111011111101010111100010000000000000000000000000000000000010
1011010111011001110010001110011111000000000000000000000000000000000010
1010010011101011011010010100011101100000000000000000000000000000000010
1011011111001111011011011101011110100000000000000000000000000000000010
1011001111110111111111111011000111100000000000000000000000000000000010
1010100111100101100001010000100101100000000000000000000000000000000010
1011010010101111110011000010111110100000000000000000000000000000000010
1010010011110101011100010110111011100000000000000000000000000000000010
1010100001100001001101001011011001000000000000000000000000000000000010
1010100101100000111010110110100110000000000000000000000000000000000010
1011010000001100011110100111110100000000000000000000000000000000000010
1011001110001011100001000010111011100000000000000000000000000000000010
1010100000100111110110000010001100100000000000000000000000000000000010
1010001101011100000010010011010011100000000000000000000000000000000010
1010110001100101010110100101101001100000000000000000000000000000000010
1010100110101101110100111100111011000000000000000000000000000000000010
1011100110100000001101011110011100100000000000000000000000000000000010
1011100110010101111110110000000111000000000000000000000000000000000010
1011100100010011101110111101110001000000000000000000000000000000000010
1011011011110011010101111011100110000000000000000000000000000000000010
1010100101001011110000010101100000100000000000000000000000000000000010
1010001011000100100011100010000110100000000000000000000000000000000010
1010110000010101010110110101011110100000000000000000000000000000000010
1011000010000111110001011101110100100000000000000000000000000000000010
1010010111100111001001000010111111000000000000000000000000000000000010
1010101010001000001001010110001010100000000000000000000000000000000010
1010101100101101001100101011111100100000000000000000000000000000000010
1011100111111100110100111011001101000000000000000000000000000000000010
1010101111011110010000100101101100100000000000000000000000000000000010
1011111001010101001111110010000101100000000000000000000000000000000010
1010100101011000100100101010111110100000000000000000000000000000000010
1010011010001011101111011111010000100000000000000000000000000000000010
1010000101110110110101111010101100000000000000000000000000000000000010
1011000010010100110010011110011100000000000000000000000000000000000010
1011100010000000010011110011110000000000000000000000000000000000000010
1010111011000010101000000010101010100000000000000000000000000000000010
1010110010011010001111000110111011100000000000000000000000000000000010
1010111001011111011011001010011101100000000000000000000000000000000010
1010101010010000010101011000100001000000000000000000000000000000000010
1010000011001001100010010110110000100000000000000000000000000000000010
1010100101111000000001000010111100000000000000000000000000000000000010
1010101111011100000010000110001110100000000000000000000000000000000010
1011101101011001011011001111111110100000000000000000000000000000000010
1010110101110011100001010011000000100000000000000000000000000000000010
1010001111010100101001101000101010000000000000000000000000000000000010
1010110010000000010011110000011101000000000000000000000000000000000010
1010100111000011011100111011100010000000000000000000000000000000000010
1010100110111101110111111110100101100000000000000000000000000000000010
1010100001100100111001101110110110100000000000000000000000000000000010
1011111110101101111001100110001010100000000000000000000000000000000010
1011001001100111010000100001111110100000000000000000000000000000000010
1011110101111010110011110100110000100000000000000000000000000000000010
1011111001110100010010110110101100100000000000000000000000000000000010
1011010011001001100000110001011001000000000000000000000000000000000010
1011101010100011011011110111000001100000000000000000000000000000000010
1011101110011011100001011100001111000000000000000000000000000000000010
1010100101010110001001000110000010100000000000000000000000000000000010
1011001000110000000001111100011110100000000000000000000000000000000010
1011101000100110001010110111000011000000000000000000000000000000000010
1010000010000101010111110111101100100000000000000000000000000000000010
1011000101111101111010010111000111100000000000000000000000000000000010
1010001010101001011101101101001011000000000000000000000000000000000010
1010101000001110010001111110110111000000000000000000000000000000000010
1011111100001001100010100001001111000000000000000000000000000000000010
1010101011111110001000100010111010100000000000000000000000000000000010
1011010001011001000110110011001110100000000000000000000000000000000010
1010101100010011000011011011001011100000000000000000000000000000000010
1011111110010001001110000011100001100000000000000000000000000000000010
1011000101011001010111011101011110100000000000000000000000000000000010
1010100111000010101011110001111010000000000000000000000000000000000010
1010100001100011001000001101111111100000000000000000000000000000000010
1010000011011110011010101001110111100000000000000000000000000000000010
1010011111101101101011000000111111100000000000000000000000000000000010
1011110000101110111110101111100110100000000000000000000000000000000010
1010101110000000001101010100100001000000000000000000000000000000000010
1010100100000001001000100111000100100000000000000000000000000000000010
1010000011010111110110001000000110000000000000000000000000000000000010
1010101011100001010000101100110001100000000000000000000000000000000010
1011110101110001101100100110000000100000000000000000000000000000000010
1011101010001101010011011111101101100000000000000000000000000000000010
1011101001000100010011100100110101100000000000000000000000000000000010
1011111100111010100100000000110111100000000000000000000000000000000010
1011100010100111110001110111101100000000000000000000000000000000000010
1011100001011001111100010111011111100000000000000000000000000000000010
1010100000110000001011001010110101100000000000000000000000000000000010
1010110111110010110110101011101100000000000000000000000000000000000010
1010010100100001100100111101000100100000000000000000000000000000000010
1011100110000000111010001101111100100000000000000000000000000000000010
1011010101001010011101111111000101100000000000000000000000000000000010
1011111000101100000001111010011010100000000000000000000000000000000010
1011000011001100011011010111101111100000000000000000000000000000000010
1011001101010100001000111001110011000000000000000000000000000000000010
1010100001010011111001110100111100000000000000000000000000000000000010
1010010010101001111110101011110111000000000000000000000000000000000010
1010010011001100011111001111001111100000000000000000000000000000000010
1010011100010010001000011101011111100000000000000000000000000000000010
1011010100000110011010111010101100000000000000000000000000000000000010
1010101101110101001100011111011001100000000000000000000000000000000010
1010010111001100100000111110111101100000000000000000000000000000000010
1011010110000100001101001111001101100000000000000000000000000000000010
1010000101001011101110110110111001100000000000000000000000000000000010
1010010111111110000010111010011000000000000000000000000000000000000010
1011011111101110010100010100010101100000000000000000000000000000000010
1011011101000010101000100110111101100000000000000000000000000000000010
1010110110011100100010111110100010000000000000000000000000000000000010
1010001100011101000100001111110001100000000000000000000000000000000010
1010101010000001111010100000001000000000000000000000000000000000000010
1011110011011111101110100100001101000000000000000000000000000000000010
1010101101100011110111000110010110000000000000000000000000000000000010
1011100110100001000111100101110011000000000000000000000000000000000010
1010010111100100101111001011010001000000000000000000000000000000000010
1010110110010001000101001100111000100000000000000000000000000000000010
1010010011001001001101000100001100100000000000000000000000000000000010
1010010001010111010111011010001101000000000000000000000000000000000010
1010101001010000110111011110011000100000000000000000000000000000000010
1010111001001000010110111000011011000000000000000000000000000000000010
1010001010101110110110010010010011000000000000000000000000000000000010
1010100000100000110010001100111001100000000000000000000000000000000010
1011001011001100100001101101000101000000000000000000000000000000000010
1011100111011100011000001011111100100000000000000000000000000000000010
1010001111000000001000100100000010100000000000000000000000000000000010
1010111101101100111111001011100010100000000000000000000000000000000010
1010100101100111000111000111011111000000000000000000000000000000000010
1010010110000010100100010001110100100000000000000000000000000000000010
1011100000101011101110000000010101000000000000000000000000000000000010
1011101101000110110111100010110111000000000000000000000000000000000010
1011111111100110100001111110100101000000000000000000000000000000000010
1010100111000011011010011101011100100000000000000000000000000000000010
1011001101000100010101100100010010000000000000000000000000000000000010
1010000100101111000110010000010011100000000000000000000000000000000010
1010000001100100100000000110010111000000000000000000000000000000000010
1011101000001110010110110010010000100000000000000000000000000000000010
1011100000101000011101111110110101100000000000000000000000000000000010
1010100010000110111011001100111111100000000000000000000000000000000010
1011011111110000111010001001101001100000000000000000000000000000000010
1010010001010011011111110101101111100000000000000000000000000000000010
1010011111110001011111100101110011000000000000000000000000000000000010
1010000010111101100110001110011111100000000000000000000000000000000010
1011010110011100101010001111110110100000000000000000000000000000000010
1010011111011010110110010111111101100000000000000000000000000000000010
1011100100110100001110111110011100000000000000000000000000000000000010
1010001001000000110011011000110001100000000000000000000000000000000010
1011000010110010000010001001101011100000000000000000000000000000000010
1010010110110111001110011110101011100000000000000000000000000000000010
1011010011111001111000111100101001000000000000000000000000000000000010
1011010000011101101110000100001010000000000000000000000000000000000010
1011101011001110111000111111001100100000000000000000000000000000000010
1011110110101010010110000111001000000000000000000000000000000000000010
1010100110100001000100111110011111000000000000000000000000000000000010
1010111110011100000011000110001010100000000000000000000000000000000010
1011100011000000100001110001010000100000000000000000000000000000000010
1010111100010000111110000011101001000000000000000000000000000000000010
1011011001100010000101111001111011100000000000000000000000000000000010
1010000110001001011011011101000010000000000000000000000000000000000010
1011000001010111111100010010101000100000000000000000000000000000000010
1011111000010000010100111001011101100000000000000000000000000000000010
1011010010010100011101010001111110000000000000000000000000000000000010
1010100001111110001100010110110000000000000000000000000000000000000010
1011101000011100110101011001010001100000000000000000000000000000000010
1010011111010101000111011010001111100000000000000000000000000000000010
1010011010010111110001011101110111000000000000000000000000000000000010
1010010101101001101110100101110101000000000000000000000000000000000010
1010001111111111011110101010011100100000000000000000000000000000000010
1011101001010010011001001011110101000000000000000000000000000000000010
1010101000000111111011001001111100100000000000000000000000000000000010
1010101101111011101100110010110001100000000000000000000000000000000010
1011000010010110110001111010010000000000000000000000000000000000000010
1011011110001100111110111000000110000000000000000000000000000000000010
1011100001111010010111110111101101100000000000000000000000000000000010
1010000110011110011011110000100100000000000000000000000000000000000010
1011001101100011011110001011011111000000000000000000000000000000000010
1011101001100110101011001000010010000000000000000000000000000000000010
1010100111010010110010001110101111000000000000000000000000000000000010
1011101001111000011001000111111001000000000000000000000000000000000010
1010110000100100100010110100000100100000000000000000000000000000000010
1010010110001011111100001010011100100000000000000000000000000000000010
1010011101000101010001101010100111000000000000000000000000000000000010
1011110111001010101110110001101100100000000000000000000000000000000010
1010000101100100100100011110111011000000000000000000000000000000000010
1010111011101101110000101101111101100000000000000000000000000000000010
1011011111011000101001001100000101000000000000000000000000000000000010
1010010000010111000001111111011111000000000000000000000000000000000010
1011101111000000011110110011011101100000000000000000000000000000000010
1010101100101011101000011011001111100000000000000000000000000000000010
1011001110101110111011011100100000100000000000000000000000000000000010
1011111010001010110111110101010000000000000000000000000000000000000010
1010111111001110010111100110100000000000000000000000000000000000000010
1010110100111101110000110010010001000000000000000000000000000000000010
1010100101010010101001000110111110000000000000000000000000000000000010
1010110000101100111111011111101111000000000000000000000000000000000010
1010100101100011000011100011001100100000000000000000000000000000000010
1011111110111001001101110010001010000000000000000000000000000000000010
1011110010110011001001001011111001000000000000000000000000000000000010
1011011010101110011000111101111011000000000000000000000000000000000010
1011001111011000000111010000100011000000000000000000000000000000000010
1011011100000011010001111010011100100000000000000000000000000000000010
1010010111110010001110010000001111100000000000000000000000000000000010
1011010011011010000101110111101101100000000000000000000000000000000010
1011101101100001101111001111010110000000000000000000000000000000000010
1010001011001011000101100010001111000000000000000000000000000000000010
1010100111110100001000011011000010100000000000000000000000000000000010
1010111111110010001000100101011001000000000000000000000000000000000010
1010011010010010011111010111100010000000000000000000000000000000000010
1010001001110100100011111011011001000000000000000000000000000000000010
1010100110010101001101011110011010100000000000000000000000000000000010
1011101111000111000000110110000001100000000000000000000000000000000010
1011100010011110110000010011001100000000000000000000000000000000000010
1011001111100000100100100100000001100000000000000000000000000000000010
1011000100110000001100111011001011100000000000000000000000000000000010
1011111011000001001001101001011101000000000000000000000000000000000010
1010101111010111010000010111101100000000000000000000000000000000000010
1010111000111011000000101010000000000000000000000000000000000000000010
1011001001110011111010001111101100000000000000000000000000000000000010
1010001010000111011101011101110001000000000000000000000000000000000010
1011110101110110100000101111100011100000000000000000000000000000000010
1010111011000000000001100001111111100000000000000000000000000000000010
1010000110111001010110101111100110100000000000000000000000000000000010
1011000000101001011001100011111000000000000000000000000000000000000010
1010100011000010011001000011110001100000000000000000000000000000000010
1010000100001100010101100101011001000000000000000000000000000000000010
1011011100001001010010100111000000100000000000000000000000000000000010
1010000011000110111001011100111111000000000000000000000000000000000010
1010001011000001000100111101000111000000000000000000000000000000000010
1010101001010110101111001110111101100000000000000000000000000000000010
1010001100001100000110101110001010000000000000000000000000000000000010
1010000110011100000110100001001001100000000000000000000000000000000010
1010110111011000011001010011101101000000000000000000000000000000000010
1010000000111000111000011011101110100000000000000000000000000000000010
1010001011001101011110101001001100000000000000000000000000000000000010
1011001011100001011000110001101000000000000000000000000000000000000010
1011001001111011110100101101110100100000000000000000000000000000000010
1010101111011100101001100000001100100000000000000000000000000000000010
1010100110001110110111101100001110000000000000000000000000000000000010
1010111101111110110110001001111110000000000000000000000000000000000010
1011010101010100010101110011011111000000000000000000000000000000000010
1010110010111100100110101101011100000000000000000000000000000000000010
1011100000110100001100001100100101100000000000000000000000000000000010
1011011111011000011010011111011110100000000000000000000000000000000010
1011000001001110111011001101110100000000000000000000000000000000000010
1010101011110110101001110100001110100000000000000000000000000000000010
1011000010111000011001111000010110100000000000000000000000000000000010
1010101111101110101111100101001110100000000000000000000000000000000010
1011000010101101101100011010110111100000000000000000000000000000000010
1010110100101100111101110101011011100000000000000000000000000000000010
1010111010000001101000110100100011100000000000000000000000000000000010
1011110110010000010111110110000100000000000000000000000000000000000010
1011010001001010010100001110010111000000000000000000000000000000000010
1010100010000110001000110000111101100000000000000000000000000000000010
1010011101111111101000000100000011000000000000000000000000000000000010
1011000101010010001100011000110010100000000000000000000000000000000010
1011110110010110100011010000100101000000000000000000000000000000000010
1011001111110101101110000110011000000000000000000000000000000000000010
1011101011111000011001101100111111100000000000000000000000000000000010
1011101110000001110011100001101110100000000000000000000000000000000010
1011100000000101110100111101000010000000000000000000000000000000000010
1010001001110010110011100000101001100000000000000000000000000000000010
1011011110110001101110000110010001100000000000000000000000000000000010
1011010000011100000010001110101011000000000000000000000000000000000010
1011110100100011000101000001111011000000000000000000000000000000000010
1011101110001101100110011100101011100000000000000000000000000000000010
1010000010111001000001001010101111000000000000000000000000000000000010
1011100111100111000110100100000111100000000000000000000000000000000010
1011001111100011100101001011000101000000000000000000000000000000000010
1010101011010000101010011111111001100000000000000000000000000000000010
1011101100111001101000101001001000000000000000000000000000000000000010
1011000000101100010011001111100100100000000000000000000000000000000010
1011101001111010011001110101011000000000000000000000000000000000000010
1010000110001110010010011101000100000000000000000000000000000000000010
1011011010111011011110101111100011100000000000000000000000000000000010
1011000101000110001101010111011010100000000000000000000000000000000010
1010100110100110110000111101010111000000000000000000000000000000000010
1011011000100100100100111111010110000000000000000000000000000000000010
1011100011100100001010000101010000000000000000000000000000000000000010
1010010010100010001001010111011110100000000000000000000000000000000010
1011000110101110100011011001110010000000000000000000000000000000000010
1010100100011000110111100110111010100000000000000000000000000000000010
1011101010100010110111111011001001000000000000000000000000000000000010
1011011001100111111011010100101110100000000000000000000000000000000010
1010001010101101110000011001110000100000000000000000000000000000000010
1011110000010101101100101000000010000000000000000000000000000000000010
1010111111001010100111110010011000100000000000000000000000000000000010
1011011101100011110101011000110111100000000000000000000000000000000010
1011100111010110110100011010111110000000000000000000000000000000000010
1011111011010100100001101100110101000000000000000000000000000000000010
1010000010100001001110111111000110100000000000000000000000000000000010
1011001111000011101010101100110100100000000000000000000000000000000010
1010000001100101010101111101000110100000000000000000000000000000000010
1010101100100000010011001011101110100000000000000000000000000000000010
1010010011000001101110101111010111100000000000000000000000000000000010
1010100100010111010110011011001101100000000000000000000000000000000010
1011101100001100111010000010011000100000000000000000000000000000000010
1011110001111001101001101100110101000000000000000000000000000000000010
1011110001000011111111100001110110000000000000000000000000000000000010
1011100111000110100011001111010101100000000000000000000000000000000010
1010110110101010001000110100110000100000000000000000000000000000000010
1011101011000000110011111011000010000000000000000000000000000000000010
1010110001011010110100110110000001100000000000000000000000000000000010
1010010111000010100000111110101110000000000000000000000000000000000010
1010101000110100001001100001110110000000000000000000000000000000000010
1011000101000000000000110000110011100000000000000000000000000000000010
1010001001000000100101010111010001100000000000000000000000000000000010
1010010011101000100101101011001111000000000000000000000000000000000010
1011000011100010011010011001110000000000000000000000000000000000000010
1011000101111010100001100100110101000000000000000000000000000000000010
1010110110000111110111010111000010000000000000000000000000000000000010
1011000100110010101011001101011000000000000000000000000000000000000010
1010110001110011111001010000101000100000000000000000000000000000000010
1011001111010011110101101101011111000000000000000000000000000000000010
1011101011111100000111010101011101000000000000000000000000000000000010
1011010100001111111010101111111111000000000000000000000000000000000010
1010101111000000011010101100011111000000000000000000000000000000000010
1011000101111011000100111101111010000000000000000000000000000000000010
1011100001010110001111010111100011100000000000000000000000000000000010
1010110100110111110010000100000001000000000000000000000000000000000010
1011110111010110000101111100010011000000000000000000000000000000000010
1011000010010000111111011110001000000000000000000000000000000000000010
1010010101000011000100000110000000100000000000000000000000000000000010
1011111100111101100011100111111000100000000000000000000000000000000010
1010111110100111000100001100000010100000000000000000000000000000000010
1010011101011100001000101101101110000000000000000000000000000000000010
1011010110010001101111011010000011000000000000000000000000000000000010
1011001011010101001101000001001101000000000000000000000000000000000010
1010111000110111110000111010000011100000000000000000000000000000000010
1011110101000111011100001100110111100000000000000000000000000000000010
1010100011100110100000001111011010000000000000000000000000000000000010
1010001100101001110011011111011010000000000000000000000000000000000010
1010011011101100001010111100010110100000000000000000000000000000000010
1011000001001001011011000110101011000000000000000000000000000000000010
1011111010110110001000100000111101100000000000000000000000000000000010
1010101011111101010110101101001001000000000000000000000000000000000010
1011011010101011010011001011010011000000000000000000000000000000000010
1010111000101111001100001010011010100000000000000000000000000000000010
1011011100001111101000011011011100000000000000000000000000000000000010
1010111100101001000101000100111010000000000000000000000000000000000010
1010000001111100011111000001010100100000000000000000000000000000000010
1010000001000101110111001101001110100000000000000000000000000000000010
1010000101000101000101011001001100100000000000000000000000000000000010
1010101000010101110111101101011000100000000000000000000000000000000010
1011110110001001110110110011010000100000000000000000000000000000000010
1010111011111101111000011010110110100000000000000000000000000000000010
1010010110100000110011011100110100100000000000000000000000000000000010
1010010111010001100101000000001010000000000000000000000000000000000010
1011110110010101010001010000101111100000000000000000000000000000000010
1011001100110010001111100001001011100000000000000000000000000000000010
1010100100011010101010111110110010000000000000000000000000000000000010
1011000101110011000110111111001100000000000000000000000000000000000010
1010100101001001110011100101011001000000000000000000000000000000000010
1010000110110110011101010011000010000000000000000000000000000000000010
1011010100100011010101010011101100000000000000000000000000000000000010
1011000111010111110011101100001011000000000000000000000000000000000010
1011110100001101101001010101111101100000000000000000000000000000000010
1011010100010010001111110110001111000000000000000000000000000000000010
1011000100010100100011100101001101100000000000000000000000000000000010
1011100001011010100000000100011001100000000000000000000000000000000010
1010000101000001001110000000101100100000000000000000000000000000000010
1011100111010110000111110110011010000000000000000000000000000000000010
1011011000011010001101110000001001100000000000000000000000000000000010
1011000101100111010001001001011110000000000000000000000000000000000010
1011001001111000111110100000111100100000000000000000000000000000000010
1010000100110111001110010011001101000000000000000000000000000000000010
1011101010000111111110111100011011000000000000000000000000000000000010
1011101000111010100110100010001100100000000000000000000000000000000010
1010101001101111101100101010101111100000000000000000000000000000000010
1010100001100011010010010100101000000000000000000000000000000000000010
1010100101011100010100010101100101100000000000000000000000000000000010
1011010011011101110110101000000010100000000000000000000000000000000010
1010100110011101110001110110000110100000000000000000000000000000000010
1010110000100101101101101000101011000000000000000000000000000000000010
1010111011111101010100100110010001000000000000000000000000000000000010
1010101000111000011100111010001110000000000000000000000000000000000010
1011111000111000111011110110100111100000000000000000000000000000000010
1011000101001011111100011101110011100000000000000000000000000000000010
1011111010010000110100010110110011100000000000000000000000000000000010
1010010100100111110110111000100011000000000000000000000000000000000010
1010001100011111101010011101110111100000000000000000000000000000000010
1011000001001100010001010111001011100000000000000000000000000000000010
1011111011101001011010101110111100000000000000000000000000000000000010
1011110011000011010100100110111101000000000000000000000000000000000010
1010011011111001110011010101110011000000000000000000000000000000000010
1010111110010100101010100101010100100000000000000000000000000000000010
1010010010010010110101011110101100000000000000000000000000000000000010
1011100101001101100110111111000110100000000000000000000000000000000010
1010001100000101011101100001001010000000000000000000000000000000000010
1011000001110101010010111001110010000000000000000000000000000000000010
1010101111000110010101011001001101000000000000000000000000000000000010
1010100101110101000101100010101101000000000000000000000000000000000010
1011101000110110010101011001111111000000000000000000000000000000000010
1010100111000100001111000101110000100000000000000000000000000000000010
1011110000110000001110111010010000000000000000000000000000000000000010
1011000011011000001111110100011111000000000000000000000000000000000010
1010011100100001110010110010100000100000000000000000000000000000000010
1011001101000000111011011100100100100000000000000000000000000000000010
1010101000010011100011000001001101100000000000000000000000000000000010
1010100001111101100110000110101011000000000000000000000000000000000010
1010011011100111010000010111011100000000000000000000000000000000000010
1011001010100100001111001010100100100000000000000000000000000000000010
1011100100101100111000001000000000100000000000000000000000000000000010
1010111110010111101000100110110000000000000000000000000000000000000010
1011100101010100001010110111100001100000000000000000000000000000000010
1011100111010011101010011110100100100000000000000000000000000000000010
1010111010110011001100110101001101100000000000000000000000000000000010
1010011100100001111010000100111010000000000000000000000000000000000010
1010001101100000001101011001001011100000000000000000000000000000000010
1011000011100100101001001101100110000000000000000000000000000000000010
1011101001100000110100111110010010100000000000000000000000000000000010
1010000100111011101001010101100101100000000000000000000000000000000010
1011100011100100001110000110011010100000000000000000000000000000000010
1011111000011100010011100110100010000000000000000000000000000000000010
1011110110010111100111001111110111100000000000000000000000000000000010
1010101111001101110010010110101101100000000000000000000000000000000010
1010110111100010101110111011110011100000000000000000000000000000000010
1011111010001001001111101111101011100000000000000000000000000000000010
1010101011000100001100000110000011100000000000000000000000000000000010
1010101000001111011011110101100111100000000000000000000000000000000010
1011000100101000000000100110001011000000000000000000000000000000000010
1010110111111101010010110110000111000000000000000000000000000000000010
1010111010000110101001001101101100100000000000000000000000000000000010
1011010011110010110101101111111011000000000000000000000000000000000010
1010001100111011001010100111001001000000000000000000000000000000000010
1010000011010101011010101110010111100000000000000000000000000000000010
1010000110001110101100100000100011100000000000000000000000000000000010
1011110000001001000001110110111101100000000000000000000000000000000010
1011100101110000011000111111100011100000000000000000000000000000000010
1010110011000011000010101101111111000000000000000000000000000000000010
1010010001111000110011100111010010100000000000000000000000000000000010
1010000111100010110100101100010001000000000000000000000000000000000010
1010110010111111000100111111011111000000000000000000000000000000000010
1011000000100101001010111101101110000000000000000000000000000000000010
1010100111100111100001111010010100000000000000000000000000000000000010
1011101111111111010000111100111101100000000000000000000000000000000010
1011011010000011000101011101100011000000000000000000000000000000000010
1011111001101010010001111110001101000000000000000000000000000000000010
1010101000000010010111101000000011100000000000000000000000000000000010
1011010110100011110010010100000000100000000000000000000000000000000010
1011101010011001100111111011111100000000000000000000000000000000000010
1011011101011110101100111111100000000000000000000000000000000000000010
1010010001110111110111000100010011000000000000000000000000000000000010
1010001100000101000000000010110101100000000000000000000000000000000010
1011100101001100010001011011100011000000000000000000000000000000000010
1011011001011111001001100101011101000000000000000000000000000000000010
1011110100100000010110100001111000100000000000000000000000000000000010
1011001000110101010111001011010101100000000000000000000000000000000010
1011110010110001010010111001101111000000000000000000000000000000000010
1011100011010101001011111100111000100000000000000000000000000000000010
1010111110011000011001111011010000000000000000000000000000000000000010
1010101111111010001101100000110101000000000000000000000000000000000010
1011101101001010111110100111111010000000000000000000000000000000000010
1011100000001011011011100011110011100000000000000000000000000000000010
1011100001100111001100111111011110000000000000000000000000000000000010
1011011000010101011011111011011100000000000000000000000000000000000010
1010110010011000010101011000011100100000000000000000000000000000000010
1011000110001010100010101101110100100000000000000000000000000000000010
1010101101011001111111010000010101000000000000000000000000000000000010
1010101110011111000101111110010011000000000000000000000000000000000010
1010011110001101100001100111110111100000000000000000000000000000000010
1010000010001011000110001011010101000000000000000000000000000000000010
1010010101110011010010100001101011100000000000000000000000000000000010
1010000110000101111011111001100101000000000000000000000000000000000010
1011110011111100000001000110001111000000000000000000000000000000000010
1011000011110010111011011110011100100000000000000000000000000000000010
1010000001010001000101001100100111000000000000000000000000000000000010
1010011010010000111011001011010000100000000000000000000000000000000010
1010110001111000000000100101001011000000000000000000000000000000000010
1011101000101011010011011001110111100000000000000000000000000000000010
1010100010001010010100011001001011100000000000000000000000000000000010
1010010110101110010111111000101010000000000000000000000000000000000010
1010010000100001000001010001110001000000000000000000000000000000000010
1010010011110010101000110111101010100000000000000000000000000000000010
1010010000101001001101011110111011100000000000000000000000000000000010
1011011010000011011010101011000011000000000000000000000000000000000010
1011010100111010010011100010000010000000000000000000000000000000000010
1010001110010010101101101101110100000000000000000000000000000000000010
1010110100100010011100100110011100000000000000000000000000000000000010
1011101100010110101101011111111100100000000000000000000000000000000010
1010010001111101101110101111010011000000000000000000000000000000000010
1011110011100011001011100101101101100000000000000000000000000000000010
1011001100001001101010111001011111100000000000000000000000000000000010
1010110100011000000101000110110101100000000000000000000000000000000010
1011010000111000000010001111011111100000000000000000000000000000000010
1010001101110011100110011110101011000000000000000000000000000000000010
1011001011010000111001100000001101000000000000000000000000000000000010
1010110110011110110110011110101101000000000000000000000000000000000010
1010011000001001110100101101011111000000000000000000000000000000000010
1011010111111101100000110010111101000000000000000000000000000000000010
1011000101001111100100111111100111100000000000000000000000000000000010
1011110010001100100011111000111111100000000000000000000000000000000010
1010110011101001010010110001001011100000000000000000000000000000000010
1010100100001111111111100101010110000000000000000000000000000000000010
1011111000011010100000101000101101100000000000000000000000000000000010
1010001000011011100011100110101111000000000000000000000000000000000010
1010000000001101000101011110001010000000000000000000000000000000000010
1011101101000100101100010111000011100000000000000000000000000000000010
1010001111010000110101001010110101100000000000000000000000000000000010
1010101001011000001111100110010000100000000000000000000000000000000010
1010110101000110010001100000001101000000000000000000000000000000000010
1011111001000101101110101100010101000000000000000000000000000000000010
1010100101101100100001011001100110100000000000000000000000000000000010
1010000010010101110010101001000111100000000000000000000000000000000010
1010101010101011011111111110001000000000000000000000000000000000000010
1010001111011110011001001100110111000000000000000000000000000000000010
1011010101111111000001000111001001100000000000000000000000000000000010
1011100010011101100011111001110000100000000000000000000000000000000010
1010011101100000010011111011010100000000000000000000000000000000000010
1010001100000100100101101001011111100000000000000000000000000000000010
1010100001000111110110111011111100000000000000000000000000000000000010
1011000001110100100001101110100001000000000000000000000000000000000010
1011000000111010010110001100101011100000000000000000000000000000000010
1011100000100000101001011010100011000000000000000000000000000000000010
1010010100000011100101101110001101100000000000000000000000000000000010
1010100011111000001011100001001001100000000000000000000000000000000010
1010010001010000001000111110011000100000000000000000000000000000000010
1010101100100001110111110001000110000000000000000000000000000000000010
1011110111000000001001011000111100100000000000000000000000000000000010
1010001000011010110100111101010101000000000000000000000000000000000010
1011100010000000011110000000101011100000000000000000000000000000000010
1011101110010101011011111101110000000000000000000000000000000000000010
1011100001000110010111110110000101000000000000000000000000000000000010
1011100101101101101000000111111100000000000000000000000000000000000010
1010010111010001111101110101101111000000000000000000000000000000000010
1011100010100001010011100000011110100000000000000000000000000000000010
1010101110101001001110010111010000100000000000000000000000000000000010
1011110001110010011000101011110101000000000000000000000000000000000010
1011111111100010010010001101101010100000000000000000000000000000000010
1010011010000101100110111100011110000000000000000000000000000000000010
1010111001000110000010010111101101100000000000000000000000000000000010
1010111011000111010000110111110010000000000000000000000000000000000010
1010010001010010101110011000100101100000000000000000000000000000000010
1011001101011001001010000001111100000000000000000000000000000000000010
1011011000101001111100110000001011100000000000000000000000000000000010
1011000111110110101000111001100010000000000000000000000000000000000010
1010010110110011111000001011000010000000000000000000000000000000000010
1010000000000001011000110100100001100000000000000000000000000000000010
1010011011001011011011100010100011100000000000000000000000000000000010
1011111011101110001100101100100010100000000000000000000000000000000010
1010100110000001100110101011100001000000000000000000000000000000000010
1010000101110010110000111111001001000000000000000000000000000000000010
1011010000101011101101000100001001000000000000000000000000000000000010
1010110101100101110110000000101111100000000000000000000000000000000010
1011011010110110011011101111001010100000000000000000000000000000000010
1011001010100011010111001100000100000000000000000000000000000000000010
1010011010110101001101110000001011000000000000000000000000000000000010
1010000110100100001101110000001110000000000000000000000000000000000010
1010010000110000011101100011110100100000000000000000000000000000000010
1011000111110110011110100010001001100000000000000000000000000000000010
1010100011001000101111010001100100100000000000000000000000000000000010
1011000111010110111101010010100100100000000000000000000000000000000010
1011100101101110010000110111111110100000000000000000000000000000000010
1011100010101101000011001001010010000000000000000000000000000000000010
1011111011110100010101000111011101100000000000000000000000000000000010
1011000000110101000101101011000100100000000000000000000000000000000010
1010110000011011011010100011111111000000000000000000000000000000000010
1010110101111010011111011010100110000000000000000000000000000000000010
1011101101011100001110101111000010000000000000000000000000000000000010
1010100101100100001011110101010101100000000000000000000000000000000010
1010010111110010001110110011101001000000000000000000000000000000000010
1010110001111000000001000011111101100000000000000000000000000000000010
1010101001001001010001000101101010100000000000000000000000000000000010
1010111010000001101100101000010110100000000000000000000000000000000010
1010010000111110110111010111000010000000000000000000000000000000000010
1010000011000011111111101000101001000000000000000000000000000000000010
1011010101010100101111100110001000000000000000000000000000000000000010
1011001111110000111000010001110100100000000000000000000000000000000010
1010100011110111100011001100111000000000000000000000000000000000000010
1011111101000011010100010001110001000000000000000000000000000000000010
1010100000111101001110100010111101100000000000000000000000000000000010
1011100001001001110110110000100111100000000000000000000000000000000010
1010010011111110010001010111110011000000000000000000000000000000000010
1011100001001001110110110000100111100000000000000000000000000000000010
1011111011101100000111100001111000100000000000000000000000000000000010
1011110000111110110010010000010110100000000000000000000000000000000010
1010001111111101000111001011011001000000000000000000000000000000000010
1011011011010000001001101010111101100000000000000000000000000000000010
1010101100010000101000010001000110100000000000000000000000000000000010
1011010101011101011111011111111011100000000000000000000000000000000010
1010110011000000101010110011100111100000000000000000000000000000000010
1011000001011101101110110000101111000000000000000000000000000000000010
1011101000000111011110101101010100100000000000000000000000000000000010
1011100000111010010011111110101011100000000000000000000000000000000010
1011111011100100111101000100010111100000000000000000000000000000000010
1011011010000000001110010001110110100000000000000000000000000000000010
1010010000110001100101110010110001000000000000000000000000000000000010
1010010111101001001010010110000010000000000000000000000000000000000010
1010101100111011001111100111011101100000000000000000000000000000000010
1010101100011000010110011110011100000000000000000000000000000000000010
1011001000100000100001101010000110100000000000000000000000000000000010
1011000100001010011110011110101101000000000000000000000000000000000010
1010011111111000011110101101011011100000000000000000000000000000000010
1011001110001111000010111011011010000000000000000000000000000000000010
1010100100010101100000111000011011000000000000000000000000000000000010
1011100011110000001100011100010111100000000000000000000000000000000010
1011001111001111001010010110111001000000000000000000000000000000000010
1010011100010001011111111110101110000000000000000000000000000000000010
1011000101110001110000011000101111100000000000000000000000000000000010
1011110100110011001100011010101111000000000000000000000000000000000010
1010101011101000100001110111011110100000000000000000000000000000000010
1011010010010111000001001101011011000000000000000000000000000000000010
1011010101010001111001111011011101000000000000000000000000000000000010
1011111100100101000110100011001011000000000000000000000000000000000010
1011000111001100011001110000101110100000000000000000000000000000000010
1011010110011010111111101001011000000000000000000000000000000000000010
1011100011000010101010110100101111000000000000000000000000000000000010
1011000110111101001110100110100000100000000000000000000000000000000010
1011111011000111111011111110001001100000000000000000000000000000000010
1011010011010000011101101011111000000000000000000000000000000000000010
1011100011011111101100111100001110000000000000000000000000000000000010
1011111110100100101101000111101110100000000000000000000000000000000010
1010001100000001111001010100101110100000000000000000000000000000000010
1010000101011000000010011101011011000000000000000000000000000000000010
1010111110000011001110111100010011100000000000000000000000000000000010
1011111000100011111001010110100010000000000000000000000000000000000010
1011010001100000100101011011001000000000000000000000000000000000000010
1011010110010010000000010011110010100000000000000000000000000000000010
1010000011010010110111011000011100100000000000000000000000000000000010
1011001010000100000111010101111011000000000000000000000000000000000010
1011100000010000100011010110011100000000000000000000000000000000000010
1010010010101001010011100100011100000000000000000000000000000000000010
1010100110100010111001110100000011100000000000000000000000000000000010
1010111010110100000001010111101010000000000000000000000000000000000010
1011011101110101000100011110111100000000000000000000000000000000000010
1010011011010010101011010100110001100000000000000000000000000000000010
1011000111101100011000101011000111100000000000000000000000000000000010
1011010101111011000100000100001101100000000000000000000000000000000010
1011000111110000110001100011000110000000000000000000000000000000000010
1010110101110011000001110111000010000000000000000000000000000000000010
1010100010111000001110001001101011000000000000000000000000000000000010
1010101001100101101011111100111110100000000000000000000000000000000010
1011101100011001100000100111011001000000000000000000000000000000000010
1011111000001010010101111001111011100000000000000000000000000000000010
1011001100001011101010001000110111100000000000000000000000000000000010
1011000100100100000110101000001001100000000000000000000000000000000010
1011011010100101101001010111000111100000000000000000000000000000000010
1010101001001001110010111100100010000000000000000000000000000000000010
1010111101111111100111001110111101100000000000000000000000000000000010
1010101100000011001011111111010111000000000000000000000000000000000010
1010000111101001010110101011110001100000000000000000000000000000000010
1010110010110011010001011100000101100000000000000000000000000000000010
1010111100010010101110000001111110100000000000000000000000000000000010
1010110111001100000010111001010001100000000000000000000000000000000010
1010000001100011001010110111001110100000000000000000000000000000000010
1011010001111000100011110101010110100000000000000000000000000000000010
1010110001010101000011001111001111100000000000000000000000000000000010
1011101101010001100010110011011110100000000000000000000000000000000010
1010011010111011000111000100000111100000000000000000000000000000000010
1010110000101001010101111000101001000000000000000000000000000000000010
1010011101100010000000101101101100100000000000000000000000000000000010
1010010011100111110011011011000101100000000000000000000000000000000010
1010010001010100110100011011110001000000000000000000000000000000000010
1011110011000001010011101110011100100000000000000000000000000000000010
1010101110111110100010100110110011100000000000000000000000000000000010
1011110001110100001011011010010100000000000000000000000000000000000010
1011001101110100111111111001110110100000000000000000000000000000000010
1010000000110000001100010001111011000000000000000000000000000000000010
1010101000111000101000011010010011100000000000000000000000000000000010
1010001001110010111001011011111100100000000000000000000000000000000010
1010101000001111110001000100100110100000000000000000000000000000000010
1011100110100010101111101010011100100000000000000000000000000000000010
1011000110111110001111100111101011100000000000000000000000000000000010
1011000111111010101011101101001001000000000000000000000000000000000010
1010110101100000111101011011100111000000000000000000000000000000000010
1010111000100000011100010100011010100000000000000000000000000000000010
1011110001111011100100101000000101000000000000000000000000000000000010
1010000010000100101100101110110101000000000000000000000000000000000010
1010010100001010000100100100001110100000000000000000000000000000000010
1011111000100100100001100011000011100000000000000000000000000000000010
1010011000110110111101101001100010000000000000000000000000000000000010
1011101010010011111011011001011011100000000000000000000000000000000010
1011100001011101101111101111100100000000000000000000000000000000000010
1010111010001010100111001110001001000000000000000000000000000000000010
1010000010101010110101001001100000000000000000000000000000000000000010
1011110011100010111011010001111010100000000000000000000000000000000010
1011001110010100011011110001001110100000000000000000000000000000000010
1011001001011110100010100001110101100000000000000000000000000000000010
1011100000001001000010100101100110000000000000000000000000000000000010
1011100110101100001010100001010100100000000000000000000000000000000010
1010101110001111000001110011000000100000000000000000000000000000000010
1011100001110011010100001001101111100000000000000000000000000000000010
1010001010000000010001100111100000000000000000000000000000000000000010
1010101111001001010000111001010010100000000000000000000000000000000010
1010101101101001000101110100011101100000000000000000000000000000000010
1011111010011110011001101101110000000000000000000000000000000000000010
1010110001001101011111011101011110100000000000000000000000000000000010
1011111110010011100110101111000100100000000000000000000000000000000010
1010100010001111100100110011101100000000000000000000000000000000000010
1010000111110101010111110001111111000000000000000000000000000000000010
1010001000100100100110000001100010100000000000000000000000000000000010
1010101111111110111101010101000011000000000000000000000000000000000010
1010001000100100100110000001100010100000000000000000000000000000000010
1011111010011101100001101001110110100000000000000000000000000000000010
1010000001000010001001110101001111100000000000000000000000000000000010
1011011101111100101111000111000000100000000000000000000000000000000010
1010110110000100100000100011010110000000000000000000000000000000000010
1010010111100111001011010001110001100000000000000000000000000000000010
1011101000001010011000100001011101000000000000000000000000000000000010
1011100001011001000111001010010111100000000000000000000000000000000010
1011111011000001100011101101000110000000000000000000000000000000000010
1011110111010100100011001110000110000000000000000000000000000000000010
1010100101101010001101101100010011000000000000000000000000000000000010
1011010100010111010011000100110000100000000000000000000000000000000010
1010010100110110110001010100001010100000000000000000000000000000000010
1010001000100000000110000000011001000000000000000000000000000000000010
1011110000010010000010111101110100100000000000000000000000000000000010
1011110110101001100001010111100101100000000000000000000000000000000010
1010101110110011001110101100000100000000000000000000000000000000000010
1011100001100110100111100100110011000000000000000000000000000000000010
1010100111110001100000110111101101100000000000000000000000000000000010
1010001100100101100100110010100010100000000000000000000000000000000010
1011101000110110010000111000110110000000000000000000000000000000000010
1010001111101011011100010001101000000000000000000000000000000000000010
1011011000110100110011111100101010100000000000000000000000000000000010
1010110101001010110001001111000010100000000000000000000000000000000010
1011111111011110011110111010111111100000000000000000000000000000000010
1011000000100001001111011111110101000000000000000000000000000000000010
1011111100111010101101011101010001100000000000000000000000000000000010
1010011010110110110001001111001111000000000000000000000000000000000010
1011101010000010000111001100000011000000000000000000000000000000000010
1010011010100111000110010110110110000000000000000000000000000000000010
1010100110101110100011110110001000000000000000000000000000000000000010
1010011100110110110010100011100111000000000000000000000000000000000010
1010110000101101010001101001110010100000000000000000000000000000000010
1011011000100011100101001110000100100000000000000000000000000000000010
1010111001101010000111100111101111100000000000000000000000000000000010
1010101101101011010111111111010011000000000000000000000000000000000010
1011010100101111111111010100010101100000000000000000000000000000000010
1010101011111101011001111111100110000000000000000000000000000000000010
1010001111011110000100111101000101100000000000000000000000000000000010
1010101110101010011111100101101010100000000000000000000000000000000010
1010110111011000000001100111110001100000000000000000000000000000000010
1010000011011001010111001001100100000000000000000000000000000000000010
1011011111011001011111100100011101000000000000000000000000000000000010
1010001001000011111001010100000011100000000000000000000000000000000010
1011010101100110111001110101000000100000000000000000000000000000000010
1010111100111100000100001110111111000000000000000000000000000000000010
1010101001111101101011110001000000100000000000000000000000000000000010
1010011101010010111111000111110100100000000000000000000000000000000010
1010010011111010010100111000101010100000000000000000000000000000000010
1010010110101101011100010001011110000000000000000000000000000000000010
1010111000000111010111110111111101100000000000000000000000000000000010
1010001110001001110011110101011111100000000000000000000000000000000010
1010010001001100011110011100100101000000000000000000000000000000000010
1010000111110101001110010011101110100000000000000000000000000000000010
1010000001100101011110011001011000100000000000000000000000000000000010
1011000101000011111000101111100101000000000000000000000000000000000010
1010110011100111010101001010001000000000000000000000000000000000000010
1010111110000010010100010001101111000000000000000000000000000000000010
1011101110000011010010111110010011100000000000000000000000000000000010
1010001100001000111111000001110101100000000000000000000000000000000010
1011010010101111000100010011101111000000000000000000000000000000000010
1010110110110001000111010011010111100000000000000000000000000000000010
1011000101011101100111110001001011000000000000000000000000000000000010
1011001110000001100110111110101110100000000000000000000000000000000010
1010101110100011101110101010000100000000000000000000000000000000000010
1010010010100001100011100101100101000000000000000000000000000000000010
1011110010011000101011111100011111000000000000000000000000000000000010
1010101001011000110100001101101100100000000000000000000000000000000010
1011011110000100110001010010001000000000000000000000000000000000000010
1010000001000111011111100101001110100000000000000000000000000000000010
1011100101111111110111100011001001100000000000000000000000000000000010
1010111001111011111001000111100110100000000000000000000000000000000010
1010000111111100110110101000101000000000000000000000000000000000000010
1010010011110010010100101000111101100000000000000000000000000000000010
1010011111110100101100100000010101000000000000000000000000000000000010
1010001100000110101101000101111100000000000000000000000000000000000010
1010010111001011001110101011101110100000000000000000000000000000000010
1011100110111110010111001000000111100000000000000000000000000000000010
1011111111011010000111100000100100000000000000000000000000000000000010
1010111111010010100110000111001111100000000000000000000000000000000010
1011001110010000111011111100111100100000000000000000000000000000000010
1011001110111011010101010110011111100000000000000000000000000000000010
1010100001101101111110010001010010000000000000000000000000000000000010
1011010010001101000110000000101000100000000000000000000000000000000010
1011111000010110011111000011100010000000000000000000000000000000000010
1010101000100010001111111110110111000000000000000000000000000000000010
1011101110111011000110101101111011100000000000000000000000000000000010
1010001100010001000100001000010110000000000000000000000000000000000010
1011100111010000111001000111111001100000000000000000000000000000000010
1011100100110010111000011100101011100000000000000000000000000000000010
1011100100100111010011001011010010100000000000000000000000000000000010
1010110010010011111100110111010011000000000000000000000000000000000010
1010000101011011000000010110110111000000000000000000000000000000000010
1010000101111000001010011100101000000000000000000000000000000000000010
1010010010111011001110111101100110000000000000000000000000000000000010
1010001000011010010001101101011110100000000000000000000000000000000010
1010011111000100100101001111000010100000000000000000000000000000000010
1011000100110011110000101111100100100000000000000000000000000000000010
1010100110100110000111100010011101100000000000000000000000000000000010
1011101100000011001000110001000000100000000000000000000000000000000010
1011111001011001000001011100010110000000000000000000000000000000000010
1011000101100010101001111000101100100000000000000000000000000000000010
1011110111011011101010111101100111100000000000000000000000000000000010
1010000000010000010100011101101010000000000000000000000000000000000010
1010100101011001011011101111001010100000000000000000000000000000000010
1010110011001111010100001010000100000000000000000000000000000000000010
1011001101011100100101111011010001100000000000000000000000000000000010
1011110001101000011011001001100001100000000000000000000000000000000010
1010000011111010011001111101100001100000000000000000000000000000000010
1011101110111011110011110100010110000000000000000000000000000000000010
1011000110111001011000111010000010100000000000000000000000000000000010
1010010001101111111001010000101000000000000000000000000000000000000010
1010001101011011010011110111010011000000000000000000000000000000000010
1010001011101001010110011000000110000000000000000000000000000000000010
1011001110000110011100110011100011000000000000000000000000000000000010
1011010000110011000011010001001110000000000000000000000000000000000010
1011000111111001011011110011111101100000000000000000000000000000000010
1010010010101101100011010000000010100000000000000000000000000000000010
1011010111110001001111010010101100100000000000000000000000000000000010
1010010110011010010001110110001001000000000000000000000000000000000010
1010000001111000100111011011011001000000000000000000000000000000000010
1010010011010111110000011101111000100000000000000000000000000000000010
1010101111010100111111011001011010000000000000000000000000000000000010
1011000100011111000011000010000010000000000000000000000000000000000010
1010100011000101001101011011101110000000000000000000000000000000000010
1011010010001110100011010011110101000000000000000000000000000000000010
1011010000010000000101011110001000000000000000000000000000000000000010
1010110100001100011001011110111101000000000000000000000000000000000010
1010010000001110010111011011111011100000000000000000000000000000000010
1011010010101000010100101110011011000000000000000000000000000000000010
1010110111010011111000110010011100000000000000000000000000000000000010
1011100110000000110011110001110011100000000000000000000000000000000010
1010000110001001011011011100011110100000000000000000000000000000000010
1010101100100010001001110111101101100000000000000000000000000000000010
1011010011101000000111001101100110100000000000000000000000000000000010
1010000100010110011001101100111101000000000000000000000000000000000010
1011001001001001100110101111111110100000000000000000000000000000000010
1010100000001010111100100000110001000000000000000000000000000000000010
1011010000111000001111001101101001100000000000000000000000000000000010
1011011100110101101100011111000011100000000000000000000000000000000010
1011110101101011111001101000100110000000000000000000000000000000000010
1010110011000110111101110100110001100000000000000000000000000000000010
1010101100110100010101001100111001000000000000000000000000000000000010
1010010101010011101000101100010100000000000000000000000000000000000010
1010100111000101000001011010000100000000000000000000000000000000000010
1010100101101100000001101111100010000000000000000000000000000000000010
1010110001110101010110000111000101100000000000000000000000000000000010
1010111110111000101101001110110001000000000000000000000000000000000010
1010011100001000000001101100001111000000000000000000000000000000000010
1010000111000110011011110011110011000000000000000000000000000000000010
1010101100010010111011111111001001000000000000000000000000000000000010
1010010000100011111011100111010010100000000000000000000000000000000010
1010000111011100111111110011110010000000000000000000000000000000000010
1010001011000110010100111011100001000000000000000000000000000000000010
1011111001010100110010000100011111100000000000000000000000000000000010
1011010100111001010111010001010011100000000000000000000000000000000010
1011100001011111011001001010001111000000000000000000000000000000000010
1011000001101101011011000000101000000000000000000000000000000000000010
1010100000000010000101010110101110000000000000000000000000000000000010
1010100000111000001101100000101110100000000000000000000000000000000010
1011011101110010010010110011000001100000000000000000000000000000000010
1010010011010100100001111011011100000000000000000000000000000000000010
1011000111100000101111000010101000100000000000000000000000000000000010
1011111111101001010001000011110000000000000000000000000000000000000010
1010010000011011011010111010000110000000000000000000000000000000000010
1011111100011111111110101111101100100000000000000000000000000000000010
1010101010000111010001101001110001100000000000000000000000000000000010
1010100000000100101110101101001000100000000000000000000000000000000010
1011000101100100001011101001111001000000000000000000000000000000000010
1010100101011010100000100111110101000000000000000000000000000000000010
1011111111110111101110111011101000100000000000000000000000000000000010
1010010110001001000001111011111100000000000000000000000000000000000010
1011011101011001101100110010101111100000000000000000000000000000000010
1010000101010000000011111110101010100000000000000000000000000000000010
1011100111000000111011001111111101100000000000000000000000000000000010
1010001010110001000100110010100110000000000000000000000000000000000010
1011101001100101101010000011110101100000000000000000000000000000000010
1011000010011000100101010010011111100000000000000000000000000000000010
1010111101100111110000000100001101000000000000000000000000000000000010
1011111110100110100111110000011001100000000000000000000000000000000010
1011010010000001000110010100001110000000000000000000000000000000000010
1011000100011010011101101111100010000000000000000000000000000000000010
1011011000110011011110101110011000000000000000000000000000000000000010
1011000010110000100100010011000110000000000000000000000000000000000010
1010100011111110111110110101010100000000000000000000000000000000000010
1011111011110100110101001000000110000000000000000000000000000000000010
1011100000001011000011101100011011100000000000000000000000000000000010
1011101000011011000011110110001101100000000000000000000000000000000010
1011110110001001010011010111011111100000000000000000000000000000000010
1010110000100100101101110011111000000000000000000000000000000000000010
