1011110110010100101010011101110000100000000000000000000000000000000010
1010001000100111011101010010001001100000000000000000000000000000000010
1011000110111011011110100110001110000000000000000000000000000000000010
1010111100111011001111101110010101100000000000000000000000000000000010
1010000101011101100101101010111011100000000000000000000000000000000010
1010100011010010100000111001000010000000000000000000000000000000000010
1011011100011000101010110000000011100000000000000000000000000000000010
1010110001110101100001101011111100100000000000000000000000000000000010
1011101000001011110101111011111011000000000000000000000000000000000010
1011100000110111110001110001101001000000000000000000000000000000000010
1011000110110010100001101010011001000000000000000000000000000000000010
1011000101000100001111100100101101100000000000000000000000000000000010
1011101010011101001011100101111010000000000000000000000000000000000010
1010100011111010001000011111001111100000000000000000000000000000000010
1011101000001100111111110100000010000000000000000000000000000000000010
1010001010000010000100100100101110000000000000000000000000000000000010
1010111100000010010001110011010001100000000000000000000000000000000010
1010111101000001110001111110101111000000000000000000000000000000000010
1011111011111110010100110111111110100000000000000000000000000000000010
1011001100000100000110100110110001100000000000000000000000000000000010
1010111000011101010000111010111100000000000000000000000000000000000010
1010100100101111001000010110001101000000000000000000000000000000000010
1011010000110100111100001101110000000000000000000000000000000000000010
1011111111011111010111100110100011000000000000000000000000000000000010
1010001111000101011110010001010110000000000000000000000000000000000010
1010111011001101000011101110100010100000000000000000000000000000000010
1011100000110001110001110000101001100000000000000000000000000000000010
1011111001110010101100110101100111000000000000000000000000000000000010
1011011111100001101101110010100011000000000000000000000000000000000010
1011010110000011001100111011110000000000000000000000000000000000000010
1011000010101100011100111101110001100000000000000000000000000000000010
1010011101001010111011100111000111100000000000000000000000000000000010
1010010100011001101011010111110111000000000000000000000000000000000010
1010110110111001010100101001000011000000000000000000000000000000000010
1011101000110011101101111000001000100000000000000000000000000000000010
1011110101111111110011110111100111100000000000000000000000000000000010
1010011110101111010111111100010011100000000000000000000000000000000010
1010101110101101100010100011111101000000000000000000000000000000000010
1011111101101110000011001101000001100000000000000000000000000000000010
1011000010011011011000110001100101100000000000000000000000000000000010
1011111101111011100001000011110010000000000000000000000000000000000010
1010110101011111001101000001010111000000000000000000000000000000000010
1011000001101000000010001010010100000000000000000000000000000000000010
1010110010001010101101011111000101000000000000000000000000000000000010
1011010011011110000010000111010111000000000000000000000000000000000010
1010101100100001101001011100001110100000000000000000000000000000000010
1010010000001110111101100111100111100000000000000000000000000000000010
1011010010001001111010001011100010000000000000000000000000000000000010
1010011000011000000111000100101011000000000000000000000000000000000010
1011100111011100001000010001010010100000000000000000000000000000000010
1010010011110011110001111101000100100000000000000000000000000000000010
1010110111111001011010010100000011100000000000000000000000000000000010
1010111100000010000000011011100010000000000000000000000000000000000010
1011010111110111110101111010101001100000000000000000000000000000000010
1010110100011010100001001101111111000000000000000000000000000000000010
1011111110111101111111111001110001100000000000000000000000000000000010
1011111001011101100111000101101001000000000000000000000000000000000010
1010100110110111110100111110000100000000000000000000000000000000000010
1011100111100011010001101101000010100000000000000000000000000000000010
1011110001110010111000011011001011100000000000000000000000000000000010
1011011000000000000000110010010110000000000000000000000000000000000010
1011000011001011100101101010101100100000000000000000000000000000000010
1010101111111000000001011100100001000000000000000000000000000000000010
1011111110111101001100110100110011000000000000000000000000000000000010
1011101000110101011100001111001111000000000000000000000000000000000010
1010000011001100110100001110101100100000000000000000000000000000000010
1011101011100001011101110010000110100000000000000000000000000000000010
1011001101100100110100011010110111000000000000000000000000000000000010
1011111101010111101101010010000101000000000000000000000000000000000010
1011001111001001011111000010111001000000000000000000000000000000000010
1011111110000011001101111010100010100000000000000000000000000000000010
1010011010000000111000001011011110000000000000000000000000000000000010
1011101001010001100001111011100100100000000000000000000000000000000010
1011111010000101010010100100101001100000000000000000000000000000000010
1011010001101000010110101011011100100000000000000000000000000000000010
1011000000100100000101011000011110100000000000000000000000000000000010
1011110010000111101000011110110101100000000000000000000000000000000010
1011000000001100010000000000100111100000000000000000000000000000000010
1011001101111111011011011111100010000000000000000000000000000000000010
1010001101110001010000110100110100000000000000000000000000000000000010
1010111010100010101110111101100100000000000000000000000000000000000010
1010110000111000010101010100110111100000000000000000000000000000000010
1010101100100000001110100010010101000000000000000000000000000000000010
1011001100111001100000000000000101000000000000000000000000000000000010
1010000010000111111100001010101001100000000000000000000000000000000010
1011010011011001111010100000010101000000000000000000000000000000000010
1011000101011111011010101110000110000000000000000000000000000000000010
1011001001110000000000100000110111000000000000000000000000000000000010
1010100110001010111010100111000010100000000000000000000000000000000010
1010110010001011110100111100000110100000000000000000000000000000000010
1011011110111101110111100001001000000000000000000000000000000000000010
1010000001110001001011100001001001100000000000000000000000000000000010
1010100011010111110000111010101000100000000000000000000000000000000010
1011010101010011000100001001001110000000000000000000000000000000000010
1010111010001110001011010000011111100000000000000000000000000000000010
1011000101100000001110101000011111100000000000000000000000000000000010
1011100010110100001011001101100111000000000000000000000000000000000010
1011111100001100001101110011011010000000000000000000000000000000000010
1010101001010100001111100010001001000000000000000000000000000000000010
1011110001001111010010111000001001000000000000000000000000000000000010
1010011010111101100011110101110001100000000000000000000000000000000010
1010000001101101000010001000011010100000000000000000000000000000000010
1010011001010010111111101100011001100000000000000000000000000000000010
1011001111000111100011011000001110100000000000000000000000000000000010
1010100010001100000001110110010101000000000000000000000000000000000010
1011101000011101001100100100100001100000000000000000000000000000000010
1010001010100001101000110010101011100000000000000000000000000000000010
1010110011110110011001011101001101000000000000000000000000000000000010
1011100111011011010110101101110111100000000000000000000000000000000010
1010000001100101110000101101111010100000000000000000000000000000000010
1010011101100110011101100100011101000000000000000000000000000000000010
1011111100111001111100111100010000100000000000000000000000000000000010
1010010000000111011001111001100111100000000000000000000000000000000010
1010110010110111100101110000011100000000000000000000000000000000000010
1010100110000011010101101000000000000000000000000000000000000000000010
1011100010111110111001111011011101000000000000000000000000000000000010
1010100110000010110001111111010010000000000000000000000000000000000010
1011011000001011011110100111111011000000000000000000000000000000000010
1010000110000110100011100001011111100000000000000000000000000000000010
1010111101110100010001001111100011100000000000000000000000000000000010
1010000010001000101010000000010001100000000000000000000000000000000010
1010001101011101010100111011011010100000000000000000000000000000000010
1010110101110000111100101111100000100000000000000000000000000000000010
1010100111001110001010001101000011100000000000000000000000000000000010
1010110100100000111101010001010101000000000000000000000000000000000010
1011010001000101000000111101100111000000000000000000000000000000000010
1011110100001000110000010110011000000000000000000000000000000000000010
1010000010001100011011010100110010000000000000000000000000000000000010
1011011101001000111110001111011011100000000000000000000000000000000010
1010010101001111000100100110111110000000000000000000000000000000000010
1010100110000101110001111101100011000000000000000000000000000000000010
1010100100101111111001101101000001000000000000000000000000000000000010
1011011101101001010110111101111001100000000000000000000000000000000010
1011010001101111000111000111010001100000000000000000000000000000000010
1011101101101010010100011000011000100000000000000000000000000000000010
1010110011111111011001101100111011100000000000000000000000000000000010
1011001001011110101101101110100001000000000000000000000000000000000010
1011001101111001011111000110111010000000000000000000000000000000000010
1011110100101100110110010001000101000000000000000000000000000000000010
1010001100010110000111100101101110100000000000000000000000000000000010
1010111011111000101101011010110110000000000000000000000000000000000010
1011000100000110100011001000001101100000000000000000000000000000000010
1010101010111100010111010101111110100000000000000000000000000000000010
1011101010101100001010100100101000100000000000000000000000000000000010
1010001110000110010101010100101001000000000000000000000000000000000010
1011101000111010000100111001110001100000000000000000000000000000000010
1011111001100001010000111110100100000000000000000000000000000000000010
1011000101010010001111001010001100000000000000000000000000000000000010
1010101100110100010000011011100011100000000000000000000000000000000010
1011000000100111011111011001101001100000000000000000000000000000000010
1011111101011011000111111001010100000000000000000000000000000000000010
1011000010111110001111110100011101100000000000000000000000000000000010
1011111110111010101111000111110111100000000000000000000000000000000010
1011010100010010010010001110110011100000000000000000000000000000000010
1011011111011100100011011100101010000000000000000000000000000000000010
1010110010110101000100111110010000000000000000000000000000000000000010
1010010100111100111001001000110011100000000000000000000000000000000010
1010000001110010100110001101100000000000000000000000000000000000000010
1010100101110100010110100001101000000000000000000000000000000000000010
1010110010010010100001110111010111100000000000000000000000000000000010
1010010111110100110111000011110010000000000000000000000000000000000010
1010010101000000110001000010100111100000000000000000000000000000000010
1011010001010010100100100111101111000000000000000000000000000000000010
1011111010101111110011110111000110000000000000000000000000000000000010
1011110001010101101000001110011010000000000000000000000000000000000010
1010001010010001101001010111000011100000000000000000000000000000000010
1010101100001110000101001010100001100000000000000000000000000000000010
1011110110010100011011111111110010100000000000000000000000000000000010
1010011010011110010000100010111000100000000000000000000000000000000010
1011101111011001010111010111101110100000000000000000000000000000000010
1010110100001001001001101000100011000000000000000000000000000000000010
1010011001001011110010001101111111100000000000000000000000000000000010
1010110110010101100001011010110100000000000000000000000000000000000010
1010100001011110001000010000010110100000000000000000000000000000000010
1011101010101011001000101110101010000000000000000000000000000000000010
1010001011101000010001110101000100100000000000000000000000000000000010
1011011010011111110010100101000010100000000000000000000000000000000010
1011101001001100011100001010111111000000000000000000000000000000000010
1010000011000110111111101111100001100000000000000000000000000000000010
1010100000000010011110000010101001100000000000000000000000000000000010
1010100100010001000011111111110100000000000000000000000000000000000010
1011000010100110100001101000100111000000000000000000000000000000000010
1010011101101110001001001110000111000000000000000000000000000000000010
1011011011000101011011010001101110000000000000000000000000000000000010
1011011000101111000010101110001101000000000000000000000000000000000010
1011101010110011100010011011101101100000000000000000000000000000000010
1010011100010110111110100000100010100000000000000000000000000000000010
1010101000111100010000001011000101000000000000000000000000000000000010
1010010001010100100010110011000100000000000000000000000000000000000010
1011111100000111110111000111110011000000000000000000000000000000000010
1010101110111010111000011100111001000000000000000000000000000000000010
1010100010111101110110101111001110100000000000000000000000000000000010
1010101100100111011010011010101101000000000000000000000000000000000010
1011010111101110111110011111001101100000000000000000000000000000000010
1010001100000011111100111000011001100000000000000000000000000000000010
1010100111000000111011010011000110100000000000000000000000000000000010
1011011001011001011111001101001010100000000000000000000000000000000010
1011011001000101011011101101011110100000000000000000000000000000000010
1010111000000001111111011101111110100000000000000000000000000000000010
1010011111001111101110111110100110100000000000000000000000000000000010
1010001010100110001000110000011111100000000000000000000000000000000010
1010111100011010001110100000001101000000000000000000000000000000000010
1010101010110011011100110110001001100000000000000000000000000000000010
1010101111010011110000110001100101000000000000000000000000000000000010
1010001011001111011111011101001100000000000000000000000000000000000010
1011010010010110100100100000110111000000000000000000000000000000000010
1010101000010011110011001000010110000000000000000000000000000000000010
1010001010110100100100101010100111000000000000000000000000000000000010
1010001110110001001101101000100100100000000000000000000000000000000010
1010001010101010100100110100110111100000000000000000000000000000000010
1010111101101011000001100110100011000000000000000000000000000000000010
1011101010111001010011110101011101100000000000000000000000000000000010
1010101110010111110110011000001000000000000000000000000000000000000010
1011011111000100010111110000100101100000000000000000000000000000000010
1010110110100101101001001010000001100000000000000000000000000000000010
1010111110011100101001100101111001100000000000000000000000000000000010
1011000110010100110110111000100111100000000000000000000000000000000010
1011011101111000110010100011111111100000000000000000000000000000000010
1010010100101100111001100101000101100000000000000000000000000000000010
1011000101011111011100001101001010000000000000000000000000000000000010
1010100110101101000111101110111000000000000000000000000000000000000010
1010000110101111100000111010100100000000000000000000000000000000000010
1011001111101101111000011001000010000000000000000000000000000000000010
1010001000110111100011010001010100000000000000000000000000000000000010
1011111010101110101001010100010110000000000000000000000000000000000010
1011010101011010001001011010111011000000000000000000000000000000000010
1011110101010101010101001100100001000000000000000000000000000000000010
1010110100011100100111101101110011000000000000000000000000000000000010
1011101001001001100101001101110101000000000000000000000000000000000010
1010100110010111111001110111100001000000000000000000000000000000000010
1011010111111000110101111111101010000000000000000000000000000000000010
1011001001101111010010101111100110100000000000000000000000000000000010
1011010101101001011001111100001101100000000000000000000000000000000010
1010100101111110000011011000100011100000000000000000000000000000000010
1010011110111001011010011100001110000000000000000000000000000000000010
1010000111001011010110001011011111000000000000000000000000000000000010
1010000011011000001010101101101101100000000000000000000000000000000010
1011011000111110101100011111011001100000000000000000000000000000000010
1011100101110000000111110101001101000000000000000000000000000000000010
1011010001010111001110111110100110100000000000000000000000000000000010
1010010111110110111011110100001110000000000000000000000000000000000010
1011111111101001010111011110111001000000000000000000000000000000000010
1010000000010011011001010100111011000000000000000000000000000000000010
1010111100000101111011000010110010000000000000000000000000000000000010
1011100001010010100000110011001110000000000000000000000000000000000010
1010001001010111001010101011001001000000000000000000000000000000000010
1011111001010111001101011010001100000000000000000000000000000000000010
1010001101111000011111111110111000100000000000000000000000000000000010
1011001111011111011000101111101111100000000000000000000000000000000010
1010101101001111100000011001111001100000000000000000000000000000000010
1010000101001111100010001111011001000000000000000000000000000000000010
1010010101000001001110000111001100000000000000000000000000000000000010
1010110000101110101000001001010010000000000000000000000000000000000010
1010010000101000100101011011100000100000000000000000000000000000000010
1010100010011010001111011010111001000000000000000000000000000000000010
1011011110010100100111110100110000100000000000000000000000000000000010
1011000110100110001000011101010010100000000000000000000000000000000010
1010111000010001010111101001111000100000000000000000000000000000000010
1011101111101011100110111011011011000000000000000000000000000000000010
1010100110110000010001111111101010000000000000000000000000000000000010
1010110000010100100010010101000111100000000000000000000000000000000010
1011000110100000011100011110010001100000000000000000000000000000000010
1010001010010001100001010001001001100000000000000000000000000000000010
1011011111110111101111001111001011000000000000000000000000000000000010
1010011100100111110000000001010111000000000000000000000000000000000010
1011100011001011010110110010000111000000000000000000000000000000000010
1011111101111001000100110101111011000000000000000000000000000000000010
1010011010100100000111001011110010000000000000000000000000000000000010
1011011010000111010101111100100110100000000000000000000000000000000010
1010010000111001000000101111110011000000000000000000000000000000000010
1010001000010011101101110111000111000000000000000000000000000000000010
1010001011111001111110001101001111100000000000000000000000000000000010
1011010101100011011111001011100110100000000000000000000000000000000010
1010111010010010110101100011110111100000000000000000000000000000000010
1010011100101011111010011101100010000000000000000000000000000000000010
1011111010110111001101100001100111000000000000000000000000000000000010
1011000000100111100101100000000110100000000000000000000000000000000010
1010000001111100001101011111111010000000000000000000000000000000000010
1011101011101010000011101000011011100000000000000000000000000000000010
1010110000000000110010011111101111100000000000000000000000000000000010
1010000101010100000101001101101110000000000000000000000000000000000010
1011110001100010011101100110000001100000000000000000000000000000000010
1010001001110001011000011010110011000000000000000000000000000000000010
1011010000011101000101000001000110000000000000000000000000000000000010
1010001100111000100100001010000010000000000000000000000000000000000010
1011010011101101110100110001010110000000000000000000000000000000000010
1011100011100010111111101000100100100000000000000000000000000000000010
1010000001000100010110001001001110000000000000000000000000000000000010
1010101101010101110100011011011010100000000000000000000000000000000010
1010100100011110110110110001011100000000000000000000000000000000000010
1011010101000111011011000011101001100000000000000000000000000000000010
1011100010001111100101001010011010100000000000000000000000000000000010
1010100001101100111110001001101001100000000000000000000000000000000010
1011111011001111101101101010010101100000000000000000000000000000000010
1011011101101001101100000100110111000000000000000000000000000000000010
1010110010001100010111011000010111100000000000000000000000000000000010
1010001011111101000100000011001000100000000000000000000000000000000010
1011011100111001011100101110011111000000000000000000000000000000000010
1011100100101101110011110011111011100000000000000000000000000000000010
1011001101110111110110101101011011100000000000000000000000000000000010
1011111001101100110111000001100111100000000000000000000000000000000010
1011101111011011011110001001000001000000000000000000000000000000000010
1010011101001001101101001110010010100000000000000000000000000000000010
1011111101011100100010000100011101000000000000000000000000000000000010
1010001110000001111000100111011011000000000000000000000000000000000010
1011011111101011111111011111001110100000000000000000000000000000000010
1010011000111001011110101001110010100000000000000000000000000000000010
1010101110110111010110001000111011100000000000000000000000000000000010
1010001101101101111100010100100010100000000000000000000000000000000010
1011010110000001000100001110101101100000000000000000000000000000000010
1010001000001110101001110000111000100000000000000000000000000000000010
1011111110000110110111010000110000000000000000000000000000000000000010
1010101110000000101010000010111000100000000000000000000000000000000010
1010010001110110000101111010100100000000000000000000000000000000000010
1010101110001111100111111011001111000000000000000000000000000000000010
1010101001101101101100001100101010000000000000000000000000000000000010
1010111010011000010100100101100001100000000000000000000000000000000010
1011010010010011000100101100110000100000000000000000000000000000000010
1011010010100010010100110000110010000000000000000000000000000000000010
1010011011011000000101001110001000100000000000000000000000000000000010
1010101000011000111000110100010001100000000000000000000000000000000010
1010110100101111001100100110100010000000000000000000000000000000000010
1011100110110101100111100110110000000000000000000000000000000000000010
1010010101100110100110111100100110000000000000000000000000000000000010
1011001011101011100110010000010001100000000000000000000000000000000010
1010000101010000100101010110111000000000000000000000000000000000000010
1011011101010000110100110001110101000000000000000000000000000000000010
1010101011100100001101011111110111100000000000000000000000000000000010
1010011001000010011111101101110100100000000000000000000000000000000010
1011111110111011111101100011100001000000000000000000000000000000000010
1010111010001001111111000101101110100000000000000000000000000000000010
1011001001001110110110000010011101100000000000000000000000000000000010
1011111110011110111011100111010000000000000000000000000000000000000010
1011101000001101001101110101011010000000000000000000000000000000000010
1011010101001100111000111010100100100000000000000000000000000000000010
1010100001010110110001111110000111000000000000000000000000000000000010
1010110100010000100011101110110100100000000000000000000000000000000010
1011111000111101110111011100010111100000000000000000000000000000000010
1010111010010110011111001011011110000000000000000000000000000000000010
1011010010010010100000111101011101100000000000000000000000000000000010
1010001100100111011011100001100000000000000000000000000000000000000010
1010101001101111010010101101001111000000000000000000000000000000000010
1011100011010111011010101000010010100000000000000000000000000000000010
1011001110100111011010011111100100100000000000000000000000000000000010
1011001100110001010001000101111110000000000000000000000000000000000010
1011111000110100110011110010001001000000000000000000000000000000000010
1010110010001000110101100001110101000000000000000000000000000000000010
1010101000111111011100011011001001000000000000000000000000000000000010
1011010111110010010101011001100101100000000000000000000000000000000010
1010111100110101100111100010011101100000000000000000000000000000000010
1010110100011111000111110110011101100000000000000000000000000000000010
1011001011010000000100000100110000000000000000000000000000000000000010
1010100001100011101000110010100011100000000000000000000000000000000010
1011000100100110011010110010110111100000000000000000000000000000000010
1011111100000110000111000001100101100000000000000000000000000000000010
1011100000001100111100000110001011100000000000000000000000000000000010
1011111110110110010100000100001111100000000000000000000000000000000010
1011011111011111100001011011011101100000000000000000000000000000000010
1011000000111111100011001110111101100000000000000000000000000000000010
1010010010011100100101011101111000100000000000000000000000000000000010
1010101001000111000101111011100000000000000000000000000000000000000010
1011110110000101001001111000000011000000000000000000000000000000000010
1011010111011101111010100011010110000000000000000000000000000000000010
1011000111110010101111101000011010100000000000000000000000000000000010
1011011110100100010100110100100011100000000000000000000000000000000010
1011100011110011101010011010101111000000000000000000000000000000000010
1010101001011011100001111010001111000000000000000000000000000000000010
1010010001100001000011011001010101100000000000000000000000000000000010
1010000000011110000101100110111000100000000000000000000000000000000010
1011110111000001111001001010101111000000000000000000000000000000000010
1010110010110111110011101110100110000000000000000000000000000000000010
1011110111101100011110110111000110000000000000000000000000000000000010
1011010001000111001010000111101100100000000000000000000000000000000010
1010000111100110010110011101101101000000000000000000000000000000000010
1010001001111101110110001010110110000000000000000000000000000000000010
1011110101101010011001101001010101100000000000000000000000000000000010
1010000010101101100001110100101100000000000000000000000000000000000010
1010110110110111001110111000011100100000000000000000000000000000000010
1011100000010101001100111100100010000000000000000000000000000000000010
1010110000110101110011100101010001100000000000000000000000000000000010
1011110100000111000011100110011110100000000000000000000000000000000010
1011101101101000010101100111110110100000000000000000000000000000000010
1010000011101100011000001001101011000000000000000000000000000000000010
1011110111010110011111000101010101100000000000000000000000000000000010
1011000101011011100011111011001110100000000000000000000000000000000010
1011010111110111101011111111000111000000000000000000000000000000000010
1011011010011110111001011010101011100000000000000000000000000000000010
1010101010101111100000000110100101000000000000000000000000000000000010
1011000010010001101001001001110110000000000000000000000000000000000010
1011100111101001001110101111011111000000000000000000000000000000000010
1010001110111101110111010000000001100000000000000000000000000000000010
1010110100011101110011010111010110100000000000000000000000000000000010
1010111000010111100111001011100010000000000000000000000000000000000010
1011111010010101101101101100110101000000000000000000000000000000000010
1010010011001000000001010011111010100000000000000000000000000000000010
1011101110100011000011011101010101100000000000000000000000000000000010
1011011100111100101010001110110000000000000000000000000000000000000010
1011000101010101110010000100001111000000000000000000000000000000000010
1010100000000110001000101011100101000000000000000000000000000000000010
1010001000110100110100111001110010100000000000000000000000000000000010
1010001011010010010101100011001110100000000000000000000000000000000010
1011001111000011101101101001101110100000000000000000000000000000000010
1011100110000011101000011110000010000000000000000000000000000000000010
1011010010000110011110000100110100100000000000000000000000000000000010
1011111000011110001100011101010111100000000000000000000000000000000010
1011011111101110010001011010000000100000000000000000000000000000000010
1010000111010001100011100110101011000000000000000000000000000000000010
1010000000100111001000100001110010100000000000000000000000000000000010
1010101110110001110100001111101111100000000000000000000000000000000010
1010001101001001100100001011101100000000000000000000000000000000000010
1011010000101101100010110100001001000000000000000000000000000000000010
1011001011011111010111100010011011100000000000000000000000000000000010
1010111101100000111100010010010001000000000000000000000000000000000010
1010011000101111010000111110000000000000000000000000000000000000000010
1010100010011000000101100000101101000000000000000000000000000000000010
1011011110011111100011001101111111000000000000000000000000000000000010
1010000101000110001100010101111001100000000000000000000000000000000010
1011110111001000110011011111011001000000000000000000000000000000000010
1010011010000001000001000101100010000000000000000000000000000000000010
1011100101101110110010001111111000000000000000000000000000000000000010
1011011111011010110010010010000111100000000000000000000000000000000010
1010101011101011011110101100111100100000000000000000000000000000000010
1010001010110101101011011010110001100000000000000000000000000000000010
1011101110010010100111011011100100000000000000000000000000000000000010
1011011111100110000010010011110100000000000000000000000000000000000010
1010010100011001100101000001100001000000000000000000000000000000000010
1010001111110110110101000001100000000000000000000000000000000000000010
1011001111111111001100101001011100100000000000000000000000000000000010
1011111001100111001001001100100111100000000000000000000000000000000010
1010100000110101111110000010111100100000000000000000000000000000000010
1011000000011110100011000100110011100000000000000000000000000000000010
1010000011101101110110100010101101000000000000000000000000000000000010
1010111010100101000010001000010101100000000000000000000000000000000010
1011001000111100000010010000110110100000000000000000000000000000000010
1011001100110101011101111100101110000000000000000000000000000000000010
1010100110011101000110001000001110100000000000000000000000000000000010
1011111111100111000110011111111111000000000000000000000000000000000010
1010010000101000101101001001010001100000000000000000000000000000000010
1011001001010111110011111101111110000000000000000000000000000000000010
1011100001011110010011000010011100100000000000000000000000000000000010
1011010111001111000111001110100011100000000000000000000000000000000010
1010111110111111111000000001000001000000000000000000000000000000000010
1010001010100111100011001000000111100000000000000000000000000000000010
1010100010101011101100111110011111000000000000000000000000000000000010
1011010000110101010100010011110101100000000000000000000000000000000010
1010000000111011100001101000011010000000000000000000000000000000000010
1010011001011001010001101010010110000000000000000000000000000000000010
1010100100110010100111111110101100100000000000000000000000000000000010
1011111000000010111010010010111011000000000000000000000000000000000010
1010100000100110100110011110011100100000000000000000000000000000000010
1011101110100110101101000100010000000000000000000000000000000000000010
1011010110001101101110010110110000000000000000000000000000000000000010
1011010001001100101100000110101001100000000000000000000000000000000010
1010000111100101000001110011111001000000000000000000000000000000000010
1010101110101111101101010000011101100000000000000000000000000000000010
1010001100001101100010010111111100100000000000000000000000000000000010
1010100110110010010110000011010000100000000000000000000000000000000010
1011010101000000111101010011001010000000000000000000000000000000000010
1011100011011000101100100100011000000000000000000000000000000000000010
1011101010101101001111011110111100100000000000000000000000000000000010
1011111100111101010100000110101101000000000000000000000000000000000010
1010010011011001110001011011100100100000000000000000000000000000000010
1011011000101000010010010111100100100000000000000000000000000000000010
1011011100001001100101011011100000100000000000000000000000000000000010
1010110110111011011100100100010011100000000000000000000000000000000010
1011111001001010000010110101011011000000000000000000000000000000000010
1011011111001001101000111000010010000000000000000000000000000000000010
1010100010110011011010011001110101000000000000000000000000000000000010
1010011111111001011000100100101011000000000000000000000000000000000010
1011011011110010101000001100001111100000000000000000000000000000000010
1011100110010100111100101101001111100000000000000000000000000000000010
1011100100100001101011101010111101000000000000000000000000000000000010
1011111111001111010000000000110000100000000000000000000000000000000010
1010101010101101111001001101000001100000000000000000000000000000000010
1011001111000011101100001010100111000000000000000000000000000000000010
1010110010001101001011101011101011000000000000000000000000000000000010
1011110011111010010111010010100110100000000000000000000000000000000010
1010010010011100111011111010000010100000000000000000000000000000000010
1010101101110000100100010100000110100000000000000000000000000000000010
1011111111100001110011101000100111000000000000000000000000000000000010
1011110001111010110110010110111001000000000000000000000000000000000010
1011010111101010100001101110100100000000000000000000000000000000000010
1010100100011111100100110010100101000000000000000000000000000000000010
1011001110001111111001110011110010000000000000000000000000000000000010
1011001010110000000001100100110100100000000000000000000000000000000010
1010000011010110110000110100001101100000000000000000000000000000000010
1010111001000001100010101000110001000000000000000000000000000000000010
1011110111100110011110101101111110100000000000000000000000000000000010
1011110010101111101001101111101111000000000000000000000000000000000010
1011110010001000001100100110111101000000000000000000000000000000000010
1010100101011011101010101110100000100000000000000000000000000000000010
1011010110001110001111000010101011000000000000000000000000000000000010
1011110010101011010111100100101000100000000000000000000000000000000010
1010010101111111101100110000100010000000000000000000000000000000000010
1010011100011101100100010100001100100000000000000000000000000000000010
1011010000100110010000101001101011100000000000000000000000000000000010
1010111000001011110000010111100110000000000000000000000000000000000010
1010001100101100011100001011101111100000000000000000000000000000000010
1010011001000010010000011010101010100000000000000000000000000000000010
1010001110001011100000011000001000000000000000000000000000000000000010
1010011111011111111011000011101010000000000000000000000000000000000010
1010100010110011000101100010001100000000000000000000000000000000000010
1010100111100101000011111011111000100000000000000000000000000000000010
1010101011101101110100100011101101000000000000000000000000000000000010
1011001111111011000111110000100111000000000000000000000000000000000010
1011000110101001001100111101001001100000000000000000000000000000000010
1010010011101101100011010100100110000000000000000000000000000000000010
1010000110100011010010001011001010100000000000000000000000000000000010
1010000000110001101010110111001011100000000000000000000000000000000010
1010110111011011000111011011110100000000000000000000000000000000000010
1010010111100001010001111011000001000000000000000000000000000000000010
1010110010000101101000001111111101000000000000000000000000000000000010
1011001101001000101011110100000111100000000000000000000000000000000010
1010100111001010010011001000110100100000000000000000000000000000000010
1011000001100101101001010111101001000000000000000000000000000000000010
1011000001011111100010110000001011000000000000000000000000000000000010
1010100010011110111101111100110111100000000000000000000000000000000010
1010000110100111111001111111000011000000000000000000000000000000000010
1010001001001010101001011100001101000000000000000000000000000000000010
1010011000110011010111111011100100100000000000000000000000000000000010
1010010101001100000111010100100110100000000000000000000000000000000010
1011110110000111011101110110110111100000000000000000000000000000000010
1010001000100111000101011010011111100000000000000000000000000000000010
1010011000001100110010010000100010100000000000000000000000000000000010
1010000011110010111110011000010011000000000000000000000000000000000010
1010101100101001000011111111000000100000000000000000000000000000000010
1011001011110100101011011001101001000000000000000000000000000000000010
1010110000011010011111000011100110000000000000000000000000000000000010
1011101100100100011011010000011000100000000000000000000000000000000010
1010001101101100011101110000000011100000000000000000000000000000000010
1010010011011111111011001111000000000000000000000000000000000000000010
1011111100101001111011011011100010100000000000000000000000000000000010
1011111000011100010100111010000111100000000000000000000000000000000010
1011000101010010011000111111001000100000000000000000000000000000000010
1010101111011000111001000101011000000000000000000000000000000000000010
1010001000101001101001100000111110100000000000000000000000000000000010
1010010011011100111011010100010100000000000000000000000000000000000010
1011111111100000001110111101000001100000000000000000000000000000000010
1010111101000100110110101100000011100000000000000000000000000000000010
1010011000011100111001110111000001000000000000000000000000000000000010
1011100111111110010010001011101101000000000000000000000000000000000010
1010100011010010101000111111100000100000000000000000000000000000000010
1010010111011000000001100111100111000000000000000000000000000000000010
1011011111111001000100110101010000000000000000000000000000000000000010
1010000111001100001011000000110000000000000000000000000000000000000010
1011101001010110000001110110101011000000000000000000000000000000000010
1011111101111110000111001100111111100000000000000000000000000000000010
1010011001110110110000011011000110100000000000000000000000000000000010
1010001011010111111000110011010101000000000000000000000000000000000010
1011100101100111111100010011001010000000000000000000000000000000000010
1011100011111110101010111111101111100000000000000000000000000000000010
1010111010001000100110000000110001100000000000000000000000000000000010
1010010111011110010011011110000110000000000000000000000000000000000010
1011010011001111100001111001100100000000000000000000000000000000000010
1011101111110011000011011100001110100000000000000000000000000000000010
1011001010011000111000111011110010100000000000000000000000000000000010
1010011010110100010001110001011010100000000000000000000000000000000010
1010110110100101101111001110100110000000000000000000000000000000000010
1011011110001111111000110010011111100000000000000000000000000000000010
1010100101110100010111000011100010100000000000000000000000000000000010
1011000111001111111100000010001101000000000000000000000000000000000010
1010010011001111111000111000111010100000000000000000000000000000000010
1011000000011110100111111111000110100000000000000000000000000000000010
1010000000001111010110001111111101100000000000000000000000000000000010
1011001111111010011001010010000011100000000000000000000000000000000010
1010111110010101000101010111001100100000000000000000000000000000000010
1010000111011000011110100111111001100000000000000000000000000000000010
1011100110110110010011111110011110100000000000000000000000000000000010
1010001001000100001001001110011101000000000000000000000000000000000010
1010111000100100110001011001010001000000000000000000000000000000000010
1010010111001111101110010010101100100000000000000000000000000000000010
1010001111001011111111111011010111000000000000000000000000000000000010
1010100010101001101000100111010111100000000000000000000000000000000010
1011111111001011011111101100000100100000000000000000000000000000000010
1010001101010100000100101111010110000000000000000000000000000000000010
1011001100111010110001010101101000000000000000000000000000000000000010
1011000110101111101110110110011001100000000000000000000000000000000010
1010011001011010100010111100000101100000000000000000000000000000000010
1010000110000111100100101010100110100000000000000000000000000000000010
1011100001100110001000001010010110000000000000000000000000000000000010
1011111001001110101100000110100001100000000000000000000000000000000010
1011001001001101000101110001101100000000000000000000000000000000000010
1010010000111000000110010100000110000000000000000000000000000000000010
1011110011010100010001100111010001000000000000000000000000000000000010
1011100001001001001100011100000100100000000000000000000000000000000010
1011110111100110100111011000010100100000000000000000000000000000000010
1011011000100011000110101100000101000000000000000000000000000000000010
1011110100110101000010010000010110000000000000000000000000000000000010
1011000101111100110010110001100010000000000000000000000000000000000010
1011111010010101011100000000111100000000000000000000000000000000000010
1010000000011001011011110001100111000000000000000000000000000000000010
1011110111111001001000011100101010100000000000000000000000000000000010
1011100110000000001000010010101111100000000000000000000000000000000010
1010111011011000100111010101000100000000000000000000000000000000000010
1011101110100101001101000100110011000000000000000000000000000000000010
1010011000100011101101011101001100000000000000000000000000000000000010
1011010001000100110000100000100111000000000000000000000000000000000010
1010011110100110001000101100100101000000000000000000000000000000000010
1010101010010100111001011010100001000000000000000000000000000000000010
1011010100110011111110101111010011000000000000000000000000000000000010
1011010011101111100101110101101101100000000000000000000000000000000010
1011001101101011100101010011010110100000000000000000000000000000000010
1010100111100010111101000101111110000000000000000000000000000000000010
1011010010111000000011010011111110100000000000000000000000000000000010
1011100010111100111001000001111100000000000000000000000000000000000010
1010001010111110101000001011000111000000000000000000000000000000000010
1010000110010001100100001111101010100000000000000000000000000000000010
1011010000011011110100001110111101000000000000000000000000000000000010
1011100001011111000101011001000110100000000000000000000000000000000010
1010100100010110111110111110010000000000000000000000000000000000000010
1010110001101011100011000001010010000000000000000000000000000000000010
1011010011110001100110111000111110000000000000000000000000000000000010
1010011110010000110011000011000010000000000000000000000000000000000010
1010100000001111001010001001111100000000000000000000000000000000000010
1010001010011001100101010111001100000000000000000000000000000000000010
1010111111100110101000101001011001100000000000000000000000000000000010
1010000100010000010110010001001100100000000000000000000000000000000010
1010001110111101010100000001111100000000000000000000000000000000000010
1011111100110010101111000010100011000000000000000000000000000000000010
1011110000011000100110101111101011100000000000000000000000000000000010
1011111010010100110011001110010111100000000000000000000000000000000010
1010011011101000110111100101001001000000000000000000000000000000000010
1010111011010011110000111011010111100000000000000000000000000000000010
1010010111001111010000011001001101100000000000000000000000000000000010
1010110010000100010100110010001011000000000000000000000000000000000010
1010110101101001011010111110101001100000000000000000000000000000000010
1010000001100111000111011110110010000000000000000000000000000000000010
1010100111101111101100101101100001000000000000000000000000000000000010
1010110001011010100010001001010111100000000000000000000000000000000010
1011000011011010110000100111111001000000000000000000000000000000000010
1010011011010101001110111011110001100000000000000000000000000000000010
1011101111100110100101110101100001000000000000000000000000000000000010
1011011010101110000100100001111100100000000000000000000000000000000010
1010010101001001101011000100100001100000000000000000000000000000000010
1011001000011101100100000000111101000000000000000000000000000000000010
1010101111000100100101111000101010100000000000000000000000000000000010
1011011011010001010010111110110111000000000000000000000000000000000010
1011000010100100111001111001111011000000000000000000000000000000000010
1010111011110000100110000010010110000000000000000000000000000000000010
1010000000100011111001101100010110000000000000000000000000000000000010
1011010010001101111010111001110100100000000000000000000000000000000010
1011010111100000000100010011111100000000000000000000000000000000000010
1011111100010100010000100011101100000000000000000000000000000000000010
1010011010111011101000010111011101100000000000000000000000000000000010
1011000110000101011110011001111010100000000000000000000000000000000010
1010100001010011011011111001001011000000000000000000000000000000000010
1011111011110110000101001111010100100000000000000000000000000000000010
1010110010001000001001101100110110000000000000000000000000000000000010
1011010110111001001010111010100000100000000000000000000000000000000010
1011010100101010000010010010011110100000000000000000000000000000000010
1011001101010010011000100010011101100000000000000000000000000000000010
1011111100010011100100111110011010100000000000000000000000000000000010
1011000000110001100001110101000010100000000000000000000000000000000010
1011110101001001010101001101011010000000000000000000000000000000000010
1011100100100110110110110011000010000000000000000000000000000000000010
1011010000100100110101110000101001100000000000000000000000000000000010
1011011010011101001010110001010010000000000000000000000000000000000010
1010001010011010000110100011110101100000000000000000000000000000000010
1011000110010100100001110000011100000000000000000000000000000000000010
1011000110110001000010100011011000100000000000000000000000000000000010
1010101010101101110100111111101001100000000000000000000000000000000010
1010011000100000011000101110101000100000000000000000000000000000000010
1011100001000101101001010110111011000000000000000000000000000000000010
1010010111100101010101010001000000100000000000000000000000000000000010
1010100100100101010111101111110011100000000000000000000000000000000010
1010101110011111100111000111110000000000000000000000000000000000000010
1010001101001011010101100010101101100000000000000000000000000000000010
1011010111101000101010100001110100100000000000000000000000000000000010
1010000011001110000100001011100111000000000000000000000000000000000010
1011111100100001000000111011100001100000000000000000000000000000000010
1011010110111101011101101100010101100000000000000000000000000000000010
1011010100110100001000101100110001000000000000000000000000000000000010
1010101001000100111011001001011001100000000000000000000000000000000010
1011000001011101010110000011110001000000000000000000000000000000000010
1011100001011011011001110001011010000000000000000000000000000000000010
1011000111101110000100010000011100000000000000000000000000000000000010
1010011111011001011000000001111111100000000000000000000000000000000010
1011000110101001110010111001000011100000000000000000000000000000000010
1011000110001110001001101100011111100000000000000000000000000000000010
1010001110110100110010101000011010100000000000000000000000000000000010
1010111100111110000000100010000110000000000000000000000000000000000010
1011000100001100101101011110001100000000000000000000000000000000000010
1010101001110010011101110100001110100000000000000000000000000000000010
1010001110000000010101110010010001000000000000000000000000000000000010
1010011101100101000011101100111011000000000000000000000000000000000010
1011111100010001011110111001011101000000000000000000000000000000000010
1011010111100100111000101100011110100000000000000000000000000000000010
1010110101111010110000110011001011100000000000000000000000000000000010
1011110001100100111011001010010000100000000000000000000000000000000010
1011111100011101110111000111001001000000000000000000000000000000000010
1010110101100001111001100000101100100000000000000000000000000000000010
1011000010000000010000010101110001100000000000000000000000000000000010
1010111111110111010101001110010010000000000000000000000000000000000010
1011101101110010111100010111000011000000000000000000000000000000000010
1011100101011111011000111100111110100000000000000000000000000000000010
1010101010111100111001000101001100100000000000000000000000000000000010
1010000011100010110000001000010101000000000000000000000000000000000010
1011000001010011110110101111111000000000000000000000000000000000000010
1011110011000001100111100001000011100000000000000000000000000000000010
1011110111100000010001111101000000100000000000000000000000000000000010
1010111000000101000010010110100000100000000000000000000000000000000010
1011100101101010000110110111011111100000000000000000000000000000000010
1011011110001001011001011001101110100000000000000000000000000000000010
1010000010011000111100000101110101100000000000000000000000000000000010
1010000011011110100111010101010010100000000000000000000000000000000010
1011001010010001110111100111100101000000000000000000000000000000000010
1010011101010000010101100000001110100000000000000000000000000000000010
1010101011001000111110010010101000100000000000000000000000000000000010
1010110000101001010110100101110110100000000000000000000000000000000010
1011000111100011100010100110000111000000000000000000000000000000000010
1011000111111000011101010101001110100000000000000000000000000000000010
1011110111001111101111001110011111100000000000000000000000000000000010
1010000110100000101110011001011000000000000000000000000000000000000010
1011001000100011101101000110001111000000000000000000000000000000000010
1010000001100100110001000101000111000000000000000000000000000000000010
1010100111010010111111010101000010000000000000000000000000000000000010
1010100000001001110001101101010000100000000000000000000000000000000010
1011001010110110001011011001000011000000000000000000000000000000000010
1010000011110011011010110011001010100000000000000000000000000000000010
1011111001111110110010101011000111000000000000000000000000000000000010
1011010001010000100011011110011110000000000000000000000000000000000010
1011100110110010001011100100010011100000000000000000000000000000000010
1010100100101000111100100111001001100000000000000000000000000000000010
1011100110101010011110110100001111000000000000000000000000000000000010
1010000100000101100100110000011000000000000000000000000000000000000010
1010111001101010010001000001110000100000000000000000000000000000000010
1011101110010010001111110110010111000000000000000000000000000000000010
1010001111011111101000001010110001100000000000000000000000000000000010
1010101110010101001011101011111101100000000000000000000000000000000010
1010111001010000101000111100010111100000000000000000000000000000000010
1011101000100000100100111110010000100000000000000000000000000000000010
1010011000110110110000100011001111100000000000000000000000000000000010
1010101001111010011011111110100100000000000000000000000000000000000010
1010011011001001001011010100111001100000000000000000000000000000000010
1011100010111001010101110111001100100000000000000000000000000000000010
1010010110111100100101110100111011100000000000000000000000000000000010
1011110000001001010010111011011001100000000000000000000000000000000010
1010110001100011101011000101110111100000000000000000000000000000000010
1011000110001100011100110011001011000000000000000000000000000000000010
1011111010110101100010100100110011000000000000000000000000000000000010
1010000001100001111000011100101010000000000000000000000000000000000010
1011111101011100011111000110110101100000000000000000000000000000000010
1010110010110010101110110100000110100000000000000000000000000000000010
1010100101110010110001011101011111100000000000000000000000000000000010
1010110110110000011101100010101100000000000000000000000000000000000010
1010111111101110001011001101010000100000000000000000000000000000000010
1011001111101110001110010101001110000000000000000000000000000000000010
1011111010010011010001000101110100000000000000000000000000000000000010
1010110001001100010000010101110000000000000000000000000000000000000010
1011000010010100011010111100000111100000000000000000000000000000000010
1010011111100001111110110111111000000000000000000000000000000000000010
1010110000100100100111100111101000100000000000000000000000000000000010
1010101111010001011101010100101000000000000000000000000000000000000010
1011001101110110110100011110110100000000000000000000000000000000000010
1010111101100010000010110100010111100000000000000000000000000000000010
1010110001111011000010101001000001100000000000000000000000000000000010
1010010111101001100011111001111101000000000000000000000000000000000010
1011111000110001011001110110010111000000000000000000000000000000000010
1011000001001110000101110010010101100000000000000000000000000000000010
1010111011111110001001101101010110000000000000000000000000000000000010
1010000100110110001111111100111111100000000000000000000000000000000010
1010101100010010001110010010100110000000000000000000000000000000000010
1011110011101101110010010010010001000000000000000000000000000000000010
1010100100101110101100101111100101100000000000000000000000000000000010
1010010110000100101010110111010000100000000000000000000000000000000010
1010000101101110111001111110000000000000000000000000000000000000000010
1010001111110010111101110101010100000000000000000000000000000000000010
1011111011111010100011101101110000100000000000000000000000000000000010
1011000110101100011011010111111101100000000000000000000000000000000010
1010010110000100110101001111101001100000000000000000000000000000000010
1011110111000001010000110010000010000000000000000000000000000000000010
1010010110000100110101001111101001100000000000000000000000000000000010
1010111111100100110100011011110011100000000000000000000000000000000010
1011101001001111111111111110000011000000000000000000000000000000000010
1010000001000010100111010010000010100000000000000000000000000000000010
1011000101000011100111100010110001000000000000000000000000000000000010
1011001011100111001101100110101001100000000000000000000000000000000010
1010010101101110000011100001111101000000000000000000000000000000000010
1010001110010000101100000001101011000000000000000000000000000000000010
1010010011100100010010000001100001000000000000000000000000000000000010
1011101111001111100111110010001101100000000000000000000000000000000010
1011011111010111011011101101011010100000000000000000000000000000000010
1010011100110001110101010101110111000000000000000000000000000000000010
1011000011110001101001100111000011000000000000000000000000000000000010
1011100001100011110000001011111010000000000000000000000000000000000010
1010100011100010011100100100010100000000000000000000000000000000000010
1011101000000001010001010111011110100000000000000000000000000000000010
1011100010111101010001011110010011100000000000000000000000000000000010
1011000001101001110111111010001101100000000000000000000000000000000010
1010010111001011111010011101110001000000000000000000000000000000000010
1010100100000101010001000001110001100000000000000000000000000000000010
1010001101100000011111100101101110100000000000000000000000000000000010
1011011011101010001011100111101100100000000000000000000000000000000010
1011001001010110010100100010010010000000000000000000000000000000000010
1011000111001011111011011101001111000000000000000000000000000000000010
1011100110011100111011010101010000100000000000000000000000000000000010
1010011101010001011100100100011110100000000000000000000000000000000010
1011000100001100001110110111100001000000000000000000000000000000000010
1010111100011110011111101001110001000000000000000000000000000000000010
1010010010110001011000100110001001100000000000000000000000000000000010
1010011011101010010011111001100100100000000000000000000000000000000010
1010000111111111100001011001000001000000000000000000000000000000000010
1011110011100101001110101100011101100000000000000000000000000000000010
1010110100001100000101100111100001000000000000000000000000000000000010
1011000011101011101010000011001110000000000000000000000000000000000010
1011101000001001011000101011111011000000000000000000000000000000000010
1011101101111110000101011100000001000000000000000000000000000000000010
1010000111110011100010010101111010100000000000000000000000000000000010
1010000011110110001110111010111000000000000000000000000000000000000010
1011111101111000000001100100000111000000000000000000000000000000000010
1011110110101001000111011011011010100000000000000000000000000000000010
1010001011011100011101001110101000000000000000000000000000000000000010
1010010000101011100011110111011111100000000000000000000000000000000010
1011010010001001111011001000010000100000000000000000000000000000000010
1010111001110011001111010001011010100000000000000000000000000000000010
1010011100000011110111001111111110100000000000000000000000000000000010
1011101001000010100100111101100000000000000000000000000000000000000010
1011001011110000100100100100100100000000000000000000000000000000000010
1011011101101000000101010011011110100000000000000000000000000000000010
1011110010011100111101100001101110000000000000000000000000000000000010
1010101100100010001001101010000011000000000000000000000000000000000010
1010101110110110100111100010101000000000000000000000000000000000000010
1011111001110001010100011011010111000000000000000000000000000000000010
1010000100110111111101110110110101000000000000000000000000000000000010
1010110100100100000100010101011100100000000000000000000000000000000010
1010001010001010000110100101010110100000000000000000000000000000000010
1010100110101101000010001010100110000000000000000000000000000000000010
1010001011011111010110110001001011100000000000000000000000000000000010
1010101101010011100000111010010010100000000000000000000000000000000010
1011001110101111000111000110111011000000000000000000000000000000000010
1010101010101010011010110110110101100000000000000000000000000000000010
1010010100111110101111010000100010100000000000000000000000000000000010
1010000101110110111011000100011010100000000000000000000000000000000010
1010011010100001001110110101100100100000000000000000000000000000000010
1011000100000001000010101101101001100000000000000000000000000000000010
1010100100001110100010001010101100100000000000000000000000000000000010
1010101001000101111011001111101001100000000000000000000000000000000010
1011011111011001000101101100010100000000000000000000000000000000000010
1011100000001111101000100110101111000000000000000000000000000000000010
1011110110000100010110101100011110000000000000000000000000000000000010
1011011111001011000001111111000010000000000000000000000000000000000010
1011111000010100010100101100011001100000000000000000000000000000000010
1011010100000001101010101001101110100000000000000000000000000000000010
1011100001110101110011111100001101000000000000000000000000000000000010
1011101001100110000100011111010011100000000000000000000000000000000010
1011110110100110111101100000010010100000000000000000000000000000000010
1010010111011110000110001011101010100000000000000000000000000000000010
1010010010110011100001010110110000000000000000000000000000000000000010
1011001010000011100100011000000111000000000000000000000000000000000010
1011010000000100000111100000001011000000000000000000000000000000000010
1010101100011001111111011111001101100000000000000000000000000000000010
1011110000110011011101110100011010100000000000000000000000000000000010
1011010101111100010111100001100111100000000000000000000000000000000010
1011110110110101001001010100000010000000000000000000000000000000000010
1010000001001100000110110111010011100000000000000000000000000000000010
1010010101001000000101111101010110000000000000000000000000000000000010
1011100001011010101111110011011101000000000000000000000000000000000010
1010000110000110011001110010010111000000000000000000000000000000000010
1010001110100100011000011000011001000000000000000000000000000000000010
1010111010010000010101111001011000000000000000000000000000000000000010
1010001010011110110011011111101110100000000000000000000000000000000010
1010100110100011000100100010011010000000000000000000000000000000000010
1011111100110110011010000101000000100000000000000000000000000000000010
1010001100101000011010101110110010100000000000000000000000000000000010
1010001110000001110010011111100111000000000000000000000000000000000010
1010001000000011111010100011101100000000000000000000000000000000000010
1010111100111100111010100001110110100000000000000000000000000000000010
1011110000010110111001011011100110000000000000000000000000000000000010
1010001011011010101001111100000111100000000000000000000000000000000010
1010000101101111001100000100010101100000000000000000000000000000000010
1011001010000101010110000101000001000000000000000000000000000000000010
1011111011110000010000001101010010000000000000000000000000000000000010
1011100111000010100111000011101100000000000000000000000000000000000010
1011001010101111000000110100110100000000000000000000000000000000000010
1010100110100110011001101100101101000000000000000000000000000000000010
1011100000110101010001010111000011000000000000000000000000000000000010
1011010001010111111000001011010111100000000000000000000000000000000010
1010011011001011011000000101101110000000000000000000000000000000000010
1010110101110111001101110011110111100000000000000000000000000000000010
1011001110100001000010011101001100000000000000000000000000000000000010
1011011100000001100011111011100011000000000000000000000000000000000010
1011001010100011111011110100110100000000000000000000000000000000000010
1010001010000010000011111100110000000000000000000000000000000000000010
1011101110110101010010111010100011100000000000000000000000000000000010
1010010011000110001010110100110001000000000000000000000000000000000010
1010011010000111100000011001010000100000000000000000000000000000000010
1010101000111000111100111101011111100000000000000000000000000000000010
1011111100000010000010010111100110100000000000000000000000000000000010
1010111010010111011011001111100111100000000000000000000000000000000010
1011010010111010111101111111111110100000000000000000000000000000000010
1011101101011011000000000010011001100000000000000000000000000000000010
1010001110110100110010000001100000100000000000000000000000000000000010
1010000001110100100011100101101101000000000000000000000000000000000010
1010110101000111110101111000010011100000000000000000000000000000000010
1010010100010101000010111101101101100000000000000000000000000000000010
1011010000000001001111101011101100100000000000000000000000000000000010
1010110101111110011101001110111001000000000000000000000000000000000010
1010111001101101110111111110010100100000000000000000000000000000000010
1010001001111110001000010011000001000000000000000000000000000000000010
1010101010111111100010010001001011100000000000000000000000000000000010
1010001111000101010010001100010000100000000000000000000000000000000010
1010111101001011100100100010001110100000000000000000000000000000000010
1011111000111000001100110111100111000000000000000000000000000000000010
1010001100110011110111111011000110000000000000000000000000000000000010
1010110011011111010101111100001010000000000000000000000000000000000010
1010000001000000000101100011111000000000000000000000000000000000000010
1010100001010011010101011000101100000000000000000000000000000000000010
1010100010001101000110011010110011000000000000000000000000000000000010
1010100000100111100001001111100010100000000000000000000000000000000010
1011011001011111110100011101100111000000000000000000000000000000000010
1011101010110111100010100001110000100000000000000000000000000000000010
1010110010110010100010111110101000000000000000000000000000000000000010
1011111001101010111010001110011111100000000000000000000000000000000010
1010111111001000011000001001100000100000000000000000000000000000000010
1010010011110111001101010100101001100000000000000000000000000000000010
1010111001001011100101110111100111000000000000000000000000000000000010
1010010100001111010011100111111100000000000000000000000000000000000010
1011000011011010001110011101110000100000000000000000000000000000000010
1011011001110011110100011011110000100000000000000000000000000000000010
1011111000100101010110010111110000000000000000000000000000000000000010
1011011001111010101000000011000001100000000000000000000000000000000010
1010111001111010011110011110110010100000000000000000000000000000000010
1010001101001001100101101000000011100000000000000000000000000000000010
1010001001101011000110100011100101100000000000000000000000000000000010
1010011011000110011111101111110100000000000000000000000000000000000010
1011000011110100011010110111110011100000000000000000000000000000000010
1010010111001100100001011011100100000000000000000000000000000000000010
1011001100100010011000100011100111000000000000000000000000000000000010
1011000101100001010101011111110101100000000000000000000000000000000010
1011010001101101000110000110010111000000000000000000000000000000000010
1011011100100001110110100101011010100000000000000000000000000000000010
1011101001010001001110100000101001000000000000000000000000000000000010
1010011101110110100100111110000111000000000000000000000000000000000010
1011000001100001000011101100010110000000000000000000000000000000000010
1011100100001100010111000000101111000000000000000000000000000000000010
1011000001010001000001100000111101100000000000000000000000000000000010
1011111011111101001011101001111110000000000000000000000000000000000010
1010010001100111011010100010011011000000000000000000000000000000000010
1011101110010010010011001000000010100000000000000000000000000000000010
1010101011111001000010110011111100100000000000000000000000000000000010
1010111001110001000010111010111010100000000000000000000000000000000010
1011010101101100101011010111001011000000000000000000000000000000000010
1010010111101100100010010111111001100000000000000000000000000000000010
1011010110111101101001001100000101100000000000000000000000000000000010
1010011000001001100000100011110100000000000000000000000000000000000010
1010110100100010100000101111010100000000000000000000000000000000000010
1010001110001101000101001100011011100000000000000000000000000000000010
1010001110110011100010100111101100100000000000000000000000000000000010
1010101100011110000011101001111001100000000000000000000000000000000010
1010001001100001001011100110110011000000000000000000000000000000000010
1010011110100010011100000001111001100000000000000000000000000000000010
1010110100001100000111010100101111000000000000000000000000000000000010
1010010101011110000001111010110001100000000000000000000000000000000010
1011101001000100010100111010010100100000000000000000000000000000000010
1010001010101111101001110011010011100000000000000000000000000000000010
1011010011011010110110100101111101100000000000000000000000000000000010
1011100110001011111101001100111011000000000000000000000000000000000010
1010011000100001001111100101010101100000000000000000000000000000000010
1011011110011010010001010101000101100000000000000000000000000000000010
1010011000010000100110111011011110000000000000000000000000000000000010
1010110011100101001111101011000111100000000000000000000000000000000010
1011001011100001001010010010110100000000000000000000000000000000000010
1010000010101111110001010100111111000000000000000000000000000000000010
1010110011111001110100100110101110100000000000000000000000000000000010
1010000000100011101100011101001101000000000000000000000000000000000010
1010111110000001001000010100010101100000000000000000000000000000000010
1011011001010000001101001001110100100000000000000000000000000000000010
1011100001110000000000001001110100000000000000000000000000000000000010
1011101000100110000110111011001000100000000000000000000000000000000010
1011101010000010010010011100010001100000000000000000000000000000000010
1011011110000001100011100000110100100000000000000000000000000000000010
1011001101100001001001001101011010100000000000000000000000000000000010
1010010001111001011111011000100101000000000000000000000000000000000010
1011111101011001101001011100000100100000000000000000000000000000000010
1010001111110010001000100011111001000000000000000000000000000000000010
1010100101110010011001110101100110000000000000000000000000000000000010
1010110100101011100110111000001010000000000000000000000000000000000010
1011011010101010110001111110010100100000000000000000000000000000000010
1010101110010101010011101100100101100000000000000000000000000000000010
1011000010101101011110010000110110100000000000000000000000000000000010
1010011101100010111011111101000001000000000000000000000000000000000010
1010011101000111101110101110111111000000000000000000000000000000000010
1010101010000000000010100000010010100000000000000000000000000000000010
1011100110000011011111110101011101100000000000000000000000000000000010
1010010000111101110000100011111110000000000000000000000000000000000010
1010000010101001011000000110100111000000000000000000000000000000000010
1011101000011001011011111101110001000000000000000000000000000000000010
1010010011010001000010111001001110000000000000000000000000000000000010
1010111010101011011110101100011101000000000000000000000000000000000010
1011010011000101001101100111110011000000000000000000000000000000000010
1010110001110011000111011100010110100000000000000000000000000000000010
1010001111100000010000101101110111000000000000000000000000000000000010
1011000111001000110001100110001110100000000000000000000000000000000010
1010100010011100001110011101110001100000000000000000000000000000000010
1010001001100000010010110111010111100000000000000000000000000000000010
1011111100110100000101001110101111100000000000000000000000000000000010
1010000000000110101110100100110000000000000000000000000000000000000010
1010101111000110000110111011111110000000000000000000000000000000000010
1011000101110011101001010000000000100000000000000000000000000000000010
1011101111111111110110110011111101000000000000000000000000000000000010
1010100100101110110001001000000000000000000000000000000000000000000010
1011110001010000100100001100001011000000000000000000000000000000000010
1010110000111000011100000100000010100000000000000000000000000000000010
1011011100001110110011100001100101100000000000000000000000000000000010
1010111010011110011001110010100010000000000000000000000000000000000010
1010101111001110110011000100001011100000000000000000000000000000000010
1010101010011111000000010010110110100000000000000000000000000000000010
1011000001101110101001011101101101100000000000000000000000000000000010
1011010001100011111001111101010001000000000000000000000000000000000010
1011010101110110011001000011110001000000000000000000000000000000000010
1011111011101010011110100010000101100000000000000000000000000000000010
1010010100111101010000010101001110100000000000000000000000000000000010
1010101111101100000101001010101100000000000000000000000000000000000010
1010010001111111011000000101000111000000000000000000000000000000000010
1010000101001110111010110100100111000000000000000000000000000000000010
1011110110110000010111001011100000100000000000000000000000000000000010
1011000000001001001000011111111010000000000000000000000000000000000010
1011000011100101001101001111100001100000000000000000000000000000000010
1011011000010101011010000110001101100000000000000000000000000000000010
1011110100011111010101011101100101100000000000000000000000000000000010
1011100110100110100011101101111010000000000000000000000000000000000010
1011100000101001001010010011110110000000000000000000000000000000000010
1010000001010010101100101110110101100000000000000000000000000000000010
1011010100100001010100110110101111000000000000000000000000000000000010
