1010000010101000011110010011000100101010110000000010100110000000000010
1010100000010100100110011110010110010011000101010010001110000101011010
1011000111111101101110010000011010000111111000000100100101111111000010
1011000000110100100001010100100010001110110011001011010001011101011010
1011001100000110001111010111001111010010000100110011011111110110101010
1010111000010100010111010111001000000100110010000100110001000111100010
1011111011001100111110001001111101001011101001101000100001010010110010
1010001011110010100010001101011001101110000001110010000011001111011010
1011010110101000110011101011011110011000010011110101000000011000000010
1010011110001111001000000001001101001110110111001010010000011010101010
1010110000111010000101110011000010011010010001111010111101010111110010
1011100100110110010011101010110110111100010011010000001101001010110010
1011101101001011111010001010001010011011101101010100001100100110100010
1010000100101010110110101111010001000001101001110010011011000110000010
1010111111011011000111110111001111111011100100100110111001111000100010
1010110111011011111010011111001101000011011111110001000000100101110010
1010011011111011000100011011101000011010100101101110101011011001000010
1010111010011000111001010001000111001101100000010011000001110011011010
1011110111111100001111001011101011001101100111001000011010101110000010
1010111000010100100011000011110110101000110011000010101011110101010010
1010100000001110001101011000111111011100000000100101011011001100110010
1011010001000001110010001101110110110000110011101001000110100101001010
1010111010000011000110001110001111011111011010001100100010001000110010
1010110000011101010010000001111011110111011101101000001100111101101010
1010111110000011100001110111111011000111010110010101101001001010111010
1011001000000101000010111110011010100101010110110000000100001011010010
1010110001110011100010111110001101011011001001010110111000101010011010
1011011000101001010010101101110110101011011011001101101010101110101010
1010110100000001000111010011011010010000100101000111000001010001100010
1010000101101000100011010010110110100101011110010010001101100001000010
1010010001000000000011100010110010101110001010100110001011001001011010
1010000111010101100000010110001000011010001011110110110111101111111010
1010110010110100110000110111010010110101110111001110010101100101000010
1010100011000100010001111010100001000011111111000001010010011101000010
1010101011011100110000101111100111100110111001000111001100000001010010
1010010111000001100101001001101110110010111110001011111000011110100010
1011111111100101101100010011010111100000110110111001101001111011100010
1011000101010000110001100011011000000001111011000101111000101100101010
1011110101111010100111100001101000101011010001110001010000111011111010
1010100111011101001101111111111110111101010011110000001011011101011010
1011100000001110111000111101000110111010101111001100110001001001101010
1010000111010000111011100001010010111111010101010000011010101010111010
1011011011110101010101111011001100010000111111100010100010010010000010
1010011111100101011100011101100000011101110011000101111110100101011010
1011110111111111001011010101010100000110111110111011100110010101111010
1011011001101011000010011110010111101000100100011100001011011000010010
1011111111011101101111000001111111001100110110111011100110101000000010
1011001111110111010001010010101110100010000111011011000111100101101010
1010001101111110010011010011000010010100010100010111000000001010101010
1010101110110100100001010001110001101001100000001011100010000111010010
1010001111110010000000000100001011000010001011101110011001110010001010
1010111110001100110011111010110101100010100101000110010110000011100010
1011011100111001001100010001010101110101101000100101011101000010000010
1011010000111010100001010111001001011110000111100010011111000010010010
1011101001101111000110101000001111111001000000111010011000110010011010
1010000111011010001001010000001111000001010110111000001001001110010010
1010011100100001100101100010001010110100101001010011011000011101011010
1010110010011010101001011110101001111110110110101001001110101011111010
1011111000001101000100111001000110010001011101001101000001110011110010
1011100100010111001001101110101100110010100110100111111011100010010010
1011100011110111000011001001010010111011010000001010000010100011111010
1011101001001000000001011001100101010011100000111001100101001010011010
1011111000100100000111010100100011000010011100110010101001101111001010
1011111001001111010010010000111011000000111100110111111001011011011010
1011000100110011111000100100001010001010010000101000100111000011010010
1011001100100001110001111000101100000011011000101100111001001011111010
1010101011001101100010101010010110111001101010100101011111010001100010
1011000000001011001001001100100110100011010111100001110111011000111010
1010001011111000011010000101000101010001001110101100100011000001000010
1010001101101111111011001000111101001010010011100101111011110100100010
1010011100001010011111101110100101000011010101100110110110010000000010
1010010111011010010101101010001100011111001001001101011000110111001010
1011010100001111001001010110111101000011001101010100100011110101010010
1010101010100101110010111000000111111100100011110101111010101001001010
1010110001100101001011110110010111001110100011111111111110011010001010
1010010111110000101001110100001000000100000101011111111110111011010010
1010101001101011101101001001100001110100011010101010000001101101011010
1010001011110110111110101100110001101100000000000011010010101111110010
1011011110111100000000101111011100011000110101111001111010111000111010
1011101010111011111110010100011001101111111100110010011101010000100010
1010101110110010011110011110100001010101101101110001011101101011000010
1010101100101100001011000011111001010001111100011100000110111101100010
1010010111001011000010111010101001011101101010000001101101111000010010
1011011101100011010100010111101100000011010101111100110001110010000010
1010001011001011100010110001000101010000011001011010010000011001011010
1011001110111010010110011001101100100101101001001111110010101010100010
1010101111111111110001010001011010011101101100100011010110000001000010
1011111010101111010010111011011101101111010110001101100111100110101010
1011010011101010110101010011001101011011111100000100011100101001110010
1011101110011100100010100101000110111100111000101001000010001111010010
1010011101000100001101101101001100000110001111100000101000101001001010
1011010110110001011010001000000111010101011001001010000010110111010010
1011000010100010010010111111101110111111111110101100001100001010001010
1011001001000011010010110001000110100111101010010101101100100111111010
1010000101000010111110000101100011000110110000001100111000101000100010
1010000001001000111010010110100001011010000011100110000000100111011010
1010011001010111000101001111011101001001111010001000000100011001111010
1010000001110011110000000000100001001001111000001001010011001100100010
1010111000001001000000000101010110000010001100001100100100101011110010
1010000100101011100001011101111110000110101010000100000010011101001010
1010111010000000001001100111011111001011110000000001111110011110000010
1011101011111111111011010000111101110001011110010010100101010000111010
1010010100011101110110110101110111100000101011101001010010110010011010
1010111001101001101000100000001001010111111110010101011101010001001010
1011100100000101110000100011001011111010100001100010000010110011100010
1011111011100000111110010000000001000101011110011111010100010000010010
1011000001101110011010101001110011111000111111000010010101110110110010
1011101010000001101111100111000011101111111111100101011111100100010010
1010100000111000101111111111100001001000010011001101111000000100111010
1010011000011001111110100001101011111100100010001110101000111010100010
1010111001011011111010011101100011001000101011101100010000111111011010
1011111001000011000110011100001011111101001110110000111000011010110010
1011100111101000111110111101000000101011101000101000100110010101001010
1010101101000100100101011000110001101001100101100011100110000100010010
1011111010101111110001011001001100111010101111101011011110000001011010
1010101110110110110111101110011001111000010101001010100111010101000010
1011000100001111001100110011111100101101000010110111011010000111100010
1010111010111110010110110111000000111110000001101110101000010001111010
1011011000100111011011000111100100111010000000000011100000111110010010
1011101100011101010010011101100110110010011100111100110101010010010010
1011011000111000001100010001100100001000011100110100100101010000011010
1010100011101100010010000010000000111000011101100111110110011001001010
1010110010011101001100001000110010001011110111010110101111011001010010
1010100100010011110000110010011001101110111111001100011111100000101010
1010100000000100101000000010010010000000110100010010100000010010000010
1011000110100001110000010110010010100101000100110000111111110000001010
1010110101011001011010100010001111100111000110000001000100011101000010
1010000000011110000101010111000001000111001101101111010010010100101010
