1010001111000110011100010110001001000100111000010100011001110100110010
1010000011010111111100111101100111111100011010101001001000011101000010
1010000110011011000000101000010111110101110001011000100010010100001010
1010101010011011100010101000001101000101100011001000000000010011000010
1010000110100101000011000000001001111011010100110100011100100110010010
1011101100110000000011011011110001101000001100000000111110111000000010
1011100010011011011110110011000110010111111010100111100010100111100010
1010010011011101100111100111011011000101101010000100100110100111101010
1010000111101110100110100010000101010111011001100100001011001011011010
1010011100111101110100011101110111111001100010011000010000011000101010
1010111010100001111101100010110011001001101111001011110010100010001010
1010001111111111011110111010101110101010010010010001111001000110110010
1011101000000010100110010101000101101000011110000101100010011101111010
1011110001110011100010000011010101000000100100100101110000100000001010
1010001000101000110000010110010001110001001100100000011000111011110010
1011011101111011100100010000001000101000101001000001100011010110110010
1011100010100101000110010000001010010101110010011111000001001101101010
1011011001001111000111011101101111111001011001101110011000001000111010
1010011110111111100000111110111111101011011110100000100011111110001010
1011111111011001111100110001001011100000100110100011100010001110101010
1010000001101001001011011100001010101001011101000011010110011101011010
1011000101001111101101111000001110010101110100110001000011000000111010
1010101011110011100100011001001010001010011110001001110010111111011010
1010101011001101000001010101011110010100110000011100010001100100111010
1011010001111101100111011110010011100111000011010110000110101101100010
1011111111111011110111010100011011101001010011100100100101010001100010
1010111101100111010011010001000110011011110110011110011101100001111010
1011111100101101001111011011101111001000111011000111011100010101111010
1011011010111110000011001001000010111000110110011010000111101000010010
1011111011100000011101110111001010100000000000011101100100110001100010
1010000110110100101000100010010010010001001001101100001111111000011010
1010001011110111111110010100101110100001110111110100000110100000101010
1011001000011010000100110101110111100100010111011101001101101111011010
1010110111111111011010011100011111111100110111011101011111110110011010
1010001000110000010011110101000101001011011000000101101101111110011010
1011110100101010111110110001011100101001001001101110111000000100101010
1010010100101101010000101001010101110001011101011001001001010101011010
1011011110110011101010111001110111111010100110001101011001001011011010
1011001000101100000111010101100100001111110001001101101101111000101010
1010110100100100110111100011101011100011100100101101110010011011000010
1011010011001101011101000001100010011001000110011010111011100111011010
1011011001110000011110100000100010110000100010110010101100101011000010
1011100111001110000100111110101010101001011111101110100000011101011010
1011110101110101011011111001101110000110110110111001100001110001110010
1011001001001010001010011000110001111011011010001010100010010101011010
1011111001010100011101111110110001110011011000111010001010101011001010
1010101110100010110001010100111000000010011101110011000101001100010010
1011101101011011011010000111011000101010110011100101000101101010110010
1010111101000010010100011000000000011001111110100010101010010000000010
1011110111111101000000011001110011110000010010001011101011100111111010
1011111110101100010011110010001111100111111101001011011111111010110010
1011011101010101001011101111001010100100101101011100011011011111110010
1011000100000010000100100010011010011001111111000010111010100101010010
1011100100100011110101101101011011111000101000010000000001010000101010
1011010000010001011011100010011111100010111000111110100110101010000010
1010110011010111011110110101100010110000011101001001000101011111111010
1010000001000100111111000001000111001011100111111101001110111001110010
1011111101000111111101100010101110001000001001101001011011011110101010
1010111101011111110110011101110110011011011011100100110101001111011010
1010001100100001001111000100011011100011001011100001110001110010100010
1010100011000100000000111000001101011101001100000011100011100011000010
1010001001111001110101101000111011100010100011111011100011111001000010
1010100010000011011010000001011001011001001001011000100111011110110010
1010010101101001100001101001010101101010101010000000100011000000001010
1010011000000101011001101011010010010100101110010001100011001010010010
1011010101110110101000101100111010010101101100010101000000110010001010
1010100011111001101110110001001010111110000001001001110101100110110010
1010101000000000001111110000000111001011101000101001000000010100100010
1010101011001111000000001111011110110110111011111100101001111001101010
1010000011010110010101111000000111000100101000010101100100101110100010
1010100000001011110101000100100000001111000011011001000000111111111010
1011111111110110010001111111011100010101010001100110011001100000000010
1010100100110001011100001111100110110010100001111001010000111110001010
1010000100011101110111011101111000110100110001000101100110100000110010
1011101011001111101110000110011011110000000100011101000110101100001010
1011001110000001110000101110011101010000011100110001111100000000000010
1010000010101111110000110101101101010100111101010110100001100011111010
1011000010001100001110001001111110011001001010110100000011100111001010
1011000101011010110110000100011100110111110001001101100100001000100010
1011111100001101100111101000011101111101100000100011000100010100000010
1010110100000011100000100110010011001111110011010111000111111110000010
1011010101011111110011011010011111001010000100001111111001101100000010
1010111101010011010011101001011010010000110100100000110010010101101010
1010101100110010011001111011010110100110000001001111001000111001101010
1011100100011011010101010000001110000111110011110001101101011010010010
1010101010111111000010100111101100001100101101100111101000101100010010
1011111001011110011101010001110011001101101101101010111001101111100010
1011001001100001011110001111110011101100001101000101000100001011000010
1010101111000000111001010111101100000110110010110111001101011010111010
1011111101110100011010110100100111000111100111001111011001001111011010
1010100101111110110111010001001010100111010001101001010110000111100010
1010011110110010001010111111101011010010110111000111011100010000010010
1011100101001101111001011011111110111101010100100011011011111111110010
1011111011010010011111100001111101110000110101001001001001110001111010
1010110001111001100000010110001110010001111011011011010110110111111010
1011100100110001010010000100010011100101010101000100010010000100110010
1010100101101000101110010001100001011011100100000011110101100111110010
1010011111111001111111111001111101010001010011000001010011101101011010
1010001000111100011000000010110110101111111000110101010011011110011010
1011011101101111101011111101010101100001111111101100000010100101100010
1010100010101100010011000001000100110110100001010101110111101010100010
1010001110101011101011101101101101111111100000100001101000011011001010
1010100011000001001000001001001001111011000100110110010111010101100010
1010010100100111100100100001000000100001111100110010001110000110100010
1010100111101111100100011001100010011000011011111111011101001011101010
1010101110000010011001110011011011101111100001000101100110100110100010
1010000011101011001010110010000010101011010011111111000011011111101010
1010111110111101000110101101110010011110100000010010000010011000010010
1010011000001000001101000000100010011000110000001011100111110111000010
1010100101011011111001101101110101010100001011010100000101000110001010
1010001001001011001001100001010111001111111001110000111110010111110010
1010011110011101010001101101100100000000111010111110011111101000010010
1011101101001001001110010110001100001111000000111011110111100011101010
1011001011111111110100011001111101011100011101000110011110110110100010
1011101000010010101111010110010100111011101000001001101010011101110010
1010111111001111011101011010010110001010000010101010111011001010000010
1011010000101000011010110111001110111110010010101100000010111001001010
1010110010101011111111101010111101011000100110011010011111010000011010
1011010101000001011101001011001010110111010100011000110001110010110010
1011001111010110111010100010111100101111010110101111100000001010100010
1011111010101100111011001001010101001011010110101110110011011111011010
1011100001001001010111000111101001101001001000011100011010101011011010
1011111100010010100011011010110010111011110001101011010111111111101010
1011000100101111101111110111001010011111100110101101110100001111110010
1011101001000000000010111100011010000101100110110101111011111011101010
1011110011001000010110101100010110000100010000001001100001111011000010
1011001010100100111111001000110000010010100111000101010100100000010010
1011010100110111000110111101101000101000000100000110010000010000010010
