1011111011011011010000011000000110111110001100111000111011000011111010
1011100111101001101100100110001011001001010011011100000001011000000010
1011110010011101100100010011010011010010101011100000101010111100000010
1011110110111100100001111011010011010011110101111100001111010010100010
1010001000011101010100000101001011111001010011110001100100110011011010
1010000011101010100111010110010100001011110110100000001010001011100010
1010010010101001011110010100001011010000010101101110101000000010111010
1011101001101111010111100101011110110010010110010100001010100110110010
1011110000101100000000111100111100101111010100110011110111101010001010
1011110110101110100101010111110010100110100000101011111111010010100010
1010011000000001111101011111010011011110110001101110100110001111001010
1010100110101011000010001110111000001111001101101000110010111111111010
1010111000001100100010100100101010011101111111011101000101011011011010
1010111010110100001110000001011011101000110001110101101101010101110010
1010011101100001010111011111100010011011110101010000000111000010110010
1011111101010011001011011101111111000000111010000001111010011000111010
1011001011010110001011101010110011111001101011001101101111101110110010
1011110110000111110100101001110111100001111110101001100011010100001010
1011011110101101011000010000000001000001010011011100010111111000111010
1010010101000111000000111101111011010000110010110001011000011111111010
1010001001011010011100111001001000111100100111111001110111000111110010
1010101111011101000100101001101110101010101000001000000010001010111010
1010011111011000101110001000001111101011000100101001110100111110110010
1011011100111110100111001101001010101001010000010011001000100011101010
1010111100011001111111101010110010000110100110111000010111110110110010
1010011011011000101011001000111001101111100100000101001100011000111010
1011010101010001101111110110001101011101010011001101101101011100111010
1011000010010110110110111010100111100101111101111010010001110110110010
1010100110010100111110001011000111111100011001100001001111111100111010
1010110000111111101010010101110110111100101010000101001000111000011010
1010110010001000111001110010110000001011110110000011101010010001110010
1011000101101010101011110000100111000100000100001110110101101111100010
1010000110101101110010101101101000111000011011101110001011101101111010
1011011110110100111111000111011110100101111011000100001111011101111010
1011111100011000101101111010001001101100110001010110111000111100011010
1011111100111101011111111101010110010010001010000110110001000010110010
1011011110010000001011000101010101111101000001111101111011101111100010
1010010000000111001011010011011101110000000010111010001011000001010010
1010000000011001100111010101011010100001010001100110111111111110101010
1011110000111010100011000110000111001100000011111101111011010011011010
1011001111010101111011010000011000011001001101011001010001010001011010
1010110001101010001001001000111111110100000001110111000101001110010010
1011001010010101010010110010111010111001010111100000011001001001101010
1011110100110011010101111001110001000101100101010000110011010101110010
1010011100101111000010001111110101010100110111000000001101110111000010
1011001000001111101111001110111111101100011001010110010101100110000010
1010101000001011000010000001001001101001011100110100100000101111111010
1011110101001111110011001001110111011110101100000110001101010010011010
1011111100000111001110111000100011111100101011100011000101101111100010
1010101110000111011110100010110111011010010100000000111100100101001010
1010100010000010010001000001111110110110110001001000111011001010111010
1010111111010100110011001101110001000000001110111010011101001101111010
1010001111011100000111110111101010011011011010000111011010010011001010
1011101110010111111111001000000001101001010010100010100110111001101010
1010110001110100110100010000010110100100111011011011100110000110011010
1011011101111100001001001000111010101011110100011001000101011111110010
1011000101011101000000001000010010100100101001100001100111101101100010
1010110100111101011111010010100111110001010111001011110001100111001010
1010001001011100111110111101010010111101111010001111001100000111110010
1010000100110011001111111101101011101111001111100110001100111111000010
1010100110101000011000000000001100101110100001001010000101101100101010
1010000011110110011111001011000110001100100000110111010101101101111010
1010110000101110110000010000011011101101110101001100000001010010010010
1010010101001101001011111001011001001111110010000101001001010000100010
1011011110010100110011101010001001111101000000110011100011111001100010
1011000101111011100000111101001000000000010000101110001011000100000010
1011011001110111100110111110010011110010000010100000101101000011110010
1010001011100111110011001000010110110100000111001010100010010001011010
1010101000001000000101000000000011000101010011101010101111100010010010
1010000000000001101101111101101111001101111001000010101000111010011010
1010101011111001000010100100000110100000000001100011100011111110100010
1010111100101111010000000010000111100010001011011100101001000001000010
1010100110100010101001011101010001010010110111011011100011100110010010
1011100000100111001010100111100101001010011100010000010111101100111010
1011110111110101001001100100000110010110010101011011011110111111011010
1011100110000011010011010110101110111110101101111010110101011001110010
1010111000000111011001111010001110010000001110001011111011111011011010
1011110110010100100010111101011100111011011111011111000110001001110010
1011000001100100010010001101110101100001001001011001101000101100010010
1011101011010101111110010100100111001111111000000101110010000101001010
1010111010001101010101111101101011111100100000010100001101000010001010
1011110011111111101011001011010010110100000110011000010100010101101010
1011000110100110110000011111011100010010100110110111011110101110110010
1010011011001010001110011010001111111000010101100110001111010110011010
1010011100000110011001100111001000100110100000011111011011011011011010
1010011000111100110010110001100101010000001000100001111011010101110010
1011011011001010001000010100001001001111100111000100010000000010001010
1011111001101100101111001101010111110101100000010101100011001011011010
1011100000111010100010010111010111111111110000100110001110110111111010
1010110110110011110001011100110111000001011101001101000111010000110010
1011011111110100111010011000100101011100111000111100011110111010010010
1011110111001010111011010101010111000011011010001010000010101011101010
1011000101011010001000111000010001110001101001011000111000111000110010
1011101010100111011001101010101100010000100100001111110110110100010010
1010010100001110100001100100000110010001000011101000000100101000111010
1011101011100110100000100001101111111101010001100000110110111101011010
1011010010110000011110111000111110100101111101000000011000111101000010
1011111010011101100110001011101001110101111100111000101000001011010010
1010000011101101111100000100010100001011111011001011011101110111011010
1010001011111011101101001110011010010001010110100011000110101011001010
1010011011111010001010010010001111000100101001011010110101011001111010
1011011011111011010101000101101010100101001111011100011001110010001010
1010100010110011011100110110111011000101001110111111011010111111000010
1010111110001110000101011010111011000101100000100001010010010000001010
1011100100100100100000100110010101011110111001101011010001011100111010
1011000011000100100101110000111111110010001000010101000010101010110010
1011110110101110001101010110010100010001010110101100101010010000101010
1011111011011101100001000011001111101100011100001111010000000100101010
1010010010100101001001000100011101110010100100010110000110001011101010
1010101000000011011110111011100010100100000010101011010011001001011010
1011100110110000000001000010111000100010001101111111011001110100010010
1011110100001100011010110110101110000111011010111101000001110001011010
1010010111000001011011110011001100111001110110011110110000111000101010
1010011011001001101000011001111011100000111110101110010010111001010010
1010000111101010000011101001100000011010010011100001111111010010000010
1011010001010010110101111111000111111101100001001001111100110001000010
1010111100101100111000001000101110011100111110000100101101101011001010
1011110011010101111101010001011001011000011111100011001011110010010010
1011000100111100000101001111011100011010000010110010010110100100101010
1011110111011001000100110010101000011010011011111010000000010101010010
1010111110000010011000110011000010000011101110110110101111101111101010
1011010110010010110100011101100011010100001101001111010100000100010010
1011100110010010010010010011111000010110101011011101001100110010010010
1011110010001100100000110000111011110011011001000011101010000111110010
1010001000100001001001010101101100000001001110101100001001000000100010
1011010001000011011101000001100000000000100011001110100110000011001010
1010001001100001000010001001111010001100010010010111100010000001000010
1010100111001001000100010110000000100010001010101100000110100111000010
