1011001111111010011011110011001010000000000000000000000000000000000010
1010111001001100000100010000110010100000000000000000000000000000000010
1010100001010101111000010101110111000000000000000000000000000000000010
1011111100100110000001001110010011100000000000000000000000000000000010
1010000111001010101111010111100110000000000000000000000000000000000010
1011011100010111111000000100000001000000000000000000000000000000000010
1011101100001001100011111110010100100000000000000000000000000000000010
1011001010001110000001011110011110000000000000000000000000000000000010
1010111101110010010110000100000111000000000000000000000000000000000010
1011111110110010101000001000100011100000000000000000000000000000000010
1011100101000011000010001111011010000000000000000000000000000000000010
1011110001001100100111011110000101000000000000000000000000000000000010
1011010000100010111101010010110010100000000000000000000000000000000010
1011100000010000001010101100000000100000000000000000000000000000000010
1011110011110011111010110111011001000000000000000000000000000000000010
1011001011100010111010011010001011000000000000000000000000000000000010
1010111010101011101000010000110100000000000000000000000000000000000010
1011010100110001100000100011101001100000000000000000000000000000000010
1010100010010011101101011011011001100000000000000000000000000000000010
1010100100010010110110000010001001100000000000000000000000000000000010
1010001101001111000100100110110010000000000000000000000000000000000010
1011011010011111100001111111100101000000000000000000000000000000000010
1010100100110101100001101110111111100000000000000000000000000000000010
1011110000011000010101000011000110100000000000000000000000000000000010
1011011011000000010011110111000011000000000000000000000000000000000010
1011001011110110001101111111111111100000000000000000000000000000000010
1011000010101000110101100011001111000000000000000000000000000000000010
1011101110011111001000101111101010000000000000000000000000000000000010
1011010100011001001010010110011100100000000000000000000000000000000010
1011010101110100110110000110110000100000000000000000000000000000000010
1011100011001011001111000001010011100000000000000000000000000000000010
1010101111011101101010110111101011100000000000000000000000000000000010
1010000110100100000101101111111001100000000000000000000000000000000010
1011111000010101111010110111001101000000000000000000000000000000000010
1011100000101010011000000010000001100000000000000000000000000000000010
1010001011101001111111101111001000100000000000000000000000000000000010
1010001010001110111011100011110110000000000000000000000000000000000010
1011110011001100101100110001111101000000000000000000000000000000000010
1010010000010100011110011110101101100000000000000000000000000000000010
1011011010111000110110111011111100100000000000000000000000000000000010
1010010000011000011010001110011110100000000000000000000000000000000010
1011110001101110010111010011110111000000000000000000000000000000000010
1010101101000101011010101000100110100000000000000000000000000000000010
1011110111110100010111010000011010000000000000000000000000000000000010
1011011000111110110111000010111101100000000000000000000000000000000010
1011111010001100000111100001111101000000000000000000000000000000000010
1011100100011111010100100111000100000000000000000000000000000000000010
1011101101110110000000001010110101000000000000000000000000000000000010
1011000011110111010110100011110001100000000000000000000000000000000010
1011100110111010011001100010111000100000000000000000000000000000000010
1010010101000110010001000010011111000000000000000000000000000000000010
1011000110011010100100111110111100000000000000000000000000000000000010
1010110000011100101000011010000110100000000000000000000000000000000010
1011110001000110001000011100101100100000000000000000000000000000000010
1011000010000010001001101101110101000000000000000000000000000000000010
1011100011011000001101011011101100000000000000000000000000000000000010
1010011010111001110000011001010111000000000000000000000000000000000010
1010001010110101010000101011001101000000000000000000000000000000000010
1010110110000010001011001000101010000000000000000000000000000000000010
1010100000111000000101011101111001100000000000000000000000000000000010
1011010010100000100000001011101111000000000000000000000000000000000010
1011100011000111000101111001101000100000000000000000000000000000000010
1010111111001010001100111101001000000000000000000000000000000000000010
1010100011011010010101110110101000100000000000000000000000000000000010
1010111000001110010100100100100001000000000000000000000000000000000010
1010011110001011111010111001001110100000000000000000000000000000000010
1010001101101011001010000110010000000000000000000000000000000000000010
1010000011111111001101111110111011000000000000000000000000000000000010
1011111001001111000010011101011111100000000000000000000000000000000010
1011011111101011001000011111110011100000000000000000000000000000000010
1010011101011111101010100110100011000000000000000000000000000000000010
1010000001100000000100100011001010000000000000000000000000000000000010
1011000110001000100110111110011001100000000000000000000000000000000010
1010001010000111011000010110101001100000000000000000000000000000000010
1011001100110101110100110010110101100000000000000000000000000000000010
1011001000100100001000100011001010100000000000000000000000000000000010
1011000111110010010101001110101011000000000000000000000000000000000010
1011111100000011110010100011001110100000000000000000000000000000000010
1011111110110010011011110010111011100000000000000000000000000000000010
1010001011011111010011111000000000000000000000000000000000000000000010
1011100111100010100100101000011100000000000000000000000000000000000010
1011011011101000100100110111100111100000000000000000000000000000000010
1011001101110101000111111001100010000000000000000000000000000000000010
1010110100010011000011010111001101000000000000000000000000000000000010
1011001010110000110101111101111100100000000000000000000000000000000010
1011111110110111010110010010000001000000000000000000000000000000000010
1011100011001101000111100001100110000000000000000000000000000000000010
1010101001111110001100100001110011000000000000000000000000000000000010
1011101100001011010101110100011100000000000000000000000000000000000010
1011010100111001110011111001001100000000000000000000000000000000000010
1010110111110101110010111101111110000000000000000000000000000000000010
1010001000100101100101111001011110000000000000000000000000000000000010
1011000010001010100001100000011001100000000000000000000000000000000010
1010011101111011001110100010001111000000000000000000000000000000000010
1011110111001001110011101111011001100000000000000000000000000000000010
1010010100110001110101101011100001100000000000000000000000000000000010
1011000000010000000010111000110101100000000000000000000000000000000010
1011001001100011001011000000100011000000000000000000000000000000000010
1010011011100010010100101111101010000000000000000000000000000000000010
1010100000001011001110110100000100000000000000000000000000000000000010
1010100010011001001101010010000100000000000000000000000000000000000010
1010010111010001110110011101010100100000000000000000000000000000000010
1010000011100010011110100001110101000000000000000000000000000000000010
1010000110111111001011100110010101000000000000000000000000000000000010
1011100000001000010000000110111101100000000000000000000000000000000010
1011000110111010111111010001111111000000000000000000000000000000000010
1011110011000110101100111111101010100000000000000000000000000000000010
1011001010111111111010111100001101100000000000000000000000000000000010
1010110111101010111001010001100110100000000000000000000000000000000010
1010110111010101011001011011111011000000000000000000000000000000000010
1010010001101101011111100001111101100000000000000000000000000000000010
1010111011001010111011101101101000000000000000000000000000000000000010
1011000010000100111100111011111001000000000000000000000000000000000010
1011111110110111000110111100111010100000000000000000000000000000000010
1010011110001000100011110110011011100000000000000000000000000000000010
1010110001110100000101011000010111100000000000000000000000000000000010
1010001011010110100010100011001100100000000000000000000000000000000010
1011011101100001111110101011110010100000000000000000000000000000000010
1010011100010010100001101000000111100000000000000000000000000000000010
1010011110101100000010110101100100100000000000000000000000000000000010
1010110000101101110010011100111110000000000000000000000000000000000010
1011111101011001111010110101100101100000000000000000000000000000000010
1010001000110010010010101011001001100000000000000000000000000000000010
1010100100010000000100100101110111100000000000000000000000000000000010
1010010100010111111011101101001010000000000000000000000000000000000010
1010100010011100111110001011101111000000000000000000000000000000000010
1011001011001000001000101111101110000000000000000000000000000000000010
1010000110010010000110011101001100100000000000000000000000000000000010
1011111100011100110001111001110010100000000000000000000000000000000010
1010011010101100011111001010101110000000000000000000000000000000000010
1011010011111011000010111101111101000000000000000000000000000000000010
1010101000111101000010000111100111100000000000000000000000000000000010
1010101111000011000111101111010000100000000000000000000000000000000010
1011110010110000000101011100000111000000000000000000000000000000000010
1010101000111001100100011011011100100000000000000000000000000000000010
1011001011100110000111100110011001000000000000000000000000000000000010
1011101101110110101101000111110010100000000000000000000000000000000010
1010010011101101010010110110110011000000000000000000000000000000000010
1011110001110001010010001101011100000000000000000000000000000000000010
1010100001100010100111000101011111000000000000000000000000000000000010
1011111001101011101110000010111111100000000000000000000000000000000010
1010010000010001101011011100010000000000000000000000000000000000000010
1011101111100010000001100011110110100000000000000000000000000000000010
1011011101000110001001010001010101000000000000000000000000000000000010
1011111001101101110110110010000000000000000000000000000000000000000010
1010101000110001010001100010001000000000000000000000000000000000000010
1011001111010100001111101101101110100000000000000000000000000000000010
1010101110110111010001110101010101000000000000000000000000000000000010
1010000111110110100101010110000111100000000000000000000000000000000010
1010011101010001100010000001000100000000000000000000000000000000000010
1010111011111010111111110100000010100000000000000000000000000000000010
1011110110011110100011010001100100000000000000000000000000000000000010
1010001101100001100100110101000110100000000000000000000000000000000010
1010111010001010000100100111000111000000000000000000000000000000000010
1011111111101101110100101011001011100000000000000000000000000000000010
1011110110000000110010001101101111100000000000000000000000000000000010
1011000001010001111000111111101000100000000000000000000000000000000010
1011010111101101111000000101010101100000000000000000000000000000000010
1010111100101011011101001101101100000000000000000000000000000000000010
1010101100011011101110100101101001100000000000000000000000000000000010
1010110000000001011110110011100111000000000000000000000000000000000010
1010000110111100000110101111110111000000000000000000000000000000000010
1010000110010111101101011011001101000000000000000000000000000000000010
1011000101100011111100100100011111000000000000000000000000000000000010
1010100101110110110010111011100001000000000000000000000000000000000010
1011001010101110011010100101110001100000000000000000000000000000000010
1010011110010011000001001100011001100000000000000000000000000000000010
1010101111000101010111100001000100000000000000000000000000000000000010
1011111000000111110000001001001010000000000000000000000000000000000010
1010001111110100100011011101111000000000000000000000000000000000000010
1011001001001110010010110001100110000000000000000000000000000000000010
1011101100011101101101000111011101000000000000000000000000000000000010
1011010010010100111010010001010000000000000000000000000000000000000010
1010001001010000001010000011111111000000000000000000000000000000000010
1011110100001001100011010101000110100000000000000000000000000000000010
1010001000010110100100000000011111000000000000000000000000000000000010
1011001010001001000001011000101001000000000000000000000000000000000010
1010011111010010100000011001011111100000000000000000000000000000000010
1011100110101100001110000001100000100000000000000000000000000000000010
1010101111010100010011100101110101000000000000000000000000000000000010
1010101010100100000100111011001001100000000000000000000000000000000010
1011010100101110100010111011100110100000000000000000000000000000000010
1011101010000000000011011110100100100000000000000000000000000000000010
1010101111101000011110001000001000100000000000000000000000000000000010
1010100011111110100000010101111111100000000000000000000000000000000010
1010100110001001011100111100111101100000000000000000000000000000000010
1011101110111000001011011010100010000000000000000000000000000000000010
1010101001000110000100001100010010100000000000000000000000000000000010
1010110100001101011101011001010110000000000000000000000000000000000010
1011011111110100001111011100110000100000000000000000000000000000000010
1011100011110111101001110010101111000000000000000000000000000000000010
1010010001000111110111001110101001000000000000000000000000000000000010
1011011101011001100110110001111100100000000000000000000000000000000010
1011011111110101000110001100010010000000000000000000000000000000000010
1010100001110100100111011001101011000000000000000000000000000000000010
1010100010100001111011110011111000100000000000000000000000000000000010
1010010101110011000010011000111010000000000000000000000000000000000010
1011000011010111000110000101111111000000000000000000000000000000000010
1011110001101101101001110100100111000000000000000000000000000000000010
1010111001010000101100001000001001100000000000000000000000000000000010
1011100010010101000000011010110101100000000000000000000000000000000010
1010010011011010010011011101101101000000000000000000000000000000000010
1010011110111101001001110010011011000000000000000000000000000000000010
1010001001100110110011000011110111100000000000000000000000000000000010
1011100100011001101010110000000101100000000000000000000000000000000010
1010011100111011101011011101001111000000000000000000000000000000000010
1011101101001001101001110011101001000000000000000000000000000000000010
1011011010000001010010001101011011100000000000000000000000000000000010
1011001100110101101011000110000110000000000000000000000000000000000010
1010101000100000101010011001000111100000000000000000000000000000000010
1010100100001011011111110011001000100000000000000000000000000000000010
1011110000101111010011100101010011100000000000000000000000000000000010
1011000100111100011101010100111011100000000000000000000000000000000010
1011000011000000011110111001000001000000000000000000000000000000000010
1011101010100111011100011110000000000000000000000000000000000000000010
1011011010010000101100100000110111100000000000000000000000000000000010
1011010010111101110110011100101000000000000000000000000000000000000010
1011011111101000001101001100100111100000000000000000000000000000000010
1011011000000100110000001110001100100000000000000000000000000000000010
1010100111001100011100101001101011000000000000000000000000000000000010
1010010100111111010011001100100000100000000000000000000000000000000010
1011110100100101111001000101100100000000000000000000000000000000000010
1011111110001011101100100010000100000000000000000000000000000000000010
1011000101000010000110010100101101100000000000000000000000000000000010
1010100101011110011000110000101111000000000000000000000000000000000010
1011110101010001000111001111111111000000000000000000000000000000000010
1011010100000000100101101011011110100000000000000000000000000000000010
1011111101110101011010100110110001100000000000000000000000000000000010
1010110101110110000011101000001100000000000000000000000000000000000010
1011101101001100100101101010011111100000000000000000000000000000000010
1010000011111001100001001011011001000000000000000000000000000000000010
1011101100110100000000111100010111100000000000000000000000000000000010
1011011000101010001111010110011100000000000000000000000000000000000010
1011110001100000000011101100100001100000000000000000000000000000000010
1010000110101010010111101101011101100000000000000000000000000000000010
1011011001000010110000110110110010000000000000000000000000000000000010
1010000010100110011111000110101000100000000000000000000000000000000010
1011110000110100101100000010111000100000000000000000000000000000000010
1010100110110100110110000011111100000000000000000000000000000000000010
1010100011011111001011111110011100100000000000000000000000000000000010
1010100011000000101010111100101101000000000000000000000000000000000010
1010000111000011111100010000001101100000000000000000000000000000000010
1010000000111011010001001101010001000000000000000000000000000000000010
1011101001011110011000010101001100100000000000000000000000000000000010
1011010001000110101101000111111101000000000000000000000000000000000010
1010100110100011001001010100111100100000000000000000000000000000000010
1010000111001100110110101110010100100000000000000000000000000000000010
1011011011011011001101100101110111000000000000000000000000000000000010
1010101100011011101001001111111100000000000000000000000000000000000010
1011100100110001001111011101111110100000000000000000000000000000000010
1010100011011110010011011101101101100000000000000000000000000000000010
1010001101111011001101110110100011000000000000000000000000000000000010
1011101010101011001100111110111110000000000000000000000000000000000010
1011100001010010100011001111111110000000000000000000000000000000000010
1010110000111101011001111110101101100000000000000000000000000000000010
1011011010100000100010010111100110000000000000000000000000000000000010
1011101010101110000010001100101101100000000000000000000000000000000010
1010010110100101100100000010100010100000000000000000000000000000000010
1011010000100101101110000011000111000000000000000000000000000000000010
1010100100101110100100101100100001100000000000000000000000000000000010
1011010111011110000001001111111000100000000000000000000000000000000010
1010010011110101001110010010010000000000000000000000000000000000000010
1011111000000111010111011010010110000000000000000000000000000000000010
1010110000010010110101001101001011100000000000000000000000000000000010
1011100111010110101011110111000000000000000000000000000000000000000010
1011011011011100011101011111111001000000000000000000000000000000000010
1011001111100101001101101101000001100000000000000000000000000000000010
1010011010010000110101011110000101000000000000000000000000000000000010
1011010110001001010001110001100001100000000000000000000000000000000010
1011000010101011010100010100010111000000000000000000000000000000000010
1010001100110010111011010101011001100000000000000000000000000000000010
1011001100100010101011011111110011100000000000000000000000000000000010
1010100100000001101110101111101010100000000000000000000000000000000010
1011001111101010011011011010111011000000000000000000000000000000000010
1010111001011110000101000100110000100000000000000000000000000000000010
1011111011110011010011111011011111000000000000000000000000000000000010
1010010100010001001011110110110100100000000000000000000000000000000010
1010111111101100111011011000100001100000000000000000000000000000000010
1010011011001111100110000100011010000000000000000000000000000000000010
1011111010110001000001111010101111000000000000000000000000000000000010
1010010000101101100011000110100111100000000000000000000000000000000010
1011011000110001110111110000011101100000000000000000000000000000000010
1011011000111111111100101000000100000000000000000000000000000000000010
1011111100010101001010101000010010000000000000000000000000000000000010
1011001001111000100101111110111101100000000000000000000000000000000010
1011110100011001110101000010111100000000000000000000000000000000000010
1011001111100111000001010101101011100000000000000000000000000000000010
1010010101101101010100111010111111100000000000000000000000000000000010
1010101010010110000100110111111001100000000000000000000000000000000010
1011110001001000111011000110010111000000000000000000000000000000000010
1010010011001010100111110001011000100000000000000000000000000000000010
1010101001110000000101111010010001100000000000000000000000000000000010
1010011111000000010110000011101100000000000000000000000000000000000010
1010010001111100000101010001001110100000000000000000000000000000000010
1011110000100110001101010001011101100000000000000000000000000000000010
1010110000010110110001101101110100000000000000000000000000000000000010
1010010000010010011011010011110101100000000000000000000000000000000010
1011000110000011100111100110100111000000000000000000000000000000000010
1011010011001100011001011010110011100000000000000000000000000000000010
1010000000001000110001011011000100000000000000000000000000000000000010
1011010000101001010100010000111111100000000000000000000000000000000010
1010010001100000110011100100110111100000000000000000000000000000000010
1011011011100111010100010001000001100000000000000000000000000000000010
1010100111101000111111111000011010100000000000000000000000000000000010
1011011000000100001011010010111011100000000000000000000000000000000010
1010110000111100001011100110000100100000000000000000000000000000000010
1010101001111110100000111100001101100000000000000000000000000000000010
1011011101011110110101000101011100000000000000000000000000000000000010
1011011000110101101101001100100101000000000000000000000000000000000010
1011000010110110110111000110010101100000000000000000000000000000000010
1010010010101100100011111111001100100000000000000000000000000000000010
1011010101110010001101100011000011000000000000000000000000000000000010
1011011101001001110001010011010101100000000000000000000000000000000010
1011010001111000000111001000110001100000000000000000000000000000000010
1011110100110010001000000110010001000000000000000000000000000000000010
1010000000001011001111011110111111100000000000000000000000000000000010
1011010101100101110101110111110100100000000000000000000000000000000010
1010111000101101011000001110100000100000000000000000000000000000000010
1011111000111100010000111111010101100000000000000000000000000000000010
1011100111001000110111111100010100000000000000000000000000000000000010
1010011110101011001000010000001101000000000000000000000000000000000010
1011001111011010101111000110000101100000000000000000000000000000000010
1010110101011100101111101111111000100000000000000000000000000000000010
1011100000101011011011101011100011000000000000000000000000000000000010
1011010011111100101001101101000010100000000000000000000000000000000010
1010000100111010011111000011010111000000000000000000000000000000000010
1010001000011100001111110000110100100000000000000000000000000000000010
1011100011100101000001100101011011100000000000000000000000000000000010
1011010101011010010110100010000000000000000000000000000000000000000010
1010000100101011011010111100100011000000000000000000000000000000000010
1010100111100101111110001010000101000000000000000000000000000000000010
1011110110101101110001001111100010100000000000000000000000000000000010
1010110011000000010110010100010110100000000000000000000000000000000010
1011000011100111000010100001111011100000000000000000000000000000000010
1011000001010001000011000111011101100000000000000000000000000000000010
1010001100010011001101101001001100000000000000000000000000000000000010
1011000011100010000110110001110111100000000000000000000000000000000010
1011110011101111010101100000101000100000000000000000000000000000000010
1010001110001011101101011110010110100000000000000000000000000000000010
1010100011010101101001110001101011100000000000000000000000000000000010
1010110101110110011011001010010110000000000000000000000000000000000010
1010001100101110000010110101001001000000000000000000000000000000000010
1010111011001100001111001000111000000000000000000000000000000000000010
1010001111000111110001101101101111100000000000000000000000000000000010
1010101001101110010100100110011001000000000000000000000000000000000010
1010001110010001100010111000011010000000000000000000000000000000000010
1010001000100010010111101010110011100000000000000000000000000000000010
1010011110111100011010001111100100000000000000000000000000000000000010
1011110110100101010100000010110010100000000000000000000000000000000010
1010110100000000000011010011111010100000000000000000000000000000000010
1011101110100010110010011100100110100000000000000000000000000000000010
1010111101101100100010000010011010000000000000000000000000000000000010
1010010110000101000001111110010110100000000000000000000000000000000010
1010100011110010100111110100001100100000000000000000000000000000000010
1010010100011110100010011111000010000000000000000000000000000000000010
1011100000100101010111100101011110100000000000000000000000000000000010
1010100001110101010010111101111101100000000000000000000000000000000010
1011100010100000001111100000101000100000000000000000000000000000000010
1010001111101010110100011101100100000000000000000000000000000000000010
1010001110001010010000101110101000100000000000000000000000000000000010
1010000001100111000101101101100101100000000000000000000000000000000010
1010100010010001011010100111001100100000000000000000000000000000000010
1010110000010000110011011011100111100000000000000000000000000000000010
1011001010001000011011000010101010100000000000000000000000000000000010
1011010011110100100001101000010111000000000000000000000000000000000010
1010010110000010000011000111111100100000000000000000000000000000000010
1010110010010000010010100011001000100000000000000000000000000000000010
1011000001001100001001111110001011000000000000000000000000000000000010
1010011111110010001110010001000001100000000000000000000000000000000010
1010000000111000100110101100001001100000000000000000000000000000000010
1011111010000110010101110111101011000000000000000000000000000000000010
1010011010101100100001101110001011000000000000000000000000000000000010
1010011110111000101010100101001010100000000000000000000000000000000010
1011000100010110000110000010111011000000000000000000000000000000000010
1010010111100000000101010110010110000000000000000000000000000000000010
1010101001111110110110001000001101000000000000000000000000000000000010
1011011011001011110010101111010011100000000000000000000000000000000010
1011000110000010001111011011110110100000000000000000000000000000000010
1011011001101000010101111111110011000000000000000000000000000000000010
1010111100010010100011101001000011000000000000000000000000000000000010
1011010110001101000000001010000101000000000000000000000000000000000010
1011001000111001100101011111000110000000000000000000000000000000000010
1011010110101000001011000100000000000000000000000000000000000000000010
1011000110011101100010010101001000100000000000000000000000000000000010
1010011101000000000011010111001111000000000000000000000000000000000010
1010110101010100000111010100011000000000000000000000000000000000000010
1011010101110110100010001001110010000000000000000000000000000000000010
1010011100001111111010011111010000100000000000000000000000000000000010
1011000100110011110001111111100010000000000000000000000000000000000010
1011100000000110000010101101101101100000000000000000000000000000000010
1010110010000100111000011101100101000000000000000000000000000000000010
1010101100011000000001110110001011000000000000000000000000000000000010
1010010101001001111000100110001101000000000000000000000000000000000010
1010100000001111110101101011011110100000000000000000000000000000000010
1010000111100100111100011001110010000000000000000000000000000000000010
1010101111000000011011111001101001000000000000000000000000000000000010
1011011100110001110001111111000101100000000000000000000000000000000010
1010000010111011110101010110110111100000000000000000000000000000000010
1010000111000100000011011111101110000000000000000000000000000000000010
1011011010000111011010001001001010000000000000000000000000000000000010
1010000000000011010100100000101100100000000000000000000000000000000010
1011000000000010101001001001100100100000000000000000000000000000000010
1010101010101001100100011011110011000000000000000000000000000000000010
1010001100010110011010101101111101000000000000000000000000000000000010
1010111001001111000010101000010110000000000000000000000000000000000010
1011000010010001001100100010001101100000000000000000000000000000000010
1011101110000100101101011100101100000000000000000000000000000000000010
1010011010000110011101111111000000100000000000000000000000000000000010
1010001011011011001000101000010110000000000000000000000000000000000010
1010100001000001111010000000111111000000000000000000000000000000000010
1010110100011000100011011111111110000000000000000000000000000000000010
1011100011001100011100000110010100100000000000000000000000000000000010
1010000110000101001100101101100110000000000000000000000000000000000010
1011110001000000100101010000100101100000000000000000000000000000000010
1010111000101011010111100111101101000000000000000000000000000000000010
1010001011000110100000001101001011000000000000000000000000000000000010
1010011000000110000011111111111001100000000000000000000000000000000010
1010000100010110011110101101101111100000000000000000000000000000000010
1010010000001000010111100010110010000000000000000000000000000000000010
1011101011000100010100011010110111100000000000000000000000000000000010
1011111100101011000101001101011010000000000000000000000000000000000010
1011001011011101001010111110111101000000000000000000000000000000000010
1010111110111000011100000100100011000000000000000000000000000000000010
1010111001101000001000001001111000100000000000000000000000000000000010
1010011011111000001111111001110001100000000000000000000000000000000010
1011000011110010011100101100001001000000000000000000000000000000000010
1010100001011100100101001001001111000000000000000000000000000000000010
1010101111000001000000000101011000100000000000000000000000000000000010
1010101111000111111100111011010001100000000000000000000000000000000010
1011110001110001011100111110101010100000000000000000000000000000000010
1010110010001001011101111101011000000000000000000000000000000000000010
1010100001010001100000100101111010000000000000000000000000000000000010
1011010100100101110001111100010110000000000000000000000000000000000010
1010110101101001101011100111111111000000000000000000000000000000000010
1011000101011000010101001111101111000000000000000000000000000000000010
1010000101000001100110001110101010000000000000000000000000000000000010
1010111001100001001011111111111100000000000000000000000000000000000010
1010111010010101111111110101011111000000000000000000000000000000000010
1010110101001001111110010001000111100000000000000000000000000000000010
1010000001011001100110100100100010000000000000000000000000000000000010
1011000111111001001010101011110110100000000000000000000000000000000010
1010110101100011111010101101110010100000000000000000000000000000000010
1010101010000001110001010011101000100000000000000000000000000000000010
1011100010011001110011101100100101100000000000000000000000000000000010
1010001011000011001001111011001011000000000000000000000000000000000010
1011001000000010010000111101110000100000000000000000000000000000000010
1011011010111111110111011011010000000000000000000000000000000000000010
1011011010000001110110111000101110000000000000000000000000000000000010
1010001000011101110101111111111011100000000000000000000000000000000010
1011001000110111000100011000001111100000000000000000000000000000000010
1010001100001010110111011011101001100000000000000000000000000000000010
1010010001001111011001100011110010000000000000000000000000000000000010
1010001010111101110000100100011010100000000000000000000000000000000010
1010011101001111001011001011111011000000000000000000000000000000000010
1011001011101000000101111101001010000000000000000000000000000000000010
1011001010001011011011100010011100100000000000000000000000000000000010
1011000110000110010001111100100111100000000000000000000000000000000010
1011001000010010111010100001111111000000000000000000000000000000000010
1010011111000000101101000011010111000000000000000000000000000000000010
1011001010011011110110011101101111000000000000000000000000000000000010
1010001001001000010101100000100010000000000000000000000000000000000010
1011110110000101101010101001110111100000000000000000000000000000000010
1010001101010100001010001101100010100000000000000000000000000000000010
1011101101011100101011110101010110000000000000000000000000000000000010
1010110101000101011111111100010000100000000000000000000000000000000010
1010000100110101010010111001000111100000000000000000000000000000000010
1011100101000110000100110010001110000000000000000000000000000000000010
1011100001110010001110101101101100100000000000000000000000000000000010
1011100101011011011100010110110000100000000000000000000000000000000010
1011100001111110000011010111101100100000000000000000000000000000000010
1011001101000101111001110101011100000000000000000000000000000000000010
1011011110101101011101110111000101100000000000000000000000000000000010
1010000110010110010010000111011111000000000000000000000000000000000010
1011110110011100101111011101111100100000000000000000000000000000000010
1011110100010000101101010000111111000000000000000000000000000000000010
1010111111101101000101100101001100100000000000000000000000000000000010
1010100101101011010011001001100101000000000000000000000000000000000010
1010100000010000110101000011100000100000000000000000000000000000000010
1011110111011101101111110010001101100000000000000000000000000000000010
1011010000101011100100110001010000100000000000000000000000000000000010
1010011000101000000110011011111011100000000000000000000000000000000010
1010101111000010010101000011110000000000000000000000000000000000000010
1010100001011010100110001110100001000000000000000000000000000000000010
1011111110011010101010111101111001100000000000000000000000000000000010
1011000010110101000011111001001001000000000000000000000000000000000010
1011011000011111001100001101011110000000000000000000000000000000000010
1010100010100001001010110100000001000000000000000000000000000000000010
1010010000110111111111010111111011000000000000000000000000000000000010
1011100000001000110001001010011010000000000000000000000000000000000010
1010101001000101000010110011010101000000000000000000000000000000000010
1010101111111011010100110100100111000000000000000000000000000000000010
1010010011001000011100000101101001100000000000000000000000000000000010
1010101100000000001001011111001111100000000000000000000000000000000010
1010000010111011001111110010111000000000000000000000000000000000000010
1011010011110110001001011011111001100000000000000000000000000000000010
1010110000001110000110110001100011000000000000000000000000000000000010
1010001111110101011100111100111001100000000000000000000000000000000010
1010100101011100001011110110111001100000000000000000000000000000000010
1011000111111011010001000000111101000000000000000000000000000000000010
1010001100010011010110001110000110000000000000000000000000000000000010
1011001010010001100100111100111011100000000000000000000000000000000010
1010101111101000101011000110011001100000000000000000000000000000000010
1011011110111010001001100101100001100000000000000000000000000000000010
1010110000101111010001011110111111000000000000000000000000000000000010
1010101111010000100111001111010001100000000000000000000000000000000010
1011100001101101010000010100100110100000000000000000000000000000000010
1011000010001000101111100000101110000000000000000000000000000000000010
1011011000100101000001001010101111100000000000000000000000000000000010
1010010100001000110111000100100010100000000000000000000000000000000010
1010000001000101001010011001000010100000000000000000000000000000000010
1011110111001010011100010111001100000000000000000000000000000000000010
1010111011111110000001111010111111100000000000000000000000000000000010
1010000111111011010111001110010011000000000000000000000000000000000010
1011101101110000010100001110111001100000000000000000000000000000000010
1010100110101110000100110111111100000000000000000000000000000000000010
1010110000100111100010000100000110000000000000000000000000000000000010
1010101111100001010111011011011111100000000000000000000000000000000010
1010111011111111100010100111010110100000000000000000000000000000000010
1010100101111001000111100000001101000000000000000000000000000000000010
1010010111110011011101110110010000000000000000000000000000000000000010
1010110100000001100011001101111011100000000000000000000000000000000010
1010011001110100011001010110101111000000000000000000000000000000000010
1011000111001000101011001000111110100000000000000000000000000000000010
1011111111101000010000101100100100100000000000000000000000000000000010
1011001100100001111001010001001101000000000000000000000000000000000010
1010011001111000001011110000000100000000000000000000000000000000000010
1010001010000000001011111001111111100000000000000000000000000000000010
1010001010111110011110101011010000000000000000000000000000000000000010
1010111000111000011110010110001011000000000000000000000000000000000010
1010001110100101010010010001101000100000000000000000000000000000000010
1010110011000100101011000110001100100000000000000000000000000000000010
1010011010111111000011101111100001000000000000000000000000000000000010
1010110000111100001001110100011000100000000000000000000000000000000010
1010011010101011000001101000000101000000000000000000000000000000000010
1010111110010110101010100101011001100000000000000000000000000000000010
1010100100000000010101011010100111100000000000000000000000000000000010
1010011100101011000000110111011000000000000000000000000000000000000010
1011011011000001001001001001000001100000000000000000000000000000000010
1010000101000001101111010110100100100000000000000000000000000000000010
1011001011010000110101101110111100100000000000000000000000000000000010
1011100100010011010101100111001100100000000000000000000000000000000010
1010111101110010100110001110010101100000000000000000000000000000000010
1011000100100111100100100010100110000000000000000000000000000000000010
1010010011101010111001001000101110100000000000000000000000000000000010
1010100011000110111101101010111000100000000000000000000000000000000010
1010010001001110110011101101001111000000000000000000000000000000000010
1010001001001100111011000010101110000000000000000000000000000000000010
1011110010011011100110000011011011000000000000000000000000000000000010
1010001101010000011010101010110101000000000000000000000000000000000010
1011100001011100001111110110100010100000000000000000000000000000000010
1011010101010110011101000011110110100000000000000000000000000000000010
1011001011100111000100100010000101000000000000000000000000000000000010
1010011110010010001110100001111100100000000000000000000000000000000010
1010100001010100000110100000011011000000000000000000000000000000000010
1011000100010000111111111001010000100000000000000000000000000000000010
1011010010001111001011000110101101000000000000000000000000000000000010
1010001100101000001110010000001110000000000000000000000000000000000010
1010100110110011010010110010010000100000000000000000000000000000000010
1010010110001010101001011101000011100000000000000000000000000000000010
1011001101111101101110010011100111000000000000000000000000000000000010
1010101101010010000011111000101110000000000000000000000000000000000010
1011101010010010101010011011010100000000000000000000000000000000000010
1011100000001110101111110100100111100000000000000000000000000000000010
1010000100001011000011110110100011100000000000000000000000000000000010
1011101100110011011111101011101101100000000000000000000000000000000010
1011000111010001010001101100011110100000000000000000000000000000000010
1010001101000111101111011000000110100000000000000000000000000000000010
1010011111011011000010111000111000100000000000000000000000000000000010
1010001110000111001110000101101011100000000000000000000000000000000010
1010001010110110010111100110010010100000000000000000000000000000000010
1010100101100110100001011101111010000000000000000000000000000000000010
1011010010000111111110011111010100100000000000000000000000000000000010
1011010001100110100000000101100111000000000000000000000000000000000010
1011011100110100100110000101110000000000000000000000000000000000000010
1010110001011001100100101001011000000000000000000000000000000000000010
1011011001001111011011010100100111100000000000000000000000000000000010
1011110101000001100111001001111111000000000000000000000000000000000010
1011111101101010010000111111000010100000000000000000000000000000000010
1011000011011101110101101000000101000000000000000000000000000000000010
1010010010010111010110111100101111000000000000000000000000000000000010
1011111111011001111010001011111000100000000000000000000000000000000010
1011100000111001000111100111101001000000000000000000000000000000000010
1010001100110111100010110101111111000000000000000000000000000000000010
1011110000011011010111111000111110100000000000000000000000000000000010
1011011011010011100011100001000101000000000000000000000000000000000010
1010110111110101010110011010011101100000000000000000000000000000000010
1010101111111010110000110011001110000000000000000000000000000000000010
1011001110000000111011111000111011100000000000000000000000000000000010
1010000010100000001100101011110101100000000000000000000000000000000010
1011101111100100010110111010100011000000000000000000000000000000000010
1010000011111011110101111101111110000000000000000000000000000000000010
1010010011011101111110101110001010100000000000000000000000000000000010
1011010010100010101111011110011100100000000000000000000000000000000010
1011001010001111110000011010100101000000000000000000000000000000000010
1010010110101110100000011111110110000000000000000000000000000000000010
1010001001110101001101000101100111100000000000000000000000000000000010
1010011010010111011101111010101001100000000000000000000000000000000010
1010001001001001110001101011111001100000000000000000000000000000000010
1011111010111100011101000010000011000000000000000000000000000000000010
1010011111010101111000010110110110000000000000000000000000000000000010
1010111110100101000000101001010100000000000000000000000000000000000010
1011110110010010101010110011101101100000000000000000000000000000000010
1011111011100011110011100100101011100000000000000000000000000000000010
1010110010000000000001011010101000000000000000000000000000000000000010
1011110110110001100000101100110110100000000000000000000000000000000010
1010010110011100001000010100111101000000000000000000000000000000000010
1010110011011001111010001010111111100000000000000000000000000000000010
1011110101100001111011100000110010100000000000000000000000000000000010
1011100101100011100010001110011100000000000000000000000000000000000010
1010110100010111010101101001010101000000000000000000000000000000000010
1011100000010000111000110000011101000000000000000000000000000000000010
1010000001100101011111010111111110100000000000000000000000000000000010
1010010010100010110000000111011110000000000000000000000000000000000010
1011010111110001000010100111001111000000000000000000000000000000000010
1010111101100111101000111000101011000000000000000000000000000000000010
1011001011111100111100111110100010100000000000000000000000000000000010
1011111010001011001001011000100000000000000000000000000000000000000010
1011010110000111000011101111111000100000000000000000000000000000000010
1011100111000100001001010110111100000000000000000000000000000000000010
1010010100010100011111010011111011000000000000000000000000000000000010
1011110100010101101000011111110000100000000000000000000000000000000010
1010110000010110101101000101001110000000000000000000000000000000000010
1011100101011010101100110111101000000000000000000000000000000000000010
1010100001011111101111101011110010000000000000000000000000000000000010
1010011110000001010110101011010101100000000000000000000000000000000010
1010011101110111100001101111111010000000000000000000000000000000000010
1010101001111011100001010010010001000000000000000000000000000000000010
1010011101111111111000111011001110100000000000000000000000000000000010
1010011111011000001000101101010001100000000000000000000000000000000010
1010001111001010101111011101001111000000000000000000000000000000000010
1011111101000001011110110100111111100000000000000000000000000000000010
1010110100101011011111111001110110000000000000000000000000000000000010
1011101011111000101101010001110110000000000000000000000000000000000010
1011010110110000110011111001011101000000000000000000000000000000000010
1011101100100100111100100000001111000000000000000000000000000000000010
1010000000110000010101110111110011000000000000000000000000000000000010
1010100110001111001011100011110110000000000000000000000000000000000010
1011011101001010100001110001011001100000000000000000000000000000000010
1010101100001101110110100010101101100000000000000000000000000000000010
1011010010000011101100100000111010000000000000000000000000000000000010
1010000100011111000110110010000100000000000000000000000000000000000010
1010010010100000111011010010011110100000000000000000000000000000000010
1011001001101010010010001011011010100000000000000000000000000000000010
1011011000111110111110001010001010000000000000000000000000000000000010
1010010100010100100101001101101000100000000000000000000000000000000010
1011111011101001010110101110111011000000000000000000000000000000000010
1011011101110000010110011100011010100000000000000000000000000000000010
1010011100000111010010001100100111000000000000000000000000000000000010
1011011111000011110001101110001101100000000000000000000000000000000010
1010011011100101010010001101010101100000000000000000000000000000000010
1011100100000010010010000101001111000000000000000000000000000000000010
1010011100010001011010000010101111000000000000000000000000000000000010
1010110001110110011111110101101011100000000000000000000000000000000010
1010101001001100101001010001010100000000000000000000000000000000000010
1011000011011001001011100011001110000000000000000000000000000000000010
1011001010011011110111011110100000000000000000000000000000000000000010
1011011011011100100010101000001111100000000000000000000000000000000010
1010111000100101101011100011101111100000000000000000000000000000000010
1010000111101001110010111110001010000000000000000000000000000000000010
1011111110111010001011001110010010100000000000000000000000000000000010
1010011110001100000001011001001000000000000000000000000000000000000010
1010010000110110001010011001111101000000000000000000000000000000000010
1010000100100000010101010111101100000000000000000000000000000000000010
1011100110110100011111011110111101000000000000000000000000000000000010
1010011011100110001100100101101111100000000000000000000000000000000010
1011000101111010101110000000000011100000000000000000000000000000000010
1011101100110100010010110111111010100000000000000000000000000000000010
1010101010000011010101111011011011100000000000000000000000000000000010
1010100100100001000100111110101111100000000000000000000000000000000010
1010000011110001001100101000110011100000000000000000000000000000000010
1011001111000001000001110101001010100000000000000000000000000000000010
1011001111000100010011010010111111000000000000000000000000000000000010
1011100101110001101110011011100001100000000000000000000000000000000010
1011100110101011011110100101110110100000000000000000000000000000000010
1011110000001100000001110100011011100000000000000000000000000000000010
1011000111110010110010001001111111100000000000000000000000000000000010
1010100001001001001110110110111100000000000000000000000000000000000010
1011110111101111001000100100110010000000000000000000000000000000000010
1010010011100010100101100101100010000000000000000000000000000000000010
1011011000110011001101011010011001100000000000000000000000000000000010
1011110011101101001010000001110110100000000000000000000000000000000010
1011010000101010000111010110010100000000000000000000000000000000000010
1010010110110001001111011100110011000000000000000000000000000000000010
1011011110110010000111011111010010000000000000000000000000000000000010
1011010101100100100101111101010111000000000000000000000000000000000010
1011010100101011110011001101111100100000000000000000000000000000000010
1011001011010000100100010111011011000000000000000000000000000000000010
1011000000010011011101010100010110000000000000000000000000000000000010
1010011000110100001100000110110101100000000000000000000000000000000010
1010000010101100000001110101010101000000000000000000000000000000000010
1010101001110011101110100110111010000000000000000000000000000000000010
1011111000000001011110001010001001000000000000000000000000000000000010
1011101011101010001101011100100100100000000000000000000000000000000010
1011100110111010001001000000110111100000000000000000000000000000000010
1011010100000101001000001011011011100000000000000000000000000000000010
1011100111001010001110001100000100000000000000000000000000000000000010
1011000010001010100100010010001010100000000000000000000000000000000010
1011011010111001111110001100010011100000000000000000000000000000000010
1011001011001110011001110000010111100000000000000000000000000000000010
1010110010110110011010111000011011100000000000000000000000000000000010
1010100000010110010100111110110010100000000000000000000000000000000010
1010100100111010110110011111011111000000000000000000000000000000000010
1010101011001011100010110000100001100000000000000000000000000000000010
1010101110111111100100011011001010100000000000000000000000000000000010
1011010100111000101010101101110000000000000000000000000000000000000010
1011111101011000100111010010111010000000000000000000000000000000000010
1010001010000000110100100111100001000000000000000000000000000000000010
1010000110101001011100100111010000000000000000000000000000000000000010
1011010000011100011010001101000100000000000000000000000000000000000010
1011010000111010101011010011100110000000000000000000000000000000000010
1011100001011010010101100101100111100000000000000000000000000000000010
1011011101011001010001110010011000100000000000000000000000000000000010
1010010000010101001110000101001100000000000000000000000000000000000010
1011010101110100000110011111110110000000000000000000000000000000000010
1011101110100001110101011011101101000000000000000000000000000000000010
1010101001000011010111010011010100100000000000000000000000000000000010
1010001011110000101010100011100000000000000000000000000000000000000010
1010110101111010000011100110100000000000000000000000000000000000000010
1011001011010000110111110110110000000000000000000000000000000000000010
1010001011000000111100011011011110000000000000000000000000000000000010
1010001000110110110010111000000001000000000000000000000000000000000010
1010110100001010000110111011111001000000000000000000000000000000000010
1011010101011111100001100100110000000000000000000000000000000000000010
1010011010010110101101010000000111000000000000000000000000000000000010
1010101111011101101110011011110011100000000000000000000000000000000010
1011111110101010111110101011101111100000000000000000000000000000000010
1011010011110101110001010110011101000000000000000000000000000000000010
1011110001100110111100110100010101000000000000000000000000000000000010
1011001000010100001111010000110001100000000000000000000000000000000010
1011111110101111011110111101011001000000000000000000000000000000000010
1011001110100010000010111011011011100000000000000000000000000000000010
1011010011001101111000110001000010000000000000000000000000000000000010
1010010001000110101111101111101001100000000000000000000000000000000010
1011101110100011101011111111110000000000000000000000000000000000000010
1011010110110011101010010010111000100000000000000000000000000000000010
1010110010000010000000010011100111000000000000000000000000000000000010
1010001000011010111110111000011101000000000000000000000000000000000010
1010100101010001100010110110110011000000000000000000000000000000000010
1010110100100001100111001100100101100000000000000000000000000000000010
1011010100111110001101111010011011100000000000000000000000000000000010
1010100001110101111010000001110111000000000000000000000000000000000010
1011000010011101111110101010010110100000000000000000000000000000000010
1010101101010011110011011100010111100000000000000000000000000000000010
1010000110010100001000010101011111100000000000000000000000000000000010
1011010101001101011110100101100011000000000000000000000000000000000010
1010000101100101101011110111100101000000000000000000000000000000000010
1010010100101011101010101011000110100000000000000000000000000000000010
1011111111010100110010001111101011000000000000000000000000000000000010
1011100100001010111110110101111101000000000000000000000000000000000010
1011010011010111111011000011010100100000000000000000000000000000000010
1010011110101010110000100010111111100000000000000000000000000000000010
1010000111100001101110100111011000100000000000000000000000000000000010
1010101100000110010110110010110101100000000000000000000000000000000010
1010100010110001011101101100011100100000000000000000000000000000000010
1010110010111101011000110001100000000000000000000000000000000000000010
1010010011111011100011110001001111000000000000000000000000000000000010
1011101001001001011000100111110010000000000000000000000000000000000010
1010111110111101000010011001011110100000000000000000000000000000000010
1011001111000101100100001011000000000000000000000000000000000000000010
1010000000110010110011110101100010100000000000000000000000000000000010
1010001110110011100000011101011000000000000000000000000000000000000010
1010100101001010000010010101101000100000000000000000000000000000000010
1010001010110100000011110111011011100000000000000000000000000000000010
1010001100000010010111100100101001000000000000000000000000000000000010
1010011101100100111001001010110111000000000000000000000000000000000010
1011011010010100110101111000011001000000000000000000000000000000000010
1011011010001010001100101001101001100000000000000000000000000000000010
1010011101000001000111101001100000000000000000000000000000000000000010
1011110110011000101100101001010100000000000000000000000000000000000010
1011010000111110001110011010000011100000000000000000000000000000000010
1011100110110000101010111111111000100000000000000000000000000000000010
1011011101100010101001101100101101000000000000000000000000000000000010
1010111100000100111100011101001101100000000000000000000000000000000010
1011110001001110011110111011010000100000000000000000000000000000000010
1011111000100110011110000101011011000000000000000000000000000000000010
1011011111000101100101101111000011000000000000000000000000000000000010
1011111001000010000100000111001000000000000000000000000000000000000010
1011100000011110101000011110101110100000000000000000000000000000000010
1010010011001100011011101111010101000000000000000000000000000000000010
1011101100001101110000101111011010000000000000000000000000000000000010
1010000101111110100100101011001010100000000000000000000000000000000010
1011110010010000000010101000010100000000000000000000000000000000000010
1010000111010001100110001110010111000000000000000000000000000000000010
1010001011001001101101111111110011100000000000000000000000000000000010
1011011110110011001100100110001011000000000000000000000000000000000010
1010001110000110110010111100110111000000000000000000000000000000000010
1010000001000000100110101100110100000000000000000000000000000000000010
1010010000101000010100110111000011100000000000000000000000000000000010
1011011010001001101110111010011111000000000000000000000000000000000010
1011100100000101001110111000111000100000000000000000000000000000000010
1010010001010010011101011101011110100000000000000000000000000000000010
1011111110101111001000111010101011000000000000000000000000000000000010
1011010011000101110100111000111000100000000000000000000000000000000010
1011100110110000000101010100000001000000000000000000000000000000000010
1010010000110011011111011110101100100000000000000000000000000000000010
1011101000001011111010111010110101000000000000000000000000000000000010
1010111111110001110100000110011100000000000000000000000000000000000010
1011111010011011110100011010101100100000000000000000000000000000000010
1010101001001010100101100110101110000000000000000000000000000000000010
1011001010000100010101111110001110000000000000000000000000000000000010
1011101101010111010010010100001101100000000000000000000000000000000010
1010111110000110111110111101001100000000000000000000000000000000000010
1011001001001110100100010100000000100000000000000000000000000000000010
1010011001001011001010010110010110100000000000000000000000000000000010
1011000010001111000000111001111000000000000000000000000000000000000010
1010011000011001101111111101000111100000000000000000000000000000000010
1010110101101000011011000000001110100000000000000000000000000000000010
1010001100000000111010001011100010000000000000000000000000000000000010
1011011111101101101000010111011010000000000000000000000000000000000010
1011100001000010000011011101110111100000000000000000000000000000000010
1010111011111000010101111010111111000000000000000000000000000000000010
1011000010001000001111100110101110000000000000000000000000000000000010
1011000001110001000010111111001111000000000000000000000000000000000010
1010100111100011011111011100100101000000000000000000000000000000000010
1010101111110010101010011111100100100000000000000000000000000000000010
1011011100011110000000000000110111100000000000000000000000000000000010
1010000010001101010010010111100111100000000000000000000000000000000010
1010111101011010010000110100101000000000000000000000000000000000000010
1010010111100001100111101100001110100000000000000000000000000000000010
1011011100010100010010100001100011000000000000000000000000000000000010
1011010010000000100000011100101101000000000000000000000000000000000010
1011111000111111010000100011010011000000000000000000000000000000000010
1011011101110101000110010111100110100000000000000000000000000000000010
1010011101101100110011000011100110000000000000000000000000000000000010
1010000110011101000111010011001010100000000000000000000000000000000010
1010010110000000000011110001100100100000000000000000000000000000000010
1011101101010010111100000011111110000000000000000000000000000000000010
1010001000001010111101101100000100100000000000000000000000000000000010
1011010010000001100111010110000101100000000000000000000000000000000010
1010011000110001000100000001111000100000000000000000000000000000000010
1011110000110000111101010101110100100000000000000000000000000000000010
1011011011110000100010101100000001000000000000000000000000000000000010
1010010010010001000001011111001101100000000000000000000000000000000010
1010101001000000001111000001111000000000000000000000000000000000000010
1011000010010100100010010110100100000000000000000000000000000000000010
1010000100100000110010110111101101100000000000000000000000000000000010
1011000111100110000001001000010110000000000000000000000000000000000010
1010000000100011011010001001100101000000000000000000000000000000000010
1010011010111100100001110111001110100000000000000000000000000000000010
1010100000101110001010011111100010100000000000000000000000000000000010
1010010010100001010110111010001011000000000000000000000000000000000010
1010111100111110110001111000111100100000000000000000000000000000000010
1010011111110000010111111100011001100000000000000000000000000000000010
1011111101000111001010010111010011000000000000000000000000000000000010
1011110111011111111111100100011100000000000000000000000000000000000010
1010000001001111001010110000101001000000000000000000000000000000000010
1011001100000010011100010010001011100000000000000000000000000000000010
1010101110011100010010011000000011100000000000000000000000000000000010
1011011011110111001101110100010011000000000000000000000000000000000010
1011111011001010010111110010100111000000000000000000000000000000000010
1010010000010111001110111001110100100000000000000000000000000000000010
1011000001100000100010110001010001000000000000000000000000000000000010
1011110110011001110000000111111101000000000000000000000000000000000010
1011010001010101001101000110011110000000000000000000000000000000000010
1011010011001101001010110010110100100000000000000000000000000000000010
1010101111100100011010100001011000100000000000000000000000000000000010
1010011110100101100001001011110101100000000000000000000000000000000010
1010011110110110011111010010100101100000000000000000000000000000000010
1010011111110010101110110011001100100000000000000000000000000000000010
1011110101010000111010011110100011100000000000000000000000000000000010
1010110010111011011101110100001101000000000000000000000000000000000010
1011010010101101011000011000110101000000000000000000000000000000000010
1010100000100101001100100110011111100000000000000000000000000000000010
1010011110101010010010110101111110100000000000000000000000000000000010
1010110000011110111110100010101010100000000000000000000000000000000010
1010011011001110001011101000011011000000000000000000000000000000000010
1011011110101000010000111001100010000000000000000000000000000000000010
1010110110100011111110011010101101100000000000000000000000000000000010
1010111010111010011001100010011110000000000000000000000000000000000010
1011110001101111100000111101110110000000000000000000000000000000000010
1011001011001101011010100011010110000000000000000000000000000000000010
1011110000100000100100110011001101000000000000000000000000000000000010
1010111010111110000001110110111100100000000000000000000000000000000010
1010010011010011000100001010011111100000000000000000000000000000000010
1010001011000100011011001001110010100000000000000000000000000000000010
1011011000111100110101110110100001100000000000000000000000000000000010
1010001100011111111011001101000011100000000000000000000000000000000010
1010010101001010001101111011011001100000000000000000000000000000000010
1011100111110001010111111011000010000000000000000000000000000000000010
1011011110010110010110011011011011000000000000000000000000000000000010
1011110100010011001100111000011110000000000000000000000000000000000010
1010101000010000101011010010011100000000000000000000000000000000000010
1010010110110001100111011000111100000000000000000000000000000000000010
1010011011000111000000001110001011100000000000000000000000000000000010
1010011011111010000000011111001101000000000000000000000000000000000010
1011001100000111101110001010010101000000000000000000000000000000000010
1011000010111101100011010001111101000000000000000000000000000000000010
1011100111110001000111100010101100000000000000000000000000000000000010
1011101011111001100100011001011100000000000000000000000000000000000010
1011010101000111111110001111011110100000000000000000000000000000000010
1011000010010001011000010111010011100000000000000000000000000000000010
1010100000001100010001000101111110100000000000000000000000000000000010
1010000000001001001001001010100100000000000000000000000000000000000010
1010111101001101001111110100111001000000000000000000000000000000000010
1011010011111011011010100011011010000000000000000000000000000000000010
1010110011110100101100110011001110100000000000000000000000000000000010
1010011001000101001000011100011110000000000000000000000000000000000010
1010011010001011000001101000110111000000000000000000000000000000000010
1011011111101100011010000011011110000000000000000000000000000000000010
1011010010011010010111000110001010000000000000000000000000000000000010
1011010000001001111101010110000100100000000000000000000000000000000010
1010101001110111111101110001001111000000000000000000000000000000000010
1010011000111010110010110011010111000000000000000000000000000000000010
1011011110001111001101010110011000000000000000000000000000000000000010
1010001110110010111011001100011101000000000000000000000000000000000010
1011000001011110001110011011010100000000000000000000000000000000000010
1010100000000011000000000011010001100000000000000000000000000000000010
1011011011100001000110000001000100000000000000000000000000000000000010
1011011000100101000010101011010010000000000000000000000000000000000010
1010100100000001111111011011101100100000000000000000000000000000000010
1010111000111100100111110011001001100000000000000000000000000000000010
1011000101011010100100100010011001100000000000000000000000000000000010
1011100010011000100010111111001000000000000000000000000000000000000010
1010010100000110010110000110010001100000000000000000000000000000000010
1011110001101100001000110001100000100000000000000000000000000000000010
1010000000111010101000110010001111100000000000000000000000000000000010
1011110000011000010011010001101110000000000000000000000000000000000010
1011110101011111010011110010010101000000000000000000000000000000000010
1011010011110111001110111010100110100000000000000000000000000000000010
1010000000110010000001100001000001100000000000000000000000000000000010
1011111111010001010010110101110100100000000000000000000000000000000010
1011010010010000010101100011011011100000000000000000000000000000000010
1011111000011101101101111000111001000000000000000000000000000000000010
1010100000000000010001010111001100000000000000000000000000000000000010
1011101111001100001011101010110011100000000000000000000000000000000010
1011110011110000100100110101000101100000000000000000000000000000000010
1010110100011111011000010000100101100000000000000000000000000000000010
1010010101011000010111011110110000000000000000000000000000000000000010
1010011110010100001100110001111111000000000000000000000000000000000010
1011111101110111001010111111111010100000000000000000000000000000000010
1010111011011100100101000010000001100000000000000000000000000000000010
1011011111000100001000011011101000000000000000000000000000000000000010
1011011110110000000100110011110110000000000000000000000000000000000010
1010000001001111111110101110010100100000000000000000000000000000000010
1011111001101101011001110000001101100000000000000000000000000000000010
1010001000100111001000011101110010000000000000000000000000000000000010
1011000010000110110110111011111100100000000000000000000000000000000010
1010101110101010011011101100011010000000000000000000000000000000000010
1011101001010011001110100011000001100000000000000000000000000000000010
1010000100110011011101011001100110100000000000000000000000000000000010
1011101000101000000111100111001011100000000000000000000000000000000010
1011100100100101110011000101111010000000000000000000000000000000000010
1010001011010010000011100000110101000000000000000000000000000000000010
1011101011100110000000001100001111100000000000000000000000000000000010
1011010010101100011100100011001011100000000000000000000000000000000010
1011001001000100111010100110111101000000000000000000000000000000000010
1011010111010010101010111011011100100000000000000000000000000000000010
1010110011110110001011001011111010000000000000000000000000000000000010
1011110001100110111111111000100110100000000000000000000000000000000010
1011110000001010110000100111000011000000000000000000000000000000000010
1011100101010001110011011111000100100000000000000000000000000000000010
1011010010011010110101111000010111100000000000000000000000000000000010
1010100010010100000010101110011101000000000000000000000000000000000010
1010001010100111010110110110010000100000000000000000000000000000000010
1011101111000000011011101101110000100000000000000000000000000000000010
1011001011111001111110101101011100000000000000000000000000000000000010
1011001110110100010010001101111110000000000000000000000000000000000010
1010000000100111010111111101110100000000000000000000000000000000000010
1011101110010011001001001001101010000000000000000000000000000000000010
1011111100101011100011100111001001100000000000000000000000000000000010
1011111101101111100110111111010110000000000000000000000000000000000010
1011000001101001100101101011100111000000000000000000000000000000000010
1011111100110110011100001001010000100000000000000000000000000000000010
1011110110000101100111110010010000100000000000000000000000000000000010
1011101001101111001111000101001100000000000000000000000000000000000010
1011100111011111100000011001100111000000000000000000000000000000000010
1010111000010100001000100010011001000000000000000000000000000000000010
1010000001010001100001010110001100100000000000000000000000000000000010
1011000011110010011011010001010111000000000000000000000000000000000010
1010111000100110000101101111101011100000000000000000000000000000000010
1010101110011000001101110001110110000000000000000000000000000000000010
1011110110000100101010011000011010000000000000000000000000000000000010
1010100010011111011010110101011001000000000000000000000000000000000010
1011000001100010011110000111101100100000000000000000000000000000000010
1011010000000110000110101101100101100000000000000000000000000000000010
1011110100010000010000011111101100000000000000000000000000000000000010
1010000000111010100010111011101011000000000000000000000000000000000010
1010101011100000000010001111001010100000000000000000000000000000000010
1011011000000100001111101111111110000000000000000000000000000000000010
1010110000010010111010011100100011100000000000000000000000000000000010
1010111000111000010110100100011111000000000000000000000000000000000010
1011101000100100000001001101110110000000000000000000000000000000000010
1010100000001000110110110100110000100000000000000000000000000000000010
1010100000111101111000000000010010100000000000000000000000000000000010
1011111010011010011011100010001100100000000000000000000000000000000010
1010110110010101000001010100011001100000000000000000000000000000000010
1010000110001001110011101000011101100000000000000000000000000000000010
1010001011110010001010000110111001100000000000000000000000000000000010
1011101001000101100110010100110000000000000000000000000000000000000010
1010100010110000011101111010111001000000000000000000000000000000000010
1011110100000101110010110101001111100000000000000000000000000000000010
1011101111010000100111000100110000100000000000000000000000000000000010
1010100000011100110000101100111110100000000000000000000000000000000010
1010000001100010000100100001010110100000000000000000000000000000000010
1011000110110011011111001110001011100000000000000000000000000000000010
1011001000011011110001101111001001100000000000000000000000000000000010
1010111101100011100000010101011011000000000000000000000000000000000010
1011010100000000011010110110100110100000000000000000000000000000000010
1010100010101001000101001111100011100000000000000000000000000000000010
1011111010100010010111111011110101000000000000000000000000000000000010
1010110000101011100000101101010011100000000000000000000000000000000010
1010101100101110011001000111101111000000000000000000000000000000000010
1010011100101101100001101011000101000000000000000000000000000000000010
1010110010011000110101010010110100000000000000000000000000000000000010
1011010100110101011011100110011010100000000000000000000000000000000010
1011110010001110111001111111100011100000000000000000000000000000000010
1010000010011010010001101111001011000000000000000000000000000000000010
1011110100000001100000011000010000000000000000000000000000000000000010
1010001100001011010100110010111101100000000000000000000000000000000010
1010111010111111011000010001111111100000000000000000000000000000000010
1011110101101011000100010111111001000000000000000000000000000000000010
1011111011101011101000011101001100100000000000000000000000000000000010
1011111100101100100111111111001101100000000000000000000000000000000010
1011000010001111010010110011010100100000000000000000000000000000000010
1010001100101001100100110110111001000000000000000000000000000000000010
1010101001111100000001011101110101100000000000000000000000000000000010
1010011000111001100000011110001101100000000000000000000000000000000010
1011100000110000110110000101011010000000000000000000000000000000000010
1010000001110001001111001100011001000000000000000000000000000000000010
1010001001101111011001000110011111100000000000000000000000000000000010
1011000100001010000010011010110001100000000000000000000000000000000010
1011000110101101101001100101011000100000000000000000000000000000000010
1010111110110100100000001100101101100000000000000000000000000000000010
1011000101111011011100010101010111000000000000000000000000000000000010
