1010001101001000010000101110011011100000000000000000000000000000000010
1011111101011111101100101010001111000000000000000000000000000000000010
1011110100110111111100010101010010000000000000000000000000000000000010
1010101110101001110000001010000110100000000000000000000000000000000010
1010110001001011011000011001010111000000000000000000000000000000000010
1011011110101100011001000010100100000000000000000000000000000000000010
1010111001011100100110110010100101100000000000000000000000000000000010
1011101110011010101100101101001100000000000000000000000000000000000010
1011100010100000000111001110000100100000000000000000000000000000000010
1010101101110011110000101010000010000000000000000000000000000000000010
1011111111111110101010110110111001100000000000000000000000000000000010
1011011100111101001001000000101011100000000000000000000000000000000010
1011000101001110101110110000100110000000000000000000000000000000000010
1010100000111000110001101100001010100000000000000000000000000000000010
1010001101010010000110111110100110000000000000000000000000000000000010
1011100111111111111110110011001111100000000000000000000000000000000010
1010010100001100010011110011010001000000000000000000000000000000000010
1011101101001001010010000000010101100000000000000000000000000000000010
1011000101011111111111001111010001000000000000000000000000000000000010
1011111111111000111101000011001111000000000000000000000000000000000010
1011100101001010111011011111000101000000000000000000000000000000000010
1010110101100100010000110101101110100000000000000000000000000000000010
1011010010100000010101001110001101100000000000000000000000000000000010
1010011111111101010101011000110000100000000000000000000000000000000010
1011101010100000000110000111011000100000000000000000000000000000000010
1011011100110001010000010010110001000000000000000000000000000000000010
1010101001010011100001000111000000000000000000000000000000000000000010
1011001101111010000100100011000101100000000000000000000000000000000010
1010001110010101101110110001111100100000000000000000000000000000000010
1010000110001111101001000000100110100000000000000000000000000000000010
1010100001001010000000100101010100000000000000000000000000000000000010
1011110010001110100011101111111111100000000000000000000000000000000010
1011001100000011010110101100011101100000000000000000000000000000000010
1011101111111011100001011010010110100000000000000000000000000000000010
1011101110001001111010011011100000100000000000000000000000000000000010
1011111101111000010110111100010000100000000000000000000000000000000010
1011001000110011011101011010101011000000000000000000000000000000000010
1010110010000000101010110010001110100000000000000000000000000000000010
1011000101110001101101110000011100000000000000000000000000000000000010
1011101101011111011110001111111011100000000000000000000000000000000010
1011101111100000000100000011001010100000000000000000000000000000000010
1010010100111100110010011101010000100000000000000000000000000000000010
1011101101010101101001000010111111100000000000000000000000000000000010
1010001101011100001000111000010001000000000000000000000000000000000010
1011100001110101001111000001000100100000000000000000000000000000000010
1010010111110111001101101000110110000000000000000000000000000000000010
1011110011000011100001100111000101000000000000000000000000000000000010
1011010110001011110010111011100101100000000000000000000000000000000010
1011101000010110000010010100010111000000000000000000000000000000000010
1011101001001011101001001010011110000000000000000000000000000000000010
1010100000010111010111101011100110100000000000000000000000000000000010
1011001111110000011011110100000110000000000000000000000000000000000010
1010011000000001001011111011011111000000000000000000000000000000000010
1010000011100000101000110110001001100000000000000000000000000000000010
1011011101101000111101010001001100100000000000000000000000000000000010
1011110101110001101010101001100110100000000000000000000000000000000010
1011110110110101100101010100100110000000000000000000000000000000000010
1011110110110000101111000101110000000000000000000000000000000000000010
1011011011100011010011110000110111100000000000000000000000000000000010
1011111111001111110010100111011001100000000000000000000000000000000010
1010000001010110010111010101101000100000000000000000000000000000000010
1010101000110101100101011101000000100000000000000000000000000000000010
1010001011000101000111001111010000100000000000000000000000000000000010
1011100010100000000101001010110110000000000000000000000000000000000010
1011000110110110000111000001110001000000000000000000000000000000000010
1010010110011001101100011000011010100000000000000000000000000000000010
1010110000000010100001000101011101100000000000000000000000000000000010
1011011000101000101010101100000010100000000000000000000000000000000010
1010100000010111011111011101010100100000000000000000000000000000000010
1010010101100100000001010101101101000000000000000000000000000000000010
1010000101110110101000000001011110000000000000000000000000000000000010
1011011100000111101111100011001101100000000000000000000000000000000010
1010010100001111000111110101010011100000000000000000000000000000000010
1010101111110110110111000110001011100000000000000000000000000000000010
1011010000010011100101111000111110100000000000000000000000000000000010
1010101100100010111000100111100000100000000000000000000000000000000010
1011000110011011100000010100101100100000000000000000000000000000000010
1010110011001111001000111001000110100000000000000000000000000000000010
1010101010101111111101111111111001000000000000000000000000000000000010
1011110110111010101001100101010010000000000000000000000000000000000010
1011000101111000000010000000100011000000000000000000000000000000000010
1011000101101100011100011110100100100000000000000000000000000000000010
1011010000010100110010101100011101100000000000000000000000000000000010
1011010111000001011010111010001000100000000000000000000000000000000010
1010010000010000010101100001100101000000000000000000000000000000000010
1011000100100101111001010111100100000000000000000000000000000000000010
1010011101101000001010101011100011100000000000000000000000000000000010
1010010101010110111100010100101110000000000000000000000000000000000010
1011110001111101101011000111111000100000000000000000000000000000000010
1010100101000110100000000010010100000000000000000000000000000000000010
1010100100011001100110101100001101000000000000000000000000000000000010
1011111111101110101110101000100100100000000000000000000000000000000010
1010101101111001010111010100100100000000000000000000000000000000000010
1011011011001010100101011000100110100000000000000000000000000000000010
1011101010000110000101000010010110000000000000000000000000000000000010
1010101111001111100011101111001011000000000000000000000000000000000010
1011110100010100001111101111101010000000000000000000000000000000000010
1011100101011100010100110001011101000000000000000000000000000000000010
1011010001100100111010011100001101000000000000000000000000000000000010
1011000010011011011000111000001111100000000000000000000000000000000010
1011100001001010001100111110010100100000000000000000000000000000000010
1010110010010101001010001011101100000000000000000000000000000000000010
1010100010101110011000110100100001000000000000000000000000000000000010
1011111111111011101001110001000001100000000000000000000000000000000010
1010100100010101001111010101010011100000000000000000000000000000000010
1010011111111110000010010101110111000000000000000000000000000000000010
1011011100011011011110010010110110100000000000000000000000000000000010
1010101011000101000001100000101001000000000000000000000000000000000010
1010111000000011010101011101000010100000000000000000000000000000000010
1011110101001011111101110010101001000000000000000000000000000000000010
1011100011000010001110101101011010000000000000000000000000000000000010
1011101001000010110100001000101101000000000000000000000000000000000010
1011010110001110100110001011110100100000000000000000000000000000000010
1011001011001110101110100000010000000000000000000000000000000000000010
1011010000100010111010110100010010100000000000000000000000000000000010
1011000010001101010000011001011010000000000000000000000000000000000010
1010110101010110000011110101010111000000000000000000000000000000000010
1010110110001001100111001000001000100000000000000000000000000000000010
1011110000101100111011010110011101000000000000000000000000000000000010
1010111111101101001111000001011110000000000000000000000000000000000010
1010111100100110001010010110010100100000000000000000000000000000000010
1011101011001010100110000101011111100000000000000000000000000000000010
1010110000010101101110010000011111000000000000000000000000000000000010
1010101010000110010001110110001000000000000000000000000000000000000010
1011010110100110000101101011100000100000000000000000000000000000000010
1011011001100110010010111011011010100000000000000000000000000000000010
1011001010111010011001010010111010000000000000000000000000000000000010
1011101001000010011000011000101010000000000000000000000000000000000010
1010000011010010010100010111010110000000000000000000000000000000000010
1011100011100110101001001011100110000000000000000000000000000000000010
1010111101110111010101010001000100100000000000000000000000000000000010
1010100111110001000111101101100010000000000000000000000000000000000010
1010011111010000010011100010110010100000000000000000000000000000000010
1011011101101100010101111000011000100000000000000000000000000000000010
1011011101111110011111110000010011000000000000000000000000000000000010
1011110011101010001110000010011100100000000000000000000000000000000010
1011100101011110110001100011101011100000000000000000000000000000000010
1011111111100000011011111101100111000000000000000000000000000000000010
1010000101010100111111110011000111000000000000000000000000000000000010
1010100111100111101011100101100111000000000000000000000000000000000010
1010100101100100110110100001100100000000000000000000000000000000000010
1011011101011101110011111011101111000000000000000000000000000000000010
1011011110111000110000101111111010000000000000000000000000000000000010
1010011010101011011001010010011011000000000000000000000000000000000010
1010111110110001000111010110111010000000000000000000000000000000000010
1010010111101011100000000010001000000000000000000000000000000000000010
1010101000100000010101011101000100100000000000000000000000000000000010
1010000000100111000101001101011111100000000000000000000000000000000010
1011011010010000100111100110100001000000000000000000000000000000000010
1010100000001110010010101010101000000000000000000000000000000000000010
1011001000110000111010100000011011000000000000000000000000000000000010
1011010000100111010011110100010001000000000000000000000000000000000010
1011000000000110100001101000001111100000000000000000000000000000000010
1010101001111001010010111000010010100000000000000000000000000000000010
1010001111000101010010001110010011000000000000000000000000000000000010
1011111111100010101110010010000111100000000000000000000000000000000010
1010110010101100000011110001011100100000000000000000000000000000000010
1011110000000110100001010010101110000000000000000000000000000000000010
1010100101000000010110101011110101000000000000000000000000000000000010
1011011011000101101000010010111001100000000000000000000000000000000010
1010100101011001000001111111111010100000000000000000000000000000000010
1010000011101111100001000100001101000000000000000000000000000000000010
1011101111100010101011001011111111100000000000000000000000000000000010
1010001111101010101001000111100110100000000000000000000000000000000010
1011101000000001111110000111010000100000000000000000000000000000000010
1010011011100000100110111100111000000000000000000000000000000000000010
1011000101111101000010101000010000100000000000000000000000000000000010
1010101000000001101000100110000010100000000000000000000000000000000010
1010000001011100100001100010101110000000000000000000000000000000000010
1011010110111011111111101011001111000000000000000000000000000000000010
1010100011111101001111110110111011100000000000000000000000000000000010
1011111001010100110110100010001110000000000000000000000000000000000010
1011100000010111000011010111011010100000000000000000000000000000000010
1010111011010001100000101110100001100000000000000000000000000000000010
1010101001110110110101111110110101000000000000000000000000000000000010
1010011001000111111100010010110111100000000000000000000000000000000010
1010011110011111011011101101110001100000000000000000000000000000000010
1010101101011101000000110101010101000000000000000000000000000000000010
1010110001110110010111101000110010100000000000000000000000000000000010
1011111111100101111100000011100100000000000000000000000000000000000010
1011001101011101101000001100010011100000000000000000000000000000000010
1010110111001001111110000011111000000000000000000000000000000000000010
1010111000110100100111100010011100100000000000000000000000000000000010
1011110101111011000110010011110110000000000000000000000000000000000010
1010010000100001011101000000101110100000000000000000000000000000000010
1010101110100100011000101101100111000000000000000000000000000000000010
1011111011000101010010110000011001100000000000000000000000000000000010
1011100011010000110100111100000011100000000000000000000000000000000010
1011101100011011010001011111011001000000000000000000000000000000000010
1010111010000101100001110101111100100000000000000000000000000000000010
1011111000000001000000010111010011000000000000000000000000000000000010
1011110010011000001110010000011101100000000000000000000000000000000010
1011000110101010101100011001000111100000000000000000000000000000000010
1011111001100000011100011001000000000000000000000000000000000000000010
1011111001011000010111101100101000000000000000000000000000000000000010
1011011111111111111011000010000010100000000000000000000000000000000010
1010000111111001001000111100010000100000000000000000000000000000000010
1011010100101011100010000100000000100000000000000000000000000000000010
1011100000001100010011001100001111100000000000000000000000000000000010
1010111101101101000111100011110100100000000000000000000000000000000010
1010100101000101011001101000100100000000000000000000000000000000000010
1011000100011000111001011110010010000000000000000000000000000000000010
1010010010000110000010011010111110100000000000000000000000000000000010
1011101011110110011110111010000001000000000000000000000000000000000010
1010110011110011010101111011010111100000000000000000000000000000000010
1010101000000001110010001111011111000000000000000000000000000000000010
1011100100010110101111011100011110000000000000000000000000000000000010
1011101000111110111101110110101101000000000000000000000000000000000010
1011000001000000100111111110001111000000000000000000000000000000000010
1011110100110101000111010001000111100000000000000000000000000000000010
1010001000111011110100001010100111000000000000000000000000000000000010
1011000010100111011001000000101111100000000000000000000000000000000010
1010010010100011010111110111111001100000000000000000000000000000000010
1011000101101010100000100101110111100000000000000000000000000000000010
1010100100101101000010001011101100100000000000000000000000000000000010
1010111100110111000010100001100111000000000000000000000000000000000010
1010110011010110001111000110010101000000000000000000000000000000000010
1010011110100010010101000000000100000000000000000000000000000000000010
1011010000010100100010010100011111000000000000000000000000000000000010
1011001001110000110110111010100101100000000000000000000000000000000010
1011110000000011001111111011010111000000000000000000000000000000000010
1011000010111100100001001111001001000000000000000000000000000000000010
1011100110111111000001111000100101000000000000000000000000000000000010
1010011011000011011001001001101110000000000000000000000000000000000010
1011001101001000111111110010010111000000000000000000000000000000000010
1011101110101010010000001101001001100000000000000000000000000000000010
1010001101100110101110001100111100000000000000000000000000000000000010
1011110011001011101001101000110100100000000000000000000000000000000010
1011010111010100000110000011011011000000000000000000000000000000000010
1011001010101000100001110110001001100000000000000000000000000000000010
1011001110100100011000010011011100000000000000000000000000000000000010
1010111111111001111010110101000111000000000000000000000000000000000010
1010000000000100010001001100111110100000000000000000000000000000000010
1010111101011000101111000110111101100000000000000000000000000000000010
1010111100101100100110101111010011000000000000000000000000000000000010
1011001001110101001110011100101000000000000000000000000000000000000010
1011000000100011011001001110101001100000000000000000000000000000000010
1010101110101101101100000101010100000000000000000000000000000000000010
1011010110011100100100111001111101100000000000000000000000000000000010
1011110001010111100111001110100010000000000000000000000000000000000010
1011000011111000100011100110001010000000000000000000000000000000000010
1010100100111000110101011010110110000000000000000000000000000000000010
1010110000010101110001100101101000000000000000000000000000000000000010
1010101010101011110000001010110010000000000000000000000000000000000010
1010001010011110100110111001111100100000000000000000000000000000000010
1011000010110110100001111111110011100000000000000000000000000000000010
1010000110100111010110011010110100000000000000000000000000000000000010
1011000100111101100100100101110000100000000000000000000000000000000010
1010010001100110101001111011111010000000000000000000000000000000000010
1010000101011001011000010010001100000000000000000000000000000000000010
1010101111110000010100100101111011100000000000000000000000000000000010
1011001101000010011111111111010100000000000000000000000000000000000010
1011100001100111111000010110000011000000000000000000000000000000000010
1011111011100111101110000010000010000000000000000000000000000000000010
1010101001001010101100010111000001100000000000000000000000000000000010
1011100101100011110101101000010101000000000000000000000000000000000010
1011111010010001100000100010000011100000000000000000000000000000000010
1010110010011010100011111010100000100000000000000000000000000000000010
1011100110100001011010001011100000000000000000000000000000000000000010
1011100110110010011000001011011110000000000000000000000000000000000010
1011001011101100101100011111101001000000000000000000000000000000000010
1010010111111100001100010010111010000000000000000000000000000000000010
1011010111010100111111111011010111000000000000000000000000000000000010
1011011110100100000011010101101100000000000000000000000000000000000010
1011000011000101110101100000011011000000000000000000000000000000000010
1011100100000101000010000000010010000000000000000000000000000000000010
1010111111000000100100010101000010100000000000000000000000000000000010
1011101011000010111000111010100100000000000000000000000000000000000010
1011101000100111110111111111111100000000000000000000000000000000000010
1010110011110111011110001011101010000000000000000000000000000000000010
1011011010110000100100010110101101100000000000000000000000000000000010
1010101001101110011101010101001100000000000000000000000000000000000010
1011010110000011111101111001011010100000000000000000000000000000000010
1011101100110000100110011111011000100000000000000000000000000000000010
1010100111001100001001101100101011100000000000000000000000000000000010
1010101010110011111000100100010111000000000000000000000000000000000010
1011010100011010011001000010101110100000000000000000000000000000000010
1010110000110111101001001000101001000000000000000000000000000000000010
1010011000111110100000111101101111000000000000000000000000000000000010
1010011101001100110100000100010000100000000000000000000000000000000010
1010001101000110000111001101101101000000000000000000000000000000000010
1010011110001010111101110100110000000000000000000000000000000000000010
1010000010001110000100110101011010000000000000000000000000000000000010
1011111100000011110000011000101011100000000000000000000000000000000010
1010011110010100000111111111010100100000000000000000000000000000000010
1010010111011110110101011011010000000000000000000000000000000000000010
1010011010000011110001010110010001100000000000000000000000000000000010
1010111110001111111110011000000101100000000000000000000000000000000010
1010010100110101000000001101111100100000000000000000000000000000000010
1010000010000111101010001101110011100000000000000000000000000000000010
1010100111001100000001001100111011100000000000000000000000000000000010
1010101111011111011101110001011101100000000000000000000000000000000010
1010100000011001000101101001110101100000000000000000000000000000000010
1011111111001011100011000011010101000000000000000000000000000000000010
1011000010100000011111111000010100100000000000000000000000000000000010
1010001011011100110111101111000010000000000000000000000000000000000010
1010000100000010000100001001011110100000000000000000000000000000000010
1010010110111001110010010011100010100000000000000000000000000000000010
1010010000011101000110111001011001100000000000000000000000000000000010
1011001100001000001100010011110011000000000000000000000000000000000010
1010011000011000010101110101111100100000000000000000000000000000000010
1010000111001101100011110000101010100000000000000000000000000000000010
1010100111011001000101101010011111000000000000000000000000000000000010
1011111101010001110100010001001101100000000000000000000000000000000010
1010100100011111011110010011001011000000000000000000000000000000000010
1010100100100110000110100101010000000000000000000000000000000000000010
1011011010011000100010101110101001100000000000000000000000000000000010
1010111110001101101110010011111100000000000000000000000000000000000010
1010001001100001101001110101010010100000000000000000000000000000000010
1011101011001011010111000100110001100000000000000000000000000000000010
1011010110110110000000010000011010000000000000000000000000000000000010
1010000001001101001110000010010000100000000000000000000000000000000010
1010000010001111100001101101001010000000000000000000000000000000000010
1011000111000111001100010110000111000000000000000000000000000000000010
1010001100011100000011111010111010000000000000000000000000000000000010
1011111000010001111010010011110001000000000000000000000000000000000010
1010011101011110000100101001110101100000000000000000000000000000000010
1010100010111111011101010001000100000000000000000000000000000000000010
1011100100001001010101010111011100000000000000000000000000000000000010
1010101100111110001001001111001101000000000000000000000000000000000010
1011000011000111010011111111001110000000000000000000000000000000000010
1011001001010010010011100010001101100000000000000000000000000000000010
1010000001100000010001110100011000100000000000000000000000000000000010
1010011111101001101110010111010100000000000000000000000000000000000010
1010100011010010010101101001110111100000000000000000000000000000000010
1010011111010100110100000101011001100000000000000000000000000000000010
1011011101101101100101001011011000100000000000000000000000000000000010
1010101110011011011001000000110000000000000000000000000000000000000010
1010101011000010101111101101101000100000000000000000000000000000000010
1010111101110011101101101100000110100000000000000000000000000000000010
1011011100100110110011011011111100000000000000000000000000000000000010
1010101011110000101010101001110001100000000000000000000000000000000010
1010111001000110101010111011011011000000000000000000000000000000000010
1010110111010101000011110100000110000000000000000000000000000000000010
1011011001101110111001100110001000100000000000000000000000000000000010
1010010101111001101000000110001010000000000000000000000000000000000010
1010110001011001101110111110001101100000000000000000000000000000000010
1011101011111011101101000001111110100000000000000000000000000000000010
1010100001100010001100101110001011100000000000000000000000000000000010
1011001100001101100010001010000100000000000000000000000000000000000010
1010100100101000010010011011011011100000000000000000000000000000000010
1010110111000001101000101101000000000000000000000000000000000000000010
1011011111010001010101111010110100000000000000000000000000000000000010
1010111101011101011100101001010000100000000000000000000000000000000010
1010100111110111110100110011010101100000000000000000000000000000000010
1010001101111101000001101101000101100000000000000000000000000000000010
1010001011010100101001000011101010000000000000000000000000000000000010
1011110111000101110010000111101101100000000000000000000000000000000010
1010000010100110011010111000110000000000000000000000000000000000000010
1010000101010111100010100100101000000000000000000000000000000000000010
1010011011001000110110010101100110000000000000000000000000000000000010
1011111011110000011010111001011000000000000000000000000000000000000010
1011001011000101110110001011001110100000000000000000000000000000000010
1011000000000111111000110010010111100000000000000000000000000000000010
1010111110111001010011101011000101000000000000000000000000000000000010
1011000111011011011000000011110000000000000000000000000000000000000010
1010011111011000000011000110010111000000000000000000000000000000000010
1010110010110100111000000001000000000000000000000000000000000000000010
1010011011000010000100110111001100000000000000000000000000000000000010
1010100111011110011001000011000110000000000000000000000000000000000010
1010101111101100010001101100110000000000000000000000000000000000000010
1010101010101011110001000000000010000000000000000000000000000000000010
1011100100111101110001101101100100100000000000000000000000000000000010
1010110111100001000000100100101100100000000000000000000000000000000010
1011100101110010010010100110101000000000000000000000000000000000000010
1011011101010111010110011110110100100000000000000000000000000000000010
1010110011010101010010110001111000100000000000000000000000000000000010
1011110011001110010010010101110000000000000000000000000000000000000010
1011000000111011110110010010010111100000000000000000000000000000000010
1010010110110111011000000001111001000000000000000000000000000000000010
1010100100000010001111011100010110100000000000000000000000000000000010
1010010111100010011000101010000001000000000000000000000000000000000010
1010011100011101011101110110100000100000000000000000000000000000000010
1011001001101010110100001001011100100000000000000000000000000000000010
1011010010001101010001101000011011000000000000000000000000000000000010
1010000001001100010110010000010010100000000000000000000000000000000010
1010110111100101001010110110011001100000000000000000000000000000000010
1010011011001111010000111111000000100000000000000000000000000000000010
1010010001010100101010101101100011100000000000000000000000000000000010
1011100001000011110001001001010010000000000000000000000000000000000010
1011000011001110100100001000010110000000000000000000000000000000000010
1011010101100010011011110101110110000000000000000000000000000000000010
1011110000011101010001010010101100000000000000000000000000000000000010
1010100111011000100001101001010000100000000000000000000000000000000010
1010011010111000101111110110100111000000000000000000000000000000000010
1011010011011010110100000001010010000000000000000000000000000000000010
1011010111011001011001011100001101100000000000000000000000000000000010
1010000111111101000111000000011111000000000000000000000000000000000010
1011001010001000111101111101101011000000000000000000000000000000000010
1011111001011010111000101000011010100000000000000000000000000000000010
1011111011011001010001100000101110100000000000000000000000000000000010
1011101111011101111010010001111011000000000000000000000000000000000010
1011101001001011110010011111101110000000000000000000000000000000000010
1011001010001111010100011110001101100000000000000000000000000000000010
1010011100000001011010101011001101000000000000000000000000000000000010
1011110011001010000010001100001100100000000000000000000000000000000010
1011010100101110000100101110011100000000000000000000000000000000000010
1010110010000010010101100001000100100000000000000000000000000000000010
1010001000010110110110111111001100100000000000000000000000000000000010
1011001101101110011101101101000000000000000000000000000000000000000010
1011001110001000011110110101010011000000000000000000000000000000000010
1011100010011110110000110001011001100000000000000000000000000000000010
1010001000100111110101111000110101100000000000000000000000000000000010
1011110111011100110011001001001101000000000000000000000000000000000010
1010101101001010011110011101100010000000000000000000000000000000000010
1011011011001000100101101001001000100000000000000000000000000000000010
1010000010010000101110011111100000100000000000000000000000000000000010
1011001001100110110100010001100001000000000000000000000000000000000010
1011101001110000110111011001101111100000000000000000000000000000000010
1011010111011110110001110011001010000000000000000000000000000000000010
1010011000010111100110001110001110100000000000000000000000000000000010
1011100100110110000000110101000001000000000000000000000000000000000010
1011111011111010111101111100100101000000000000000000000000000000000010
1011110101001101010000011010001000000000000000000000000000000000000010
1010001010110111011010100111001110000000000000000000000000000000000010
1011000001101101001001011011000110100000000000000000000000000000000010
1011011100101010000011110101001000100000000000000000000000000000000010
1011101111010010000010000000100101100000000000000000000000000000000010
1011100110010111110111010011010111100000000000000000000000000000000010
1010100111111101111011110100100000000000000000000000000000000000000010
1010001011101000110111111001010010100000000000000000000000000000000010
1010001011011011010011010000011111000000000000000000000000000000000010
1011011011000100111111101000100001000000000000000000000000000000000010
1010000101110000110110000001001010100000000000000000000000000000000010
1010011010100011010001011001011111000000000000000000000000000000000010
1010011010011000110110100000000011000000000000000000000000000000000010
1010000010000000011000110001011111100000000000000000000000000000000010
1010101101110111110011100001010000100000000000000000000000000000000010
1011100001011010110110100100110100000000000000000000000000000000000010
1010110000011010100000001100000100000000000000000000000000000000000010
1010111000000001100000111011100111000000000000000000000000000000000010
1010111110101100000011000101011111100000000000000000000000000000000010
1011011000001000011001110000001000000000000000000000000000000000000010
1010101111000000000000010010101010000000000000000000000000000000000010
1010000011101110010111011000101111100000000000000000000000000000000010
1010000011110100101010011010011000000000000000000000000000000000000010
1010001001000010001110101111010010100000000000000000000000000000000010
1011111110110011011000001001001101000000000000000000000000000000000010
1010101001001100000111001001010111100000000000000000000000000000000010
1011011100110001110101100111011010000000000000000000000000000000000010
1011010100100011010110001001000010000000000000000000000000000000000010
1011110101010111010110110111011000000000000000000000000000000000000010
1010000000011110000100110010100100100000000000000000000000000000000010
1010111000111010001100100011011000000000000000000000000000000000000010
1011101010000011001111101100001101000000000000000000000000000000000010
1011111110001001111101110010010101100000000000000000000000000000000010
1010000000010101000111100111111100000000000000000000000000000000000010
1010110010000110111011010101000010100000000000000000000000000000000010
1010001010010111000000110111101100100000000000000000000000000000000010
1010111011000101011010000110001001000000000000000000000000000000000010
1010010001110011000110010101110001000000000000000000000000000000000010
1010110101110110001001101011000001100000000000000000000000000000000010
1010101011101110011111101010111111100000000000000000000000000000000010
1010110111110111011001001001011111000000000000000000000000000000000010
1010101010011010010111000001111111000000000000000000000000000000000010
1010001100110100111100111110110110100000000000000000000000000000000010
1011000010000110110110111110110010000000000000000000000000000000000010
1011111101010111010011010001000100000000000000000000000000000000000010
1010110001010101110111110011101011000000000000000000000000000000000010
1011001101111011111001000010010101100000000000000000000000000000000010
1010000110000000001101110110001001000000000000000000000000000000000010
1010101110111010110101000101100000100000000000000000000000000000000010
1010110000101001100011110110001101000000000000000000000000000000000010
1011011011110000111001110110100100000000000000000000000000000000000010
1011010100100101100010100101010000100000000000000000000000000000000010
1010110011010101101011111010010101100000000000000000000000000000000010
1010000001111011011110010110011100000000000000000000000000000000000010
1010101111100001101100010001010100100000000000000000000000000000000010
1010011101110001110111000001101011000000000000000000000000000000000010
1010100001100111011000101000000000100000000000000000000000000000000010
1010000110101001101101111111111110000000000000000000000000000000000010
1011000011111001111011011000000010000000000000000000000000000000000010
1010111001000101111101101100010100100000000000000000000000000000000010
1010100100010000001001100000000000000000000000000000000000000000000010
1011000000010001000010100111000011000000000000000000000000000000000010
1010111100101111010101100100010010000000000000000000000000000000000010
1011101001000101011101100110000001000000000000000000000000000000000010
1011100110110001110011001101110101000000000000000000000000000000000010
1010101101100100000110000010011110000000000000000000000000000000000010
1010001001111110010101010000110100000000000000000000000000000000000010
1010111001111101000010101001101111100000000000000000000000000000000010
1011001010001111110010000110010101000000000000000000000000000000000010
1010001111111100111001000001100001000000000000000000000000000000000010
1011111101010101110110101101111100100000000000000000000000000000000010
1011011010110101010001010111001010100000000000000000000000000000000010
1011110110001000110010111001010000100000000000000000000000000000000010
1011110001100110000100001111110100000000000000000000000000000000000010
1011010111110101110101001101001011100000000000000000000000000000000010
1010011110111110100001111010111110100000000000000000000000000000000010
1011101011010010001000010111100000000000000000000000000000000000000010
1010010110110111000110100111101011000000000000000000000000000000000010
1010110100000010100110110010011101100000000000000000000000000000000010
1010101001001101100110111011100100100000000000000000000000000000000010
1011010000000111111101000010111100100000000000000000000000000000000010
1010100100001101101110011110111111000000000000000000000000000000000010
1010111100011111010000001100101101000000000000000000000000000000000010
1011010010100100000111111101101011100000000000000000000000000000000010
1011111001100100100010100010110101000000000000000000000000000000000010
1010001011110010100000011110110111100000000000000000000000000000000010
1010011101111101101011100110010110100000000000000000000000000000000010
1011000010100101111101111010100111000000000000000000000000000000000010
1010010010000110100001011001000000100000000000000000000000000000000010
1011101000111111001100011100110111000000000000000000000000000000000010
1010110010110110110011111011000010000000000000000000000000000000000010
1010100101100011111010100110111000100000000000000000000000000000000010
1011101011101101000001111101000111100000000000000000000000000000000010
1010000000110110010101110101001001000000000000000000000000000000000010
1011010010000101010110101000000100100000000000000000000000000000000010
1011011001011001101001110011110001000000000000000000000000000000000010
1011110000111000111001001011100011100000000000000000000000000000000010
1010110000011000011011010111011010100000000000000000000000000000000010
1011101101000100100000001000101100000000000000000000000000000000000010
1011101010111010111000110110111111000000000000000000000000000000000010
1010000011110011001110001000000110000000000000000000000000000000000010
1010100010001011100111100101010101000000000000000000000000000000000010
1011110111010101000011001000001100000000000000000000000000000000000010
1011101010001100100010010010111011100000000000000000000000000000000010
1011010101010110111001011010001100000000000000000000000000000000000010
1010111010100101100011010000111100000000000000000000000000000000000010
1011100101011100110011000010001010100000000000000000000000000000000010
1011100001110001110100111110100110000000000000000000000000000000000010
1010011101111000111011101111010010100000000000000000000000000000000010
1011010110000110110100010001010010000000000000000000000000000000000010
1010011000001101010001000110000010000000000000000000000000000000000010
1011110100111100001010100010111000000000000000000000000000000000000010
1010100110000111001101000100101010100000000000000000000000000000000010
1010100100011000011000000010011011100000000000000000000000000000000010
1011011101011011001010110011111000100000000000000000000000000000000010
1011101101101000010101110011000110000000000000000000000000000000000010
1010001001000000101000001000000110000000000000000000000000000000000010
1011110110001010010100111100100111100000000000000000000000000000000010
1011101011111000000101011101111000000000000000000000000000000000000010
1011001101000010110010001001111001000000000000000000000000000000000010
1011101101000011111001011010010011100000000000000000000000000000000010
1010000111001101110001101000011101100000000000000000000000000000000010
1011001101110111101111110100100100100000000000000000000000000000000010
1010100111100010100001110000101001000000000000000000000000000000000010
1010001011010111101111000110101101000000000000000000000000000000000010
1011001110010000101011011100010110100000000000000000000000000000000010
1011001001001011111100100000000010000000000000000000000000000000000010
1011111111111100101001001011011000000000000000000000000000000000000010
1011111110100111010100001000000000000000000000000000000000000000000010
1010101010101011000011111001001001000000000000000000000000000000000010
1010100100110101001010100010001011000000000000000000000000000000000010
1011101010100001111100000110000110000000000000000000000000000000000010
1010101011010110010110001000100001100000000000000000000000000000000010
1010011001001010111110111111000001000000000000000000000000000000000010
1011111001101111110101101010111100000000000000000000000000000000000010
1010101100111011010110111011001000100000000000000000000000000000000010
1010101011101000000000001001001001100000000000000000000000000000000010
1010000001010111111000010011101001100000000000000000000000000000000010
1010011000100111001111010000011110000000000000000000000000000000000010
1011010010001110001011110000110001100000000000000000000000000000000010
1010100010010101111110110101011111000000000000000000000000000000000010
1010001010000000001001011111011010000000000000000000000000000000000010
1011001011110111100110000001011011100000000000000000000000000000000010
1010001010111110000111110011010011100000000000000000000000000000000010
1011011111100011101111100110000001000000000000000000000000000000000010
1011010010010000000111101111100111000000000000000000000000000000000010
1010111110110100100011101100100100100000000000000000000000000000000010
1010011100010111110001001111100110000000000000000000000000000000000010
1011110111110110111110000011100111000000000000000000000000000000000010
1011011000011111100101000111100110100000000000000000000000000000000010
1011000001111011011110111110010100100000000000000000000000000000000010
1010100110001001110100111111100001000000000000000000000000000000000010
1011010111101000100011100001010000100000000000000000000000000000000010
1010100110010011001001011101000001100000000000000000000000000000000010
1011111010100101111110000110000001000000000000000000000000000000000010
1010010001101110110001100001000001100000000000000000000000000000000010
1011000001110110111011001101000010000000000000000000000000000000000010
1011010010011010001000100010000110000000000000000000000000000000000010
1010001000110111011100101010001011000000000000000000000000000000000010
1010000000101001000101010111000011100000000000000000000000000000000010
1011110011111011111111110011000010000000000000000000000000000000000010
1011010111000111000011101001111111000000000000000000000000000000000010
1010111100011101001010100110000110000000000000000000000000000000000010
1010110111001011100011110111100001100000000000000000000000000000000010
1011100101001110101111100100001111000000000000000000000000000000000010
1011011010100111101100100101100111100000000000000000000000000000000010
1010011010111101010000110000000101100000000000000000000000000000000010
1010010110101101000000001110000101000000000000000000000000000000000010
1010001111000000001100100101000110000000000000000000000000000000000010
1010010011010000010011011111101101100000000000000000000000000000000010
1011011001000011111111110001010000100000000000000000000000000000000010
1011010101000111111011001011111011000000000000000000000000000000000010
1010101101010011110100001001011000000000000000000000000000000000000010
1011000101110111010000001000010100000000000000000000000000000000000010
1011010111011111111001000000011011000000000000000000000000000000000010
1011011110001001000111000000000011000000000000000000000000000000000010
1010111100100001110001001010100010000000000000000000000000000000000010
1010001110000101100011111110100100000000000000000000000000000000000010
1010101011110010101010101111010100000000000000000000000000000000000010
1011000010100011000011010111111111100000000000000000000000000000000010
1011101101101010100010110110101010000000000000000000000000000000000010
1010101000101000010010100100001110000000000000000000000000000000000010
1011110111111101010011111000001000000000000000000000000000000000000010
1010100000101101111101011010000111000000000000000000000000000000000010
1010111011010101101100100101001111000000000000000000000000000000000010
1010101011000000101110101011011000100000000000000000000000000000000010
1010101101111110011110010110101001100000000000000000000000000000000010
1010000000110010000010011000110100100000000000000000000000000000000010
1010010010010000101110011000100001100000000000000000000000000000000010
1011001100000110011011100110101101000000000000000000000000000000000010
1010001001100111000000111000000101000000000000000000000000000000000010
1011001010100101101100100101111111100000000000000000000000000000000010
1011111100100010011001011100010000000000000000000000000000000000000010
1011111100010011100010100110011000100000000000000000000000000000000010
1011100101110111011001110101111100000000000000000000000000000000000010
1010001110101010011111100110110001100000000000000000000000000000000010
1011111110100111010001010010011010100000000000000000000000000000000010
1010001011101100100111011111101011100000000000000000000000000000000010
1010101010100110111010101110000011000000000000000000000000000000000010
1011111100001101011100111110111111100000000000000000000000000000000010
1011101001111100101010110010110101100000000000000000000000000000000010
1010001001100100110011101001011011100000000000000000000000000000000010
1010111101010110100010101111111110000000000000000000000000000000000010
1010010101111000100111110100000000100000000000000000000000000000000010
1011011101001100001111111000101000000000000000000000000000000000000010
1010001001000100011000011110101100100000000000000000000000000000000010
1011111001101101001100111111101100100000000000000000000000000000000010
1010100001001010100011000111101011100000000000000000000000000000000010
1011011101111010110111100001100100000000000000000000000000000000000010
1010101110010010000000110011111101000000000000000000000000000000000010
1010100101111011000001100001110100000000000000000000000000000000000010
1010000111111100011111100001010111100000000000000000000000000000000010
1011100001101001001000111010101000000000000000000000000000000000000010
1010110111101100000110110111111011100000000000000000000000000000000010
1011000101100000011000100100001101000000000000000000000000000000000010
1011010101010011100011110111101010000000000000000000000000000000000010
1011001110110100010110110000001010000000000000000000000000000000000010
1010100001010110010110101101101011000000000000000000000000000000000010
1010110111101011111100110100111111000000000000000000000000000000000010
1011001000010000110011001010011001100000000000000000000000000000000010
1011010111101110011101101000000000000000000000000000000000000000000010
1011011110000100100001000011111011100000000000000000000000000000000010
1011100011100101011110110100100000000000000000000000000000000000000010
1010110110110010110110100111110011000000000000000000000000000000000010
1010101110111101010011001011100001000000000000000000000000000000000010
1011010010001001001110010110010110100000000000000000000000000000000010
1010100110111001001000001110111001000000000000000000000000000000000010
1010101000010100110011010111101101100000000000000000000000000000000010
1010111101111111101101001100001101100000000000000000000000000000000010
1010111010100111100101111101111101100000000000000000000000000000000010
1011110001011000111101010101111110100000000000000000000000000000000010
1011011001110111110100110101110011000000000000000000000000000000000010
1010000110010010110000111111100010100000000000000000000000000000000010
1010010011100111011100011111111111100000000000000000000000000000000010
1010110101101111101100010110011010100000000000000000000000000000000010
1011101100001000011001001110011101000000000000000000000000000000000010
1010111111111011010000001011001110000000000000000000000000000000000010
1011101110101110110110110010011010000000000000000000000000000000000010
1011110001101101110101110101111101000000000000000000000000000000000010
1010000111010101011100100101111000000000000000000000000000000000000010
1011100111101010011111100011011010100000000000000000000000000000000010
1010000100101000101011011000001011000000000000000000000000000000000010
1011100001111011001011001100100100100000000000000000000000000000000010
1011110010010011110100000101101100100000000000000000000000000000000010
1011000011011000010100001010001101100000000000000000000000000000000010
1011101101111001010011111100001011000000000000000000000000000000000010
1010010001011011010001000111000111100000000000000000000000000000000010
1010111111000010110101100111100010100000000000000000000000000000000010
1011100011000001111010110000001000100000000000000000000000000000000010
1010000011010000100111010001111001000000000000000000000000000000000010
1011100000110011011011010111101101000000000000000000000000000000000010
1011101011000001011101000011110100000000000000000000000000000000000010
1011001101100001001000110000100000000000000000000000000000000000000010
1011100111000110010110111111001111100000000000000000000000000000000010
1011111001110011000100111010100001000000000000000000000000000000000010
1010011101110000011101100000011110000000000000000000000000000000000010
1010101010011101001101101010110101100000000000000000000000000000000010
1010100010001010000111111101100100000000000000000000000000000000000010
1010011101100110000001101100010000000000000000000000000000000000000010
1011000110111000001001010111111011100000000000000000000000000000000010
1010011111000110110001010101101001100000000000000000000000000000000010
1011110010000100001001010111001101100000000000000000000000000000000010
1011110111110111100110101101011000100000000000000000000000000000000010
1010111100000110110111001110100011100000000000000000000000000000000010
1011100001010100100010000000011000100000000000000000000000000000000010
1010011011011100101111000000110100100000000000000000000000000000000010
1011011000011011110111011001110010100000000000000000000000000000000010
1010100110110110001111100010010001100000000000000000000000000000000010
1010110011011111100011001011000000100000000000000000000000000000000010
1011000001001111011111100111100111100000000000000000000000000000000010
1011111101110100011110110010010010100000000000000000000000000000000010
1011001011010000011100011011101100100000000000000000000000000000000010
1011111110111100101010101000100101100000000000000000000000000000000010
1011010000100100110100101000000001100000000000000000000000000000000010
1010101101110111111011111001110000000000000000000000000000000000000010
1010111111010001010100111110101000100000000000000000000000000000000010
1011011011111111001101011100001001100000000000000000000000000000000010
1010100001100000000000101100000101100000000000000000000000000000000010
1010110100011010000010111100011000100000000000000000000000000000000010
1011100010000110000001001100100011000000000000000000000000000000000010
1010001000110011011011001010001011100000000000000000000000000000000010
1010111100111000000010100110000011000000000000000000000000000000000010
1011000100100011100001110100101111100000000000000000000000000000000010
1010011111110100110000001000100011000000000000000000000000000000000010
1011110110011101010001010011101011000000000000000000000000000000000010
1010011110101000110101111111110001000000000000000000000000000000000010
1011111111000100010110111010110011000000000000000000000000000000000010
1010100110000111011001001101111000100000000000000000000000000000000010
1011110011000100101000011000101100100000000000000000000000000000000010
1011011100100101011000110101010111000000000000000000000000000000000010
1010100010000110011011010001000001000000000000000000000000000000000010
1011000111110101000110100011101000100000000000000000000000000000000010
1011101010111111101110110111110100000000000000000000000000000000000010
1011000100010000010111010101000000100000000000000000000000000000000010
1010010110010111111110010000011010000000000000000000000000000000000010
1010100100100001000000010111101000000000000000000000000000000000000010
1010111111101111111101101001010011100000000000000000000000000000000010
1011010100001100110001101100011011000000000000000000000000000000000010
1010101100111001010001011100100000000000000000000000000000000000000010
1010100111111010010001001110100010100000000000000000000000000000000010
1011001001101000101110001011010011000000000000000000000000000000000010
1010010010000001100101010011011111100000000000000000000000000000000010
1011010101000100001100101000011101100000000000000000000000000000000010
1011010110011010000010011011011001000000000000000000000000000000000010
1010111010111001101010010100101111000000000000000000000000000000000010
1010111110101000101111011101110011100000000000000000000000000000000010
1011000011110010000000110000100011100000000000000000000000000000000010
1010010001111010100110010111100010100000000000000000000000000000000010
1011000011011110011000001001110010100000000000000000000000000000000010
1011000101010001010011010110100100100000000000000000000000000000000010
1011111010001101101111001001010000100000000000000000000000000000000010
1010110000111001111000111110101111100000000000000000000000000000000010
1010111001011011011000001001001111000000000000000000000000000000000010
1011101100010101110101110001001010000000000000000000000000000000000010
1011110110101101110001110000001110000000000000000000000000000000000010
1011010010110100011011111101101111000000000000000000000000000000000010
1011110011111101001000110101001100100000000000000000000000000000000010
1011000010111100000101100000010000000000000000000000000000000000000010
1011111101100101101010111101010100000000000000000000000000000000000010
1010100010100010001111001011101100100000000000000000000000000000000010
1011100001111001000101011111110100000000000000000000000000000000000010
1011111100001110000100011101101100000000000000000000000000000000000010
1011001000111111111100010000010110000000000000000000000000000000000010
1010000100110110010111000011101111000000000000000000000000000000000010
1011001110011010011000100011101100100000000000000000000000000000000010
1011100001000001011111010000111011100000000000000000000000000000000010
1011110110101101110010010111010101100000000000000000000000000000000010
1011010010110000101011101101111110100000000000000000000000000000000010
1011011010100000101011100100111011000000000000000000000000000000000010
1011011101100100100111010001001001100000000000000000000000000000000010
1010111011001000000010101100000100000000000000000000000000000000000010
1011010101100101010011011111111001000000000000000000000000000000000010
1010000101110010111110010110011100000000000000000000000000000000000010
1011011010001111000101000100100101000000000000000000000000000000000010
1010111101011111010110001110010110000000000000000000000000000000000010
1011001000001110000101011111001011000000000000000000000000000000000010
1011110011101111011111001101101011100000000000000000000000000000000010
1010110000100011000100111100001111100000000000000000000000000000000010
1011101011001101101000111100011001000000000000000000000000000000000010
1010001011010110000011111101011000100000000000000000000000000000000010
1011010101000001010110110110000010100000000000000000000000000000000010
1010010100011011110000010101011001100000000000000000000000000000000010
1011111010100101101010111010011001000000000000000000000000000000000010
1010000101000111000011001101101001100000000000000000000000000000000010
1011111011010001100000110100111000100000000000000000000000000000000010
1010110001011001101111010010011100100000000000000000000000000000000010
1010111111001111110110011000110100100000000000000000000000000000000010
1011010111110011000011001010110101000000000000000000000000000000000010
1010110010011110001101010000001001000000000000000000000000000000000010
1010001001000010000111101000110100000000000000000000000000000000000010
1011110111000110011010110110010000100000000000000000000000000000000010
1011000011010100010111110011001000100000000000000000000000000000000010
1010010011011101010101011001011001000000000000000000000000000000000010
1010100101010111010010111100111011000000000000000000000000000000000010
1010000000100111101111011101011010000000000000000000000000000000000010
1010111101001100110010010111110000000000000000000000000000000000000010
1010101101011101101000100010010010000000000000000000000000000000000010
1011110111000011010000100111011011000000000000000000000000000000000010
1011010111010000110110110010000110100000000000000000000000000000000010
1010011110010000000101101110100010100000000000000000000000000000000010
1010111010110001110101001011101101100000000000000000000000000000000010
1011100001101010110100011111100001100000000000000000000000000000000010
1011011110111100111000000000100011100000000000000000000000000000000010
1010011001010000011011010000110011000000000000000000000000000000000010
1011010111011110011111100010011001000000000000000000000000000000000010
1011010010010000100001100011011010000000000000000000000000000000000010
1011111011111111011001100111010110100000000000000000000000000000000010
1010101010111000010010101101110111100000000000000000000000000000000010
1011111001100011010111100111011100100000000000000000000000000000000010
1011001000011011001011111010010101100000000000000000000000000000000010
1010101100110101111010110000100010000000000000000000000000000000000010
1010111000000110100000101111111100000000000000000000000000000000000010
1010100101000110111111111011010101100000000000000000000000000000000010
1011011001001010111000110011101011000000000000000000000000000000000010
1011100101010000111001001111100111100000000000000000000000000000000010
1010110110000100111100101100010101100000000000000000000000000000000010
1011001001110000000110101010010101000000000000000000000000000000000010
1010000111000000100000101101111111000000000000000000000000000000000010
1010010011000010110000000000011011100000000000000000000000000000000010
1010101001001101000100000011110101000000000000000000000000000000000010
1011010001100101111101001000101101000000000000000000000000000000000010
1010000001100000110100011111100010100000000000000000000000000000000010
1011110101110000011001100000100110000000000000000000000000000000000010
1010111011000110111010000001100011000000000000000000000000000000000010
1011001100000011110111000111110001000000000000000000000000000000000010
1010100001101110110011111010101011000000000000000000000000000000000010
1011110011100011010011100011001011000000000000000000000000000000000010
1011000110001011110000100111000001000000000000000000000000000000000010
1011011011011100110011101110010110100000000000000000000000000000000010
1011010010001001111011111100111011000000000000000000000000000000000010
1010000111111010001001000001110100000000000000000000000000000000000010
1011110110011100101011100010011101100000000000000000000000000000000010
1010111111011110100001111110111110100000000000000000000000000000000010
1011110100110010101111001001011100000000000000000000000000000000000010
1010100011100111100010000100100010100000000000000000000000000000000010
1010101000000110110010100011011001000000000000000000000000000000000010
1010100110111111111100100010001111000000000000000000000000000000000010
1011111010000100100100000001110101000000000000000000000000000000000010
1011010101110100101011001100000000100000000000000000000000000000000010
1010100010100000110111110001100001000000000000000000000000000000000010
1011111111110000101100100001101010100000000000000000000000000000000010
1011000011110000111101100011100100000000000000000000000000000000000010
1010100011010111100000000000000111000000000000000000000000000000000010
1010100000001101001000111101111011100000000000000000000000000000000010
1010101110100100111101101110000111100000000000000000000000000000000010
1011010010001110000100011110101101000000000000000000000000000000000010
1011110100000011000101011010101000000000000000000000000000000000000010
1010001011011111010101100011111101100000000000000000000000000000000010
1011111111010100101100011010111101100000000000000000000000000000000010
1011001001101001111001000011110001100000000000000000000000000000000010
1010110010101110111001000011100001100000000000000000000000000000000010
1010001111001100101011111010010011100000000000000000000000000000000010
1011101001100111001001111111011011000000000000000000000000000000000010
1010101011110110000110001001000111000000000000000000000000000000000010
1010101101101101011110011100000001000000000000000000000000000000000010
1011110000011000111001100000100000000000000000000000000000000000000010
1011001100000111111100111110001110100000000000000000000000000000000010
1010100011010001011001010111110110100000000000000000000000000000000010
1010011011001111000100110011001100100000000000000000000000000000000010
1010000000110100101100011011101100000000000000000000000000000000000010
1011110001100110111000000001110010100000000000000000000000000000000010
1011000001101000111100010111111000000000000000000000000000000000000010
1011001100100100100111010010000000100000000000000000000000000000000010
1010001011000100001110110101110101100000000000000000000000000000000010
1010100011101111011011010110011011100000000000000000000000000000000010
1011110011010101000001110001010110000000000000000000000000000000000010
1011010001010011010101111100010101000000000000000000000000000000000010
1011001001011011100110110110100100000000000000000000000000000000000010
1011000001111001101001000000000010000000000000000000000000000000000010
1010001011000101001110011011001000100000000000000000000000000000000010
1010100010110000011011001110000100000000000000000000000000000000000010
1010110011001101101011100111011010100000000000000000000000000000000010
1010110000100110101110011100101101000000000000000000000000000000000010
1010000101000111101001111111000100100000000000000000000000000000000010
1010001010001011011000001100101101000000000000000000000000000000000010
1010011000110101001000111101001011000000000000000000000000000000000010
1011101000101010110001001011011000100000000000000000000000000000000010
1011100101011110101111100001000111000000000000000000000000000000000010
1011101111100001111010001010100100000000000000000000000000000000000010
1010000010100101100101111000100110000000000000000000000000000000000010
1011010011001010100110010010011101100000000000000000000000000000000010
1011101001000100001011110010011011100000000000000000000000000000000010
1011101001000000110100110001010010100000000000000000000000000000000010
1010010110011011001011010111010011000000000000000000000000000000000010
1011010101111110110110111001011100100000000000000000000000000000000010
1010010010011100101101111011000001100000000000000000000000000000000010
1011001010011000111000111011000000100000000000000000000000000000000010
1011100000000001100011111100101010000000000000000000000000000000000010
1010110010000010001010010111001110100000000000000000000000000000000010
1011011011000111000010000000111110000000000000000000000000000000000010
1010111011101000110000011000001111000000000000000000000000000000000010
1011010001010010000111001100111101100000000000000000000000000000000010
1011001001010010111001010010111111100000000000000000000000000000000010
1011001000101110110000110011010101000000000000000000000000000000000010
1011101111100011001010011000010100000000000000000000000000000000000010
1010010000011001111101001000110101100000000000000000000000000000000010
1010101110010010010100111000011010000000000000000000000000000000000010
1011001010000000100110111100100011100000000000000000000000000000000010
1011111111110101111011000000001000000000000000000000000000000000000010
1010011100101101010111001001110010000000000000000000000000000000000010
1010111101110110010001100100000100100000000000000000000000000000000010
1011010101001001101011110011111001100000000000000000000000000000000010
1010001111010010110010011110101100000000000000000000000000000000000010
1010100001110101001000111111110010000000000000000000000000000000000010
1011100110001111001010010101001010000000000000000000000000000000000010
1011001000100111100100100010111010100000000000000000000000000000000010
1011111010111001011001100101001111000000000000000000000000000000000010
1011010011101110000010000100011001000000000000000000000000000000000010
1010100001110010111000000010001000100000000000000000000000000000000010
1011000010101001010101001110111100100000000000000000000000000000000010
1011000011001100001001000100001010100000000000000000000000000000000010
1011010000111001010101001010010011000000000000000000000000000000000010
1010110010010101010110100000010110000000000000000000000000000000000010
1010001101000011100101001111100011000000000000000000000000000000000010
1010101000100011110101110011000100000000000000000000000000000000000010
1010011000001110000101111110000110100000000000000000000000000000000010
1011011000010010011010110001000000000000000000000000000000000000000010
1010000010101000010110011110001011000000000000000000000000000000000010
1010000011001000111011111111001110000000000000000000000000000000000010
1010011111010011110111110100110010100000000000000000000000000000000010
1011011110111100000000000000110000000000000000000000000000000000000010
1010100000111011000011001001110001100000000000000000000000000000000010
1011111110011110100010101101101001000000000000000000000000000000000010
1011111111010110110011110011100001000000000000000000000000000000000010
1011100110100011101000001010001010100000000000000000000000000000000010
1011000100110000110100101110101011000000000000000000000000000000000010
1011101001011000101010101010011110100000000000000000000000000000000010
1010011010110111111110110101001100000000000000000000000000000000000010
1010111000101111001000001010110000100000000000000000000000000000000010
1011001001111011111101000101100110100000000000000000000000000000000010
1010000000101000011011001110000010000000000000000000000000000000000010
1010000000101001111110110101010111000000000000000000000000000000000010
1011101011001010101001001001010100100000000000000000000000000000000010
1010010110010100111110010110000100100000000000000000000000000000000010
1010111110111000111100001000000010000000000000000000000000000000000010
1010111011110001100010010010101011100000000000000000000000000000000010
1011011001011001011110010000110110100000000000000000000000000000000010
1011101010011111110101001111101111100000000000000000000000000000000010
1010000010001010011000001100100100000000000000000000000000000000000010
1010111011010100100100010101001011100000000000000000000000000000000010
1011111100010101110100100000010001000000000000000000000000000000000010
1010001101110010001000111101100010100000000000000000000000000000000010
1011001001110101001100001011110010000000000000000000000000000000000010
1011111110100100010010000101010110100000000000000000000000000000000010
1011111011010110011010001001001011000000000000000000000000000000000010
1010100001010011011001001101111000100000000000000000000000000000000010
1011011010101010001110010101000101100000000000000000000000000000000010
1010101011111111000100010100000110100000000000000000000000000000000010
1011111101110101100011011010100001100000000000000000000000000000000010
1011111110000010011100010100000110100000000000000000000000000000000010
1010001011000110110000011011111010000000000000000000000000000000000010
1011111101100011110101000011111001000000000000000000000000000000000010
1010101110011100110000000001010111000000000000000000000000000000000010
1010101101001110101001111110011000000000000000000000000000000000000010
1011001010110011111110011000100100000000000000000000000000000000000010
1010001110001000110000100100110010100000000000000000000000000000000010
1011100101011101011001100010111110100000000000000000000000000000000010
1011010000100100000011110110110001000000000000000000000000000000000010
1011000111000111111100100111100010000000000000000000000000000000000010
1011100111000001000011110010010011000000000000000000000000000000000010
1010101111111111011000001000000001100000000000000000000000000000000010
1010000111010001110000111011100100100000000000000000000000000000000010
1010001010001101111111100100010101000000000000000000000000000000000010
1010010101010000011111111101110111100000000000000000000000000000000010
1011101100011100110001101000101001000000000000000000000000000000000010
1011011010100101001101011011111101000000000000000000000000000000000010
1010001100100100001000000010100011100000000000000000000000000000000010
1010100001100011101011100000001000100000000000000000000000000000000010
1011011111010001110000001001110011000000000000000000000000000000000010
1010101110111000001101011110100001000000000000000000000000000000000010
1010010100110010011011001011110110100000000000000000000000000000000010
1011110010000000010001111010110000100000000000000000000000000000000010
1010100110010101001010110001110011000000000000000000000000000000000010
1010011110100111011101010111101001100000000000000000000000000000000010
1011101111010100011010001010111001000000000000000000000000000000000010
1010100001010010110011100010111111000000000000000000000000000000000010
1010100101110010101001100011111100000000000000000000000000000000000010
1011001000101101010001100111001000100000000000000000000000000000000010
1010100000011000001100010100100111000000000000000000000000000000000010
1010100110110001010001011011100001100000000000000000000000000000000010
1010100011101001010010000101011000100000000000000000000000000000000010
1010100000001110001011111011011111100000000000000000000000000000000010
1011111001010011010110000000110010100000000000000000000000000000000010
1011110101011000000111101101110111000000000000000000000000000000000010
1010110010010100111111001001010000100000000000000000000000000000000010
1010111010101001001101101101100101000000000000000000000000000000000010
1010101011000011001101100111111000100000000000000000000000000000000010
1010011101011101001001011001000011100000000000000000000000000000000010
1011000111001110110000100110000101100000000000000000000000000000000010
1010000100100111110111101010011000000000000000000000000000000000000010
1010111110011001111011100011101110000000000000000000000000000000000010
1010000010111001111010111000101101100000000000000000000000000000000010
1010111101011100111001000011101001000000000000000000000000000000000010
1010001001100001010101111111100111000000000000000000000000000000000010
1010000101110010101111010110011100000000000000000000000000000000000010
1010010101000100101110011011100101000000000000000000000000000000000010
1011101111100110010100101011000100100000000000000000000000000000000010
1011010000011101010110000111001011100000000000000000000000000000000010
1011111111100100010111010011011100000000000000000000000000000000000010
1011100110000111001111001100011101100000000000000000000000000000000010
1010000001000101110010001001000000000000000000000000000000000000000010
1010100001001101010100000011001011100000000000000000000000000000000010
1011110001110001101000100000011101000000000000000000000000000000000010
1010010001100101011110010101110010100000000000000000000000000000000010
1010010011111110011000001010010111000000000000000000000000000000000010
1011111110100110010111000000111100100000000000000000000000000000000010
1011100001001110011110000001011001100000000000000000000000000000000010
1011000100111111000010111011000010000000000000000000000000000000000010
1011101101110111101001000000101010000000000000000000000000000000000010
1011100101101001100100011111101111000000000000000000000000000000000010
1011000100101011011010011011011101000000000000000000000000000000000010
1010101011011110000100010011100001000000000000000000000000000000000010
1011111101010011011101001000101010000000000000000000000000000000000010
1010101111001110100010111010110011100000000000000000000000000000000010
1011100010111011111010100011111100100000000000000000000000000000000010
1011100000101001001100111000111011100000000000000000000000000000000010
1010001010010010100000110001011001100000000000000000000000000000000010
1010110110011001011111101101001000100000000000000000000000000000000010
1011101110111101001100011110100111100000000000000000000000000000000010
1010100000000001011010001100111100100000000000000000000000000000000010
1010111011011101101100001010111111100000000000000000000000000000000010
1011001001111101011110000011111110100000000000000000000000000000000010
1010110110011101010001001101011001100000000000000000000000000000000010
1010101100101110000010001001101001000000000000000000000000000000000010
1011100111100100110011111001000000000000000000000000000000000000000010
1010101000101101011101011111010010000000000000000000000000000000000010
1011100101011011010101010101110111000000000000000000000000000000000010
1011100111000000101101001010100111000000000000000000000000000000000010
1011011001110101100000101100101111100000000000000000000000000000000010
1010010111110011001001010011110110100000000000000000000000000000000010
1010010001110101000011001111000101000000000000000000000000000000000010
1011110000000010001111011010110110100000000000000000000000000000000010
1011011110101011001001011000010011100000000000000000000000000000000010
1011001011010101011001010011100001000000000000000000000000000000000010
1010011110010110110000001111110000000000000000000000000000000000000010
1010100000100010101001101111110001100000000000000000000000000000000010
1011110001011011010001111001100101000000000000000000000000000000000010
1010010001011001000100001110001111100000000000000000000000000000000010
1011011111001111111011010101110110100000000000000000000000000000000010
1011010101100011100101000001110101100000000000000000000000000000000010
1010100111011000011101001011010010100000000000000000000000000000000010
1010011001101000101101101100000000100000000000000000000000000000000010
1010001000011011110001100101011001000000000000000000000000000000000010
1011010001101001010100111111011000000000000000000000000000000000000010
1011101111101011101101101101000101000000000000000000000000000000000010
1011000101101001010011101011000110000000000000000000000000000000000010
1011110010011001110100101111101001000000000000000000000000000000000010
1011110011101100000111100111011111100000000000000000000000000000000010
1010101101100001111110111010010100100000000000000000000000000000000010
1011100000010001110100001011011101100000000000000000000000000000000010
1010011111111111011100010001111001100000000000000000000000000000000010
