1011000001110001111011100101111011100000000000000000000000000000000010
1010111101000101100010111110010110000000000000000000000000000000000010
1010101110110010111001110000101110000000000000000000000000000000000010
1011011110011010100101010110011101000000000000000000000000000000000010
1010111000100011001010010101111101000000000000000000000000000000000010
1010111011110101111000110011111100000000000000000000000000000000000010
1010101101000011110101110101011001000000000000000000000000000000000010
1011111000111000110001001010111010000000000000000000000000000000000010
1010011100001000111111000101101111100000000000000000000000000000000010
1010011000100110010010100001100110000000000000000000000000000000000010
1011101000101111101001110110111010000000000000000000000000000000000010
1011001011011000000011111111001111000000000000000000000000000000000010
1010110001100001110111111011000000100000000000000000000000000000000010
1011011001001111000000010000100110000000000000000000000000000000000010
1010111011100011000111111101110111100000000000000000000000000000000010
1010001101000110010101001011100100100000000000000000000000000000000010
1010010011011000111000000011010011000000000000000000000000000000000010
1010100101011110100011011110100111100000000000000000000000000000000010
1010100011110000010100000000011101000000000000000000000000000000000010
1011000010100101101111111100010101100000000000000000000000000000000010
1011011101100001100001111001111100100000000000000000000000000000000010
1011010110010101000101101001110100000000000000000000000000000000000010
1011010010001010000100111101000010000000000000000000000000000000000010
1010100001011110010011011011010011100000000000000000000000000000000010
1011001000000010000001000000110101000000000000000000000000000000000010
1010010100110100100111111100010001000000000000000000000000000000000010
1011000000100110101110111111000011100000000000000000000000000000000010
1011011000001011101010000101111101100000000000000000000000000000000010
1010010100101101101101011111001100100000000000000000000000000000000010
1010010100101110001001010111110011000000000000000000000000000000000010
1011111000010011011000000011100001000000000000000000000000000000000010
1011110111111111100110110010011111000000000000000000000000000000000010
1010100101110101011110000111101001100000000000000000000000000000000010
1011001000101111111100111010010010000000000000000000000000000000000010
1010101010001001001000111001110110100000000000000000000000000000000010
1010111010001100011010000011110111100000000000000000000000000000000010
1010110000011010011101011001101000000000000000000000000000000000000010
1010101110111000110111010110010001100000000000000000000000000000000010
1010100111100011010011010101111000000000000000000000000000000000000010
1011001011111110001010001110110001100000000000000000000000000000000010
1010100101001111101110110110111001100000000000000000000000000000000010
1010100001010010000111010111011011100000000000000000000000000000000010
1010110100111010011010011011101111100000000000000000000000000000000010
1011000111011100010010100111110111000000000000000000000000000000000010
1010100000001011011010110001000101000000000000000000000000000000000010
1010001100100010010000001010100001000000000000000000000000000000000010
1011100111110001000011111011011001000000000000000000000000000000000010
1010110100000111011010001111100101000000000000000000000000000000000010
1010100101001011011101101111001100100000000000000000000000000000000010
1011100010100110100101111110111011100000000000000000000000000000000010
1010000001110001110001001011011110000000000000000000000000000000000010
1011101111110011110010100011011101100000000000000000000000000000000010
1010101101110111000010000110111110100000000000000000000000000000000010
1010110011000001100100111100101101100000000000000000000000000000000010
1011001000000110011001110101001010000000000000000000000000000000000010
1010100100010111101011101111111001100000000000000000000000000000000010
1011010100011110010001011010101101100000000000000000000000000000000010
1011100110111100011010011000011011000000000000000000000000000000000010
1010100000100111000111100111101001100000000000000000000000000000000010
1011000001111110101000010011111110100000000000000000000000000000000010
1010000001110010010000101100101001100000000000000000000000000000000010
1011100000000010000100000010011110100000000000000000000000000000000010
1010110101111000001110101011101110000000000000000000000000000000000010
1011110001011101000011011110110110000000000000000000000000000000000010
1010111010111110110011001011011101100000000000000000000000000000000010
1010010000110010111010111010111010100000000000000000000000000000000010
1010100000001111011100110110100001100000000000000000000000000000000010
1011010011110111011010111011010001000000000000000000000000000000000010
1010000110000111010011010111111100000000000000000000000000000000000010
1011011100001100100111101101101101000000000000000000000000000000000010
1010100101100100001100100110001000100000000000000000000000000000000010
1011100111000011000011110101110100100000000000000000000000000000000010
1011110001001001010010101011110010100000000000000000000000000000000010
1010111010110111010001110001110110100000000000000000000000000000000010
1010100100001100110000011110100001100000000000000000000000000000000010
1010110101010001010000110101111010100000000000000000000000000000000010
1011001011110000000101011011000101100000000000000000000000000000000010
1011000000100001000110100101001000000000000000000000000000000000000010
1011001001101000010011011011001111000000000000000000000000000000000010
1010111110001101111010101010000111100000000000000000000000000000000010
1011000101001011101111000000100001000000000000000000000000000000000010
1010010110001100011100011001000000000000000000000000000000000000000010
1010000000010001101111011011100011000000000000000000000000000000000010
1010100101111011011110010111111010000000000000000000000000000000000010
1010101010111100010011101001100011000000000000000000000000000000000010
1010011101110011010100100100011000100000000000000000000000000000000010
1011001110101000010111011111110000100000000000000000000000000000000010
1011101101011101011100100111011111000000000000000000000000000000000010
1011000000100111001111101000111001000000000000000000000000000000000010
1010001100001011010101000011010010100000000000000000000000000000000010
1011010000010100010110001110110101000000000000000000000000000000000010
1011001001111101011111110000100011000000000000000000000000000000000010
1011001001111001000011110101100100100000000000000000000000000000000010
1011110100111110100100000101100100100000000000000000000000000000000010
1011100000000111001011001111101001000000000000000000000000000000000010
1010100010111101001110101111111101100000000000000000000000000000000010
1010010100100111001100000011011001100000000000000000000000000000000010
1011010011001110001110100000001011000000000000000000000000000000000010
1010111000010011000010011101000011100000000000000000000000000000000010
1010000101011101011101101111111010000000000000000000000000000000000010
1010111000001011101110101101001001100000000000000000000000000000000010
1010101001101111101111000010110000100000000000000000000000000000000010
1010001101001000101000000000110001000000000000000000000000000000000010
1010000111010000000000001111101011100000000000000000000000000000000010
1010101010111000110100111111011101000000000000000000000000000000000010
1010010000000100001100110100101110000000000000000000000000000000000010
1010001101011011000101000001100100000000000000000000000000000000000010
1010000011101000110001000000001110000000000000000000000000000000000010
1011110100100001011110100111001111100000000000000000000000000000000010
1010101000110000000011110110001100100000000000000000000000000000000010
1010110001101001100001000100011101100000000000000000000000000000000010
1010111001110100100101101101011001100000000000000000000000000000000010
1011110111110101010110111110110110000000000000000000000000000000000010
1010111111111111001000010011001010000000000000000000000000000000000010
1010001001110001000101010001000110000000000000000000000000000000000010
1010001001110010100001110010010010000000000000000000000000000000000010
1011000110000011000011101101101111000000000000000000000000000000000010
1011000100010010011100110100000011100000000000000000000000000000000010
1011111010101011100110100100011111000000000000000000000000000000000010
1011100011110101011001001001101010100000000000000000000000000000000010
1011110100111001011101100111110101100000000000000000000000000000000010
1011001010000001011010111100010110000000000000000000000000000000000010
1010001100010011011111110010100001000000000000000000000000000000000010
1011110011101011100011110011011110000000000000000000000000000000000010
1010011001011010100101011110011111100000000000000000000000000000000010
1011001000110101000110111100000011000000000000000000000000000000000010
1010010110101101110110000010000011100000000000000000000000000000000010
1010010111000001101001010011011110100000000000000000000000000000000010
1010011111110001000001010011111111000000000000000000000000000000000010
1011101010100111000110110000010101000000000000000000000000000000000010
1010000111011011010101100011001010100000000000000000000000000000000010
1011001100000011010011110110101010100000000000000000000000000000000010
1011000001111100101110110100110000100000000000000000000000000000000010
1010000100010111000000110100001110000000000000000000000000000000000010
1010010011100111000011100000010101000000000000000000000000000000000010
1011000010000010111110010011111111100000000000000000000000000000000010
1011110111011100000011001010111011100000000000000000000000000000000010
1010111001101111100011000010101010100000000000000000000000000000000010
1010101011101000010011101000010110100000000000000000000000000000000010
1011111001010111001000110100001011000000000000000000000000000000000010
1011101110011101000010000110110101100000000000000000000000000000000010
1010000111100001110100000011001000000000000000000000000000000000000010
1010101011000011001110101110100101000000000000000000000000000000000010
1010110100111110110100010100100110100000000000000000000000000000000010
1010111010100000111110101001010000100000000000000000000000000000000010
1010100001101100110001010111000101100000000000000000000000000000000010
1011001000100100011111101001100001100000000000000000000000000000000010
1011110100001110011011101110101011000000000000000000000000000000000010
1010101100000011001111111011110000000000000000000000000000000000000010
1011010001001011110011101111000000100000000000000000000000000000000010
1010101000011001111101110000001100100000000000000000000000000000000010
1010110000011010100100011000101010000000000000000000000000000000000010
1011111011101011001110101011111110100000000000000000000000000000000010
1010110001010000111011000111001011000000000000000000000000000000000010
1011000001011111101111101101100111100000000000000000000000000000000010
1010111100101110110101011101001011000000000000000000000000000000000010
1010100100011111100111101101000100100000000000000000000000000000000010
1010100111110100100001001100000011000000000000000000000000000000000010
1011010000010000000001110000011110100000000000000000000000000000000010
1010100110110001001010111111100100000000000000000000000000000000000010
1011101011010000001011111010001010100000000000000000000000000000000010
1010111001011110011010010111000011000000000000000000000000000000000010
1010000101100011000101111011110100100000000000000000000000000000000010
1011111100100110011110011100001011000000000000000000000000000000000010
1010111001000110011011100111000001100000000000000000000000000000000010
1011010101001010101010111001101101000000000000000000000000000000000010
1010100100010110001001010110110100000000000000000000000000000000000010
1010010001101111010001011000101100100000000000000000000000000000000010
1011001111010001100101110111110010000000000000000000000000000000000010
1011111010000011100011111111101100000000000000000000000000000000000010
1010000001100011000100011110100011000000000000000000000000000000000010
1010101001001100111111000010100000100000000000000000000000000000000010
1011011101011110001011001101010101100000000000000000000000000000000010
1010110000110110110000010101001001100000000000000000000000000000000010
1010011010110100101111010110100001100000000000000000000000000000000010
1011101001001010110000110000111100000000000000000000000000000000000010
1010000001001101110101001010000001000000000000000000000000000000000010
1011110011001001101110010100101011000000000000000000000000000000000010
1010011010110110110000001110100010100000000000000000000000000000000010
1011001101001110001100010101100010100000000000000000000000000000000010
1010010001111000000100000010010110000000000000000000000000000000000010
1011101010101011011100011101001011100000000000000000000000000000000010
1011011010111011001101000011001101100000000000000000000000000000000010
1010001100111101000000101110110100000000000000000000000000000000000010
1010000101101011000101111100011010100000000000000000000000000000000010
1010010101011000100010011101100101100000000000000000000000000000000010
1011110110000100110100001011101011000000000000000000000000000000000010
1010100001001000001101100011110001100000000000000000000000000000000010
1011101110101110000111111100101001100000000000000000000000000000000010
1011000011010000000010111101000011100000000000000000000000000000000010
1011000000111111010011100111011100000000000000000000000000000000000010
1011001100010001100000111100011010100000000000000000000000000000000010
1010101100110010011001011011000001100000000000000000000000000000000010
1010000011101000101100000100110011100000000000000000000000000000000010
1011010010001101010100100011000001000000000000000000000000000000000010
1010100101101100111010010010111110000000000000000000000000000000000010
1010101000111101000110010111101010100000000000000000000000000000000010
1010011101111001001010110000111001000000000000000000000000000000000010
1011010000011111100100101100111011100000000000000000000000000000000010
1011101010110000011010101011010110100000000000000000000000000000000010
1010000100011001111100111001010101000000000000000000000000000000000010
1011100000101001111010100101001110100000000000000000000000000000000010
1010010001110010100100001101000010100000000000000000000000000000000010
1011100000000010001010010111011010000000000000000000000000000000000010
1010100110001110001110011100111101100000000000000000000000000000000010
1010011001001001000010100011001101000000000000000000000000000000000010
1011100111101011110101101011111110000000000000000000000000000000000010
1010000001110101010000001111010110100000000000000000000000000000000010
1010111010111001000000000100100101000000000000000000000000000000000010
1011011011000001101110111101100011100000000000000000000000000000000010
1010101100010001000010101011000001000000000000000000000000000000000010
1011101000010110011010010011000101000000000000000000000000000000000010
1010001011011110010110011010110001000000000000000000000000000000000010
1010011110001001111011101110001011100000000000000000000000000000000010
1011001110000010100010101111101100100000000000000000000000000000000010
1010111010111000001001011110110111100000000000000000000000000000000010
1011111011111010000110001111111011100000000000000000000000000000000010
1011110001101100000010111010000011000000000000000000000000000000000010
1010000010110100010101011101010100100000000000000000000000000000000010
1011111001011100010010101000101111000000000000000000000000000000000010
1011111100110010001110011011010101000000000000000000000000000000000010
1011110000011100011110111111011101000000000000000000000000000000000010
1010101101001100110111011000111101100000000000000000000000000000000010
1010100111101101001000000110110101100000000000000000000000000000000010
1011010001011101011011100110111010100000000000000000000000000000000010
1011101011111001100001110000001011100000000000000000000000000000000010
1011001100000010110100001011011100100000000000000000000000000000000010
1010110110001010000110010001101000100000000000000000000000000000000010
1011111111101001000100101110111011000000000000000000000000000000000010
1011101001100010111011010110110110100000000000000000000000000000000010
1011010101010011011010101001010001100000000000000000000000000000000010
1011101110001001011100111000101010000000000000000000000000000000000010
1011000000001001010100011001111100100000000000000000000000000000000010
1011001101101011111100000101000010000000000000000000000000000000000010
1011011111010111001100111101110101100000000000000000000000000000000010
1010010101101010000001101011101100100000000000000000000000000000000010
1011101111111001000110001011110110100000000000000000000000000000000010
1010100101010000110101100010001110100000000000000000000000000000000010
1011000110110110111100100110011001100000000000000000000000000000000010
1011101001011101010101010011001001000000000000000000000000000000000010
1010001100010111100010000001011100000000000000000000000000000000000010
1011010111011110111010100100011101100000000000000000000000000000000010
1010001010111110110110000100010101000000000000000000000000000000000010
1011001010101100100000010111011100100000000000000000000000000000000010
1011010110101100100111011010011101100000000000000000000000000000000010
1010100101010011011010000110000000100000000000000000000000000000000010
1011000010001010111001100010101100100000000000000000000000000000000010
1011011001100101011100110101001000100000000000000000000000000000000010
1011101001101110100001000111111101000000000000000000000000000000000010
1011000100110000101110101100010100100000000000000000000000000000000010
1011001100001100010010111000110110000000000000000000000000000000000010
1011100111111100100000110111010000100000000000000000000000000000000010
1010010001001101010011000001110111100000000000000000000000000000000010
1010101100000011101110111000100101100000000000000000000000000000000010
1011101010101001101000010100111110000000000000000000000000000000000010
1010001111010000111110010001001010000000000000000000000000000000000010
1010001000001101001010010111110011000000000000000000000000000000000010
1011100000110110011111100001111100100000000000000000000000000000000010
1011110010010010011000010010010010000000000000000000000000000000000010
1011101101001011011011111111111110000000000000000000000000000000000010
1010101110010010100011011010001010100000000000000000000000000000000010
1011101100010110100110100000011010000000000000000000000000000000000010
1010001101000111111101000000110100100000000000000000000000000000000010
1010100110111100001001011011011110100000000000000000000000000000000010
1011010011010110100111001001111111100000000000000000000000000000000010
1011001010000110010110101010010000000000000000000000000000000000000010
1011000010011001011011000110101100100000000000000000000000000000000010
1010010111011111000001011101100000000000000000000000000000000000000010
1011111101111111011010110010101010100000000000000000000000000000000010
1011011110100000001010110010011000100000000000000000000000000000000010
1010011000110111010011110000111101100000000000000000000000000000000010
1011011111111010101011101110010110100000000000000000000000000000000010
1011000011011100111000001101111011100000000000000000000000000000000010
1010100011101100100010111001010001000000000000000000000000000000000010
1011111111001001111010111010101000100000000000000000000000000000000010
1010010111111111110001010110010111000000000000000000000000000000000010
1010111001011101011100110110000000000000000000000000000000000000000010
1010011110010001100000101010111111000000000000000000000000000000000010
1011100110110110001011011101010111100000000000000000000000000000000010
1011010000110010011101001100011001000000000000000000000000000000000010
1010110001010111111101110011001001100000000000000000000000000000000010
1011011111000110011100011000011001000000000000000000000000000000000010
1011100000001101010011101111111001100000000000000000000000000000000010
1010110001000100010001111010110101100000000000000000000000000000000010
1010111110101001111011100010111011100000000000000000000000000000000010
1010011110011001011001000110110010000000000000000000000000000000000010
1010011011111011001011000111100100000000000000000000000000000000000010
1010111101001101011001101111011001100000000000000000000000000000000010
1011110001101111011100110000101000100000000000000000000000000000000010
1011011100001010110101011000110000000000000000000000000000000000000010
1011100010101111101110001101111111000000000000000000000000000000000010
1010111110101111101000011111101001100000000000000000000000000000000010
1010010000101010101101111110000011100000000000000000000000000000000010
1010100101111001100101000111011110100000000000000000000000000000000010
1010101011100101001001101011000000000000000000000000000000000000000010
1010100001011111011110101100111100100000000000000000000000000000000010
1011001110100111011000010111110010000000000000000000000000000000000010
1011001111000100010001110011111110000000000000000000000000000000000010
1010001000001000001010110011111010000000000000000000000000000000000010
1011000000000000001001001001100000000000000000000000000000000000000010
1010010011101011111011111110010011100000000000000000000000000000000010
1010001110000111000111100010100011000000000000000000000000000000000010
1010011011010001000011001010011000000000000000000000000000000000000010
1010000000001111110011100110101010100000000000000000000000000000000010
1011101001010000000011101011011001100000000000000000000000000000000010
1010111100011100000001111110011110100000000000000000000000000000000010
1011011010000111100101000110110100000000000000000000000000000000000010
1011110000110110011110000000100001000000000000000000000000000000000010
1010100100000010010001011100000010100000000000000000000000000000000010
1010001111111111000100011001101010000000000000000000000000000000000010
1011011101001000100110000010111010100000000000000000000000000000000010
1011000100001011111010100110111110000000000000000000000000000000000010
1010110010010010110011110110010010000000000000000000000000000000000010
1010101100100001000110100110011101100000000000000000000000000000000010
1011011010000111100101000110110100000000000000000000000000000000000010
1010110110101110101001110010000000100000000000000000000000000000000010
1011000010101000000011011100110101100000000000000000000000000000000010
1010111110100011110001010011011000000000000000000000000000000000000010
1010110111111100110110111000111111100000000000000000000000000000000010
1011011110011001100111000100101111100000000000000000000000000000000010
1010000011100111000101100011001111100000000000000000000000000000000010
1010101111011011000100110101100001100000000000000000000000000000000010
1010011001111101110111001001010010000000000000000000000000000000000010
1011000111001000110000010101001010000000000000000000000000000000000010
1011001011110000000011001001000100100000000000000000000000000000000010
1011111001100100111101001111100110100000000000000000000000000000000010
1011011000110001010010010001111000000000000000000000000000000000000010
1011110010001111100111011001111000100000000000000000000000000000000010
1010000011101001110101001000001101000000000000000000000000000000000010
1011110100011110000001111000011010000000000000000000000000000000000010
1010101101100110110111011010111110100000000000000000000000000000000010
1011011101101000000100111100111000000000000000000000000000000000000010
1010100011000001000000010011110101000000000000000000000000000000000010
1011111011010100111111101111100101000000000000000000000000000000000010
1010010100011011010101011111101110000000000000000000000000000000000010
1011110110001010110101001000100001000000000000000000000000000000000010
1010100010101010111011000010001110100000000000000000000000000000000010
1011000110000000110001110001010110100000000000000000000000000000000010
1011000101110111111100111110100100100000000000000000000000000000000010
1011001100101011111110100111001110000000000000000000000000000000000010
1011111110111000101110010000100100000000000000000000000000000000000010
1011100100100101111100000011010101000000000000000000000000000000000010
1010010111010010000110100101100011100000000000000000000000000000000010
1011001100100110001111101100000110100000000000000000000000000000000010
1010000110010001101110110010110100000000000000000000000000000000000010
1010010101001000000100110101100111100000000000000000000000000000000010
1010001011111111110000110011001110000000000000000000000000000000000010
1010000010100000011010010101111010100000000000000000000000000000000010
1010111110100110101011010000100000000000000000000000000000000000000010
1010000010000011101100101001010001100000000000000000000000000000000010
1011010000010011000000010100110111000000000000000000000000000000000010
1011011010111110010010001110011011100000000000000000000000000000000010
1010010001110000101010000000110110100000000000000000000000000000000010
1011100011001010100011100001101100100000000000000000000000000000000010
1010100101000001100000101111100110100000000000000000000000000000000010
1011100010101010001011000001100100100000000000000000000000000000000010
1011100100100010110100010011101010000000000000000000000000000000000010
1010011011011000000100101111100110000000000000000000000000000000000010
1010111100110001101010100111100110000000000000000000000000000000000010
1010101001110111010010110111101011000000000000000000000000000000000010
1010011111101111111110110111010000000000000000000000000000000000000010
1010100101001111011110001010000100000000000000000000000000000000000010
1011101100001001110000111100100111000000000000000000000000000000000010
1011100110000010001000010011011010100000000000000000000000000000000010
1011110010110010001010100111010001000000000000000000000000000000000010
1010001101011010000111111101110110000000000000000000000000000000000010
1010001110000001001010110111001000000000000000000000000000000000000010
1011100001011101011101110010111111100000000000000000000000000000000010
1010101100010000010100111001111110100000000000000000000000000000000010
1010100101101110000010000011010101000000000000000000000000000000000010
1010111100101001011001101111000001000000000000000000000000000000000010
1010101111010010000111111111100110000000000000000000000000000000000010
1010000001100100100011110100110110100000000000000000000000000000000010
1011110001110001011111011111101111000000000000000000000000000000000010
1011000100110001011010000110101010100000000000000000000000000000000010
1010000011011011101110100010111110000000000000000000000000000000000010
1010001100010110100001111111010100100000000000000000000000000000000010
1010101010111001000011110000101001100000000000000000000000000000000010
1011000011000010000111101001110000100000000000000000000000000000000010
1011010010010000001101110011001011100000000000000000000000000000000010
1011011010101010111000001001101110100000000000000000000000000000000010
1010000011010100000111010100110101000000000000000000000000000000000010
1011001000101111010010100110100010100000000000000000000000000000000010
1010100100110010010100101001010001100000000000000000000000000000000010
1011000001110111111000110010111011100000000000000000000000000000000010
1010111100011100010101010001100011000000000000000000000000000000000010
1010010101100100110001111110011001100000000000000000000000000000000010
1010110010100000011000010101100110100000000000000000000000000000000010
1011100111111100001111001001111010000000000000000000000000000000000010
1011011011111011010011010011000010100000000000000000000000000000000010
1010111111010000110001011010111100000000000000000000000000000000000010
1010101001000010110100011100100011000000000000000000000000000000000010
1010100010000100001110111100110000100000000000000000000000000000000010
1011011100011010010101100000001110000000000000000000000000000000000010
1010011110100110110110001010101100100000000000000000000000000000000010
1010001010111010011011100101100011100000000000000000000000000000000010
1011111010110101100101111110110111000000000000000000000000000000000010
1010010011110001001011000110001000100000000000000000000000000000000010
1010100010000001010111110010111100000000000000000000000000000000000010
1010101001111000011010101111110101100000000000000000000000000000000010
1011101000100100110110001100010011100000000000000000000000000000000010
1010111110010011001000011101111111100000000000000000000000000000000010
1011000111101110101001101000110101100000000000000000000000000000000010
1011000001000111010111101011011111000000000000000000000000000000000010
1011010111000111101000011100110100100000000000000000000000000000000010
1010110000111000101001111100100001100000000000000000000000000000000010
1011000000111100011111100000110001000000000000000000000000000000000010
1011010100111111000011110100010011000000000000000000000000000000000010
1010011001101100011111111100100111100000000000000000000000000000000010
1010101100011011010010111010110111000000000000000000000000000000000010
1010111111011110001110101011010011000000000000000000000000000000000010
1011100101100110110111100111100111100000000000000000000000000000000010
1010011001001111110001100011110000100000000000000000000000000000000010
1010100100000110000110101001011010000000000000000000000000000000000010
1011001000001111110111100110110011100000000000000000000000000000000010
1011110010000000111101100110001101000000000000000000000000000000000010
1010010100000111101110110110110011100000000000000000000000000000000010
1011110101100111100001011000011000100000000000000000000000000000000010
1010000101111000111100110000111010000000000000000000000000000000000010
1011110000110100011101010111110101100000000000000000000000000000000010
1010010010001001000001110000110001100000000000000000000000000000000010
1011111110010000010110110100001101000000000000000000000000000000000010
1011101111010101011100001000001110000000000000000000000000000000000010
1010101010010101100110000111111110000000000000000000000000000000000010
1010011001001010111111110000111000100000000000000000000000000000000010
1010000101010011101111010100011110000000000000000000000000000000000010
1011011010111000101001001100010000000000000000000000000000000000000010
1010010000100001011111110001100000000000000000000000000000000000000010
1010110110111101111011110000101101100000000000000000000000000000000010
1011000000010001110110101001001101100000000000000000000000000000000010
1011001111101100010011101111010011000000000000000000000000000000000010
1010000010010011010111100001000101000000000000000000000000000000000010
1010000010111110000111110001101010000000000000000000000000000000000010
1011111000000010110111110101111110100000000000000000000000000000000010
1010101110011100011001101100100101000000000000000000000000000000000010
1011010110111110100011101011111111100000000000000000000000000000000010
1011010011011101111110001111110010000000000000000000000000000000000010
1011100001110111001100100101011011100000000000000000000000000000000010
1011101011000000010000001101100100100000000000000000000000000000000010
1010001111010100100110101100011111100000000000000000000000000000000010
1010111001111001011001111101011000000000000000000000000000000000000010
1010001100100011110111110000000100100000000000000000000000000000000010
1010001111100111010010011111000111100000000000000000000000000000000010
1011100111110101111011110010010110100000000000000000000000000000000010
1011110011010111001010101001110011100000000000000000000000000000000010
1011011000110110101000000010001111000000000000000000000000000000000010
1011100001100111111100100101001110100000000000000000000000000000000010
1010111111011111000100100001011111000000000000000000000000000000000010
1011110101110111000011101111010110100000000000000000000000000000000010
1011111100011011011011011000101100000000000000000000000000000000000010
1010001010101010110110111000011010000000000000000000000000000000000010
1011110000100100000110101101101101000000000000000000000000000000000010
1011010010010101101100010001111100100000000000000000000000000000000010
1011001110010110111000100011001111000000000000000000000000000000000010
1010000000111001100100101111010111000000000000000000000000000000000010
1010011010010000111101101100111101100000000000000000000000000000000010
1011101100101011111110100001110111000000000000000000000000000000000010
1010101110110011001010000001010010000000000000000000000000000000000010
1010111100011010111101111101011000000000000000000000000000000000000010
1010011101001010001011100000001101000000000000000000000000000000000010
1010101011101001100110111100010111100000000000000000000000000000000010
1010100010000110100001010011111011000000000000000000000000000000000010
1011010000001000010100100011000010100000000000000000000000000000000010
1010111011010011100001000000110010100000000000000000000000000000000010
1010000011100111100101101101011110000000000000000000000000000000000010
1010001100111110110000010010000101000000000000000000000000000000000010
1011001011110000000101101000010100100000000000000000000000000000000010
1011111001001000001011101011001111100000000000000000000000000000000010
1010000110000000101001010110111000100000000000000000000000000000000010
1011001110100111000010111110000110000000000000000000000000000000000010
1011011011100111011010011011011110100000000000000000000000000000000010
1010011101010000000110100010100100100000000000000000000000000000000010
1010000100001000101000111111111111100000000000000000000000000000000010
1010000011101000100101111000011011000000000000000000000000000000000010
1011000100010100101001101101111100100000000000000000000000000000000010
1010011100001010111000011001011110000000000000000000000000000000000010
1010001100000000110111100100110111000000000000000000000000000000000010
1010111001111010001011110001100000100000000000000000000000000000000010
1010000101000100001101111111011110000000000000000000000000000000000010
1010111100100111011000001000110101000000000000000000000000000000000010
1010011100000000010101011111011110000000000000000000000000000000000010
1011100000000001001111010110111111100000000000000000000000000000000010
1010110001010110001001101001101010000000000000000000000000000000000010
1010001110111010000001001010110100100000000000000000000000000000000010
1011010110001101011011010010110011100000000000000000000000000000000010
1010001011101111010110001010101101000000000000000000000000000000000010
1010011101010100011011100010110101100000000000000000000000000000000010
1010011111101011011000111011000100000000000000000000000000000000000010
1011101100111011100010111001011000100000000000000000000000000000000010
1010100101000100111110001110100010000000000000000000000000000000000010
1011011101011000011110001110110100100000000000000000000000000000000010
1011011000101010000110101011100000000000000000000000000000000000000010
1011001100001010001110001001010000100000000000000000000000000000000010
1011111101101011110011001110110010100000000000000000000000000000000010
1010011100110111011101101010010111000000000000000000000000000000000010
1011010110101011101000010110100100100000000000000000000000000000000010
1011101100011100000100111101110101100000000000000000000000000000000010
1010110100000000100111110101110111000000000000000000000000000000000010
1010001011001000001101011110110001000000000000000000000000000000000010
1010011110011111100001011010111100100000000000000000000000000000000010
1011011011011010010011100010101101000000000000000000000000000000000010
1010111011111011000110010111111110100000000000000000000000000000000010
1010111001110010110110101110001110100000000000000000000000000000000010
1010010000111001110001100100010001100000000000000000000000000000000010
1010100100001010000111011101111100000000000000000000000000000000000010
1010010001111111000001110010011000000000000000000000000000000000000010
1011101010100001011101010100100011000000000000000000000000000000000010
1011101000000001100011101111001110000000000000000000000000000000000010
1010011111010110110100001101100110100000000000000000000000000000000010
1011100110001100010011011110001100000000000000000000000000000000000010
1010011110110010111100110010100100100000000000000000000000000000000010
1010001000111000010100101001100001100000000000000000000000000000000010
1011101110110100011110011111011010100000000000000000000000000000000010
1011001000100010110101101010001011000000000000000000000000000000000010
1010100110111010110100111111001011000000000000000000000000000000000010
1010011011011011011011100101111001000000000000000000000000000000000010
1011101111011011111001101001110000100000000000000000000000000000000010
1010111011110101000000011111010001100000000000000000000000000000000010
1010011010011001101000100001000101100000000000000000000000000000000010
1011001000000011101100101111010110000000000000000000000000000000000010
1011010110010010001010001101110111100000000000000000000000000000000010
1010000000100010101110100111110011000000000000000000000000000000000010
1010001001101110010100000101100001000000000000000000000000000000000010
1010010110011001111110000011001110100000000000000000000000000000000010
1011000110011111000111000101111001100000000000000000000000000000000010
1010101001110001111101011000110101000000000000000000000000000000000010
1010110101000101111101010101111100100000000000000000000000000000000010
1011011010100000111101111010110110100000000000000000000000000000000010
1010100101001000110100111101101100100000000000000000000000000000000010
1011000111100010101101010101001100000000000000000000000000000000000010
1011001101100011011000100110010100000000000000000000000000000000000010
1011010110010100101111110010011011000000000000000000000000000000000010
1011111100110001000110000001011110100000000000000000000000000000000010
1011110010101101111111011110001011000000000000000000000000000000000010
1010011010001001001101101001001000100000000000000000000000000000000010
1010001100011101110001101100101100100000000000000000000000000000000010
1010100000000101011011001011000100100000000000000000000000000000000010
1011001100111100111010101010100111000000000000000000000000000000000010
1010111101011001001101110111101101000000000000000000000000000000000010
1010000010101100101000111100100111100000000000000000000000000000000010
1011011000111100101101010010010010100000000000000000000000000000000010
1010110110100011100011000010000010100000000000000000000000000000000010
1010101010111010100100111011111010100000000000000000000000000000000010
1011100111010010110100000011101111100000000000000000000000000000000010
1010100000010001000001101100110110000000000000000000000000000000000010
1011011011110001101011000111001110100000000000000000000000000000000010
1011110000100000010101011011100101100000000000000000000000000000000010
1011010000101101001011110011111011100000000000000000000000000000000010
1011101000011111110000011000010101100000000000000000000000000000000010
1010000110110011000111001001010001000000000000000000000000000000000010
1010111010000100001100100100111001000000000000000000000000000000000010
1010001011000001001101001101000111000000000000000000000000000000000010
1010111100000001111101101001001100000000000000000000000000000000000010
1011001001111100011001110110001110100000000000000000000000000000000010
1010100111111100100101001111011010100000000000000000000000000000000010
1011011110001100010101101001100111100000000000000000000000000000000010
1011100100100001101010111100111111000000000000000000000000000000000010
1010110101110100011111001100100111000000000000000000000000000000000010
1010001111011100011111000101111100000000000000000000000000000000000010
1011000001010101110001110111110100100000000000000000000000000000000010
1011001000111001001111101100000100100000000000000000000000000000000010
1010110000011010010000010010101101100000000000000000000000000000000010
1011100010100000101101101100111110000000000000000000000000000000000010
1011101100100100111101111011100001100000000000000000000000000000000010
1010101000101111101001001110011101000000000000000000000000000000000010
1011011011110101001011101110010111000000000000000000000000000000000010
1011000001001000110111010011110110000000000000000000000000000000000010
1010100000001011111011110111011011100000000000000000000000000000000010
1010100111101000101110001100101001100000000000000000000000000000000010
1010100001111010000011000010111001100000000000000000000000000000000010
1011100111011001100101010111011010100000000000000000000000000000000010
1011101011000100110101001110111101000000000000000000000000000000000010
1011100000100101000101110110100110100000000000000000000000000000000010
1011011111111011001011101110010111000000000000000000000000000000000010
1011111100111000111010111100111111100000000000000000000000000000000010
1010011001101000101011011010011110000000000000000000000000000000000010
1010010101100100011100100011001000000000000000000000000000000000000010
1010000100101100001111001000010001000000000000000000000000000000000010
1011000111010111111010100111111100100000000000000000000000000000000010
1010010001110110000011101011000010100000000000000000000000000000000010
1010111100010000111101101110101011100000000000000000000000000000000010
1011101011001000110010000010111111100000000000000000000000000000000010
1010111000000111010011111011100101000000000000000000000000000000000010
1011101111111011100000111101000010100000000000000000000000000000000010
1011001001101001110110101111111101000000000000000000000000000000000010
1010111101000100101111001000110001100000000000000000000000000000000010
1011101101010100111110110001111101100000000000000000000000000000000010
1011100111000110110000010000100111100000000000000000000000000000000010
1010011001010100011111100110001001100000000000000000000000000000000010
1010100001000111101000001111111011000000000000000000000000000000000010
1010001100001100011100110011111111100000000000000000000000000000000010
1010001001011100111001111010101000000000000000000000000000000000000010
1010000010001101110101000010101110100000000000000000000000000000000010
1011011100001100101110111010010110000000000000000000000000000000000010
1010100100000110011010000100101011000000000000000000000000000000000010
1011110011000010111101000111000111100000000000000000000000000000000010
1010011100001001011010110001110010000000000000000000000000000000000010
1011110001111010011110001011101011100000000000000000000000000000000010
1011101010101000000100110000011001100000000000000000000000000000000010
1010001111101010010011011111111110000000000000000000000000000000000010
1010001110101000000111101010011110000000000000000000000000000000000010
1010111010000001101011101100010011000000000000000000000000000000000010
1011101111010000001001111010111011000000000000000000000000000000000010
1010000011110101000101010010110000100000000000000000000000000000000010
1010100011110001111110110100110011000000000000000000000000000000000010
1011111111000110101111110111101101000000000000000000000000000000000010
1010010110101110010110010011101011100000000000000000000000000000000010
1011000010011010001100111110101111000000000000000000000000000000000010
1011111001101010100000010111100110000000000000000000000000000000000010
1011001100011110001111011010110111000000000000000000000000000000000010
1011101101000000110010100010110011100000000000000000000000000000000010
1011110111100100010000111110000001100000000000000000000000000000000010
1010110101110011110110011000000010000000000000000000000000000000000010
1010101110010011001000111111000010100000000000000000000000000000000010
1011011010001000110110000011000000100000000000000000000000000000000010
1010100000010001000110000101101111100000000000000000000000000000000010
1011100001111010010010001111110010000000000000000000000000000000000010
1011000010001100000011111010101101100000000000000000000000000000000010
1010010100010110100001000011000100100000000000000000000000000000000010
1010111101000000101111010110111000000000000000000000000000000000000010
1011100111111010100101101011101111100000000000000000000000000000000010
1010110111101010011001001101011100100000000000000000000000000000000010
1010011000001001111011000010001001100000000000000000000000000000000010
1010001111101110010011110111100101000000000000000000000000000000000010
1011110010101111100010011000011011100000000000000000000000000000000010
1011100000110001000001100111111101000000000000000000000000000000000010
1010000000100000001000010100110110100000000000000000000000000000000010
1010000110100100000001100100000100000000000000000000000000000000000010
1011010110110010100110011100100101100000000000000000000000000000000010
1011111011010111011100101101110000000000000000000000000000000000000010
1011010101011100000010110111101101100000000000000000000000000000000010
1010001001101001001101011101011010100000000000000000000000000000000010
1010000101111001110011010110010101000000000000000000000000000000000010
1011001100010100010000010111000101100000000000000000000000000000000010
1011000001011111111100111110111110100000000000000000000000000000000010
1010111110101101101011110111000000000000000000000000000000000000000010
1011000001110010111010011000101111100000000000000000000000000000000010
1011100100111010100101001001010001100000000000000000000000000000000010
1011100110001100010111011111010111100000000000000000000000000000000010
1010000100101101001100100101001010000000000000000000000000000000000010
1010000011010111010000000001110000100000000000000000000000000000000010
1010001100001011011010100111100110100000000000000000000000000000000010
1011100011011110100110111001101011000000000000000000000000000000000010
1010110000111010000001101110001001000000000000000000000000000000000010
1011000110010101010010111000101111000000000000000000000000000000000010
1010110010100010011000011010010110000000000000000000000000000000000010
1011110100000110011000011111101111100000000000000000000000000000000010
1011100110110110001111001100101100100000000000000000000000000000000010
1010110111001111101001000101011100100000000000000000000000000000000010
1010011011000000000111100001011111100000000000000000000000000000000010
1010111001000110000001100011001110100000000000000000000000000000000010
1011010001011001000100001100111101000000000000000000000000000000000010
1011111010000011101010100100111111100000000000000000000000000000000010
1010000100001100110010110100100001000000000000000000000000000000000010
1011111011000111010101011001001100000000000000000000000000000000000010
1010000000001010101011001100100101100000000000000000000000000000000010
1010011000101111010101000001001100000000000000000000000000000000000010
1010001011001101000101111001100011000000000000000000000000000000000010
1010100011111011011010100001011011100000000000000000000000000000000010
1011011010110111010100111101000010100000000000000000000000000000000010
1011101010101000110001001100100100000000000000000000000000000000000010
1010100100100000101000011101011011000000000000000000000000000000000010
1010010111001000110101000001100011100000000000000000000000000000000010
1011110101001100100010101010110101000000000000000000000000000000000010
1011001110111000111101100011001100000000000000000000000000000000000010
1011101000011001000011011000100011000000000000000000000000000000000010
1010100000111000010100110011010101100000000000000000000000000000000010
1011111011001000010111101011100100000000000000000000000000000000000010
1011000111001010111100000111101101000000000000000000000000000000000010
1011111110000111101101101010110011000000000000000000000000000000000010
1011011001011110000111111100100000100000000000000000000000000000000010
1011110001011110100101110000110010100000000000000000000000000000000010
1011010010001010111001111000011001000000000000000000000000000000000010
1010100111111001000001100110100100000000000000000000000000000000000010
1011011000010001100000111110111010000000000000000000000000000000000010
1011000111101001011010010010101111100000000000000000000000000000000010
1010011000111111011111000101011110000000000000000000000000000000000010
1010101100110010010001000000110101100000000000000000000000000000000010
1011101011111100000100110010010010100000000000000000000000000000000010
1011100001101011010111100010100110100000000000000000000000000000000010
1011011111011011001010100111100011100000000000000000000000000000000010
1010010011010110010011110101001100000000000000000000000000000000000010
1011001001010111110101110110111011100000000000000000000000000000000010
1010101001110101010011100101100100100000000000000000000000000000000010
1011101111100101111110000000110111000000000000000000000000000000000010
1010010000010000001011101000011011100000000000000000000000000000000010
1011101011101001110110111011101000000000000000000000000000000000000010
1011010100110100100111110010110000000000000000000000000000000000000010
1010010101000001000000010000110111000000000000000000000000000000000010
1011000111110110101011111110101110100000000000000000000000000000000010
1010011001000011001110010101011001100000000000000000000000000000000010
1011010011001001001011011100000110000000000000000000000000000000000010
1010001000100100100111111010111010000000000000000000000000000000000010
1011000100010000110100110101111011000000000000000000000000000000000010
1011000010110101010001101111110110000000000000000000000000000000000010
1011011110100010011111110000111001100000000000000000000000000000000010
1010000011110001101100110010010110000000000000000000000000000000000010
1011001001101010100010011100111100000000000000000000000000000000000010
1011101111000010010110110100110001000000000000000000000000000000000010
1010001111110010111010011000110111100000000000000000000000000000000010
1010010110010111010000101011011110100000000000000000000000000000000010
1011011010111101100001100100001101100000000000000000000000000000000010
1010101101110010000101100111001011100000000000000000000000000000000010
1011101011001100011001011001000011000000000000000000000000000000000010
1011101001000011101010011000110111100000000000000000000000000000000010
1011101011001100101111101011111111100000000000000000000000000000000010
1010111000110001001110010001100101100000000000000000000000000000000010
1010001010000101001001110111100111100000000000000000000000000000000010
1011100100001100100011111010100011000000000000000000000000000000000010
1011001000011011100110010101101100100000000000000000000000000000000010
1010101111001000011100001011100001000000000000000000000000000000000010
1010110110111100111001001010001101100000000000000000000000000000000010
1011101100000010111010010000000101000000000000000000000000000000000010
1010000011101000100001100000010010000000000000000000000000000000000010
1011010101011010001110110111000001000000000000000000000000000000000010
1010100011010001010111111101001001000000000000000000000000000000000010
1010100010000110000001100000010111100000000000000000000000000000000010
1011011000110001011101001100101100100000000000000000000000000000000010
1010011001001000111111011001111111100000000000000000000000000000000010
1010101000001010001100110011011000000000000000000000000000000000000010
1011010110010000010100101111000010000000000000000000000000000000000010
1011010000101001101101110011011000000000000000000000000000000000000010
1010101011011100011001101110110000000000000000000000000000000000000010
1011001011000101010001111001101011100000000000000000000000000000000010
1011100011011110001111111011111101100000000000000000000000000000000010
1010001010110001100011101001110010100000000000000000000000000000000010
1010101011111010011010111011010111100000000000000000000000000000000010
1010011001010110111110010101000000100000000000000000000000000000000010
1011111000010000101110111100110010000000000000000000000000000000000010
1011000100100010110000100010110111000000000000000000000000000000000010
1011100010111101110101000100010011000000000000000000000000000000000010
1010000010101011010101010010100000000000000000000000000000000000000010
1010110011101010000010110101011001100000000000000000000000000000000010
1010001101001011101100100100111001100000000000000000000000000000000010
1010111110001101010011111110011001000000000000000000000000000000000010
1011101010110101011111010110001011000000000000000000000000000000000010
1011111100100000000011101100111101000000000000000000000000000000000010
1010000110100110001100101110011001100000000000000000000000000000000010
1011010100001000010100100101100001100000000000000000000000000000000010
1010111001100011100101110100010100000000000000000000000000000000000010
1010011100101001001100100001000011100000000000000000000000000000000010
1010010101100000010001011111111110000000000000000000000000000000000010
1010111001011000000100100011001101100000000000000000000000000000000010
1011011001011110101111101111011001000000000000000000000000000000000010
1010011100011011101011111000011111000000000000000000000000000000000010
1010000001100100011101000011101010100000000000000000000000000000000010
1011100001100111101100011101111001100000000000000000000000000000000010
1011101100111111000011100000101101000000000000000000000000000000000010
1010110100000101010111001011000110100000000000000000000000000000000010
1010111101110001000011011110010010000000000000000000000000000000000010
1011100110111010001111010111000110000000000000000000000000000000000010
1011001001101011011110100001110011100000000000000000000000000000000010
1010001111111010101111111100111001000000000000000000000000000000000010
1011110010110110011111110011111001100000000000000000000000000000000010
1010100001010111001001001110000000100000000000000000000000000000000010
1011001001110101000110010101011101100000000000000000000000000000000010
1010010110000110100111010110011100000000000000000000000000000000000010
1010000110000000100111010111010111000000000000000000000000000000000010
1011110001001000000011101100011001100000000000000000000000000000000010
1010001100010010001111000111111111000000000000000000000000000000000010
1010010011111100100110100101110011100000000000000000000000000000000010
1010000011111100001110101000111111100000000000000000000000000000000010
1011001001000010010010011100000000000000000000000000000000000000000010
1010001100010110011010100110111001000000000000000000000000000000000010
1010101111001100101101011110010000100000000000000000000000000000000010
1011001011111101110110101001011101100000000000000000000000000000000010
1010110010000010010011101110000011100000000000000000000000000000000010
1010000101111001000011001001110011000000000000000000000000000000000010
1010010101100101001100100101101111000000000000000000000000000000000010
1010110011100100010100010101000010000000000000000000000000000000000010
1010010000100111010111110001010111000000000000000000000000000000000010
1010010111011100011010101111011011000000000000000000000000000000000010
1010100011100111011100010011011111000000000000000000000000000000000010
1011011110111110010011010001011101000000000000000000000000000000000010
1010100011111000001001001101010110100000000000000000000000000000000010
1010001000011111101001111111101111100000000000000000000000000000000010
1011001100000110101010000100001111000000000000000000000000000000000010
1011110001001110110011000001110010100000000000000000000000000000000010
1010100000111111101111100111101001100000000000000000000000000000000010
1011110001111101101011101000101100100000000000000000000000000000000010
1011110011101111001101110010110011100000000000000000000000000000000010
1010111111100011010001001010001110000000000000000000000000000000000010
1010100111001011001011111011111101000000000000000000000000000000000010
1011001000010010110100101010110111000000000000000000000000000000000010
1011110000100111000111001101101100100000000000000000000000000000000010
1011010101001111110011100100000100100000000000000000000000000000000010
1010000010110101111001111101101001100000000000000000000000000000000010
1010010000101110010010011110001010100000000000000000000000000000000010
1011100111001101011100010000100000100000000000000000000000000000000010
1011110011110011110101011111111111000000000000000000000000000000000010
1010111111111011100111110011101010000000000000000000000000000000000010
1011011111001000111011011111000111000000000000000000000000000000000010
1011110110000101101110010111011111000000000000000000000000000000000010
1010010000010100101111101110000101100000000000000000000000000000000010
1010010110000101110101011110011011100000000000000000000000000000000010
1011110110001010010000111000110010000000000000000000000000000000000010
1011101110110011111110110100010100000000000000000000000000000000000010
1010010100100000010100011100101000100000000000000000000000000000000010
1011001110100111010110101101010001100000000000000000000000000000000010
1011001100000000010011100001011111100000000000000000000000000000000010
1010100000110110100010010111010101100000000000000000000000000000000010
1010001011100100001001001100000100100000000000000000000000000000000010
1010011110010001101001001110001010100000000000000000000000000000000010
1010010111000010011101010111111010100000000000000000000000000000000010
1011001100000000011110111010111001000000000000000000000000000000000010
1011110010011101110111110111110000100000000000000000000000000000000010
1010110110001001110101011110111001000000000000000000000000000000000010
1010010100100101111100100011011001100000000000000000000000000000000010
1011100001110000100100000001000111100000000000000000000000000000000010
1011001101001100111111101111011010000000000000000000000000000000000010
1010010010011010100111101000101010100000000000000000000000000000000010
1010011110111111011010010011001110100000000000000000000000000000000010
1010011000110001100100011010101001100000000000000000000000000000000010
1011100000000100100010110011100001100000000000000000000000000000000010
1010010010100001101101100001011011100000000000000000000000000000000010
1011000101111100100010000101011100100000000000000000000000000000000010
1011001110100010011000100010001100000000000000000000000000000000000010
1010001001110010111111111011001010100000000000000000000000000000000010
1011000100100001000100101000100000100000000000000000000000000000000010
1010010100111110110011010110101110000000000000000000000000000000000010
1011011001110100100110000110101000100000000000000000000000000000000010
1010110001001011000010111111001011000000000000000000000000000000000010
1010000101110001110001101000011111100000000000000000000000000000000010
1011101101110100001110110101110110100000000000000000000000000000000010
1010101101100011010000111111111101100000000000000000000000000000000010
1011100100100010001110110001011010100000000000000000000000000000000010
1010101011100101010011111010001000100000000000000000000000000000000010
1011111100011010111111110101001001100000000000000000000000000000000010
1010101111000000111100000000110001000000000000000000000000000000000010
1011111101001101101010010011000101000000000000000000000000000000000010
1010101001110001101000111100101111100000000000000000000000000000000010
1010101010101010010100010111011101100000000000000000000000000000000010
1011101110000011101100111011101111100000000000000000000000000000000010
1011100000110101101101010010000101100000000000000000000000000000000010
1010001100100010100001111110010101000000000000000000000000000000000010
1010000001111111010110101011010100100000000000000000000000000000000010
1011111000001010000011110110101010100000000000000000000000000000000010
1011011000001100100101011101001110100000000000000000000000000000000010
1011000010000010100000110001000001000000000000000000000000000000000010
1011111110100001011011011111110001100000000000000000000000000000000010
1010100111101110011011110011100110000000000000000000000000000000000010
1010010101010100011110111011000000100000000000000000000000000000000010
1010100000111011011110111001111101000000000000000000000000000000000010
1010101000000100010110101001000010100000000000000000000000000000000010
1010110111110000101011100111001100100000000000000000000000000000000010
1010011101000000000101111011010101000000000000000000000000000000000010
1011000101101011011011100101110001000000000000000000000000000000000010
1010000111000010101111011111001100100000000000000000000000000000000010
1010110101000101011101000000011110000000000000000000000000000000000010
1010010101001100110110100001001101000000000000000000000000000000000010
1011001101111010111011101010011111000000000000000000000000000000000010
1011101000101011100101101111000011000000000000000000000000000000000010
1011010101010101111111000011110110100000000000000000000000000000000010
1010001011101011010110001110101001100000000000000000000000000000000010
1011111101001110111001100011001100000000000000000000000000000000000010
1011110011100100001111010010110011000000000000000000000000000000000010
1010010110111100110111100000101000000000000000000000000000000000000010
1010000001001100011000000010101111000000000000000000000000000000000010
1010110010000011011011111011101010000000000000000000000000000000000010
1010001110001011010010110111100100000000000000000000000000000000000010
1011011101001010000110001010010011000000000000000000000000000000000010
1010010110100011001101001100011011000000000000000000000000000000000010
1011100100111000011001000111011001000000000000000000000000000000000010
1011110011101000101111001001110111000000000000000000000000000000000010
1011100111110100100111101011110111100000000000000000000000000000000010
1011010001011011100001010010001111100000000000000000000000000000000010
1010010011110011110010000111000110100000000000000000000000000000000010
1010010100110111011011111000111110000000000000000000000000000000000010
1010110011101110011100010101001011100000000000000000000000000000000010
1010010111101101101001101101101010100000000000000000000000000000000010
1010010000001100011101001101111011100000000000000000000000000000000010
1011110110100100000000101000110111100000000000000000000000000000000010
1011110001111010001111111001110011100000000000000000000000000000000010
1011011101111000100000000100101101100000000000000000000000000000000010
1010100111001011101110111100001101100000000000000000000000000000000010
1011000111001000011111111000001010000000000000000000000000000000000010
1010010100011000110110011100101111100000000000000000000000000000000010
1011011011010111101011101111110100000000000000000000000000000000000010
1011000110011000100011001111111001100000000000000000000000000000000010
1011001111010000011000111000111011100000000000000000000000000000000010
1010110011011001101111111101011010000000000000000000000000000000000010
1011101001101001100001001110111110000000000000000000000000000000000010
1010011100011101000001110001101011100000000000000000000000000000000010
1010101101100010110000100000111001000000000000000000000000000000000010
1010101100000100001111110110101011100000000000000000000000000000000010
1010110110011001000111100011111110000000000000000000000000000000000010
1010000110100001110110011111110111000000000000000000000000000000000010
1011000001101111110011100110010000100000000000000000000000000000000010
1010011100011000000111011000111010000000000000000000000000000000000010
1011100110001000000001011001111111000000000000000000000000000000000010
1011110000000010001001011110111011100000000000000000000000000000000010
1011111001001011100001000001001001100000000000000000000000000000000010
1011110101001100001100001001001101000000000000000000000000000000000010
1011111011011010111000101010001101100000000000000000000000000000000010
1010101000110101010011111011101001000000000000000000000000000000000010
1010010011111000110001011110000011100000000000000000000000000000000010
1011001101010100010001100101001001000000000000000000000000000000000010
1010001111001110010001111101111000100000000000000000000000000000000010
1010010100010111100101111110010100000000000000000000000000000000000010
1011110110011010000001101111110011100000000000000000000000000000000010
1011110101001000000111101101110001000000000000000000000000000000000010
1011000010100010001100110111010110000000000000000000000000000000000010
1011110000100011001011010110110100000000000000000000000000000000000010
1010101000011001100000110100011111100000000000000000000000000000000010
1010010001111011000011001111001111100000000000000000000000000000000010
1010000111010000110100001110000111100000000000000000000000000000000010
1010100000111001101101110010000110100000000000000000000000000000000010
1010000011000111010001100001101110000000000000000000000000000000000010
1010111000100001011110101001111110100000000000000000000000000000000010
1011100101101011000110100111011011100000000000000000000000000000000010
1010110010001000001100000011011000000000000000000000000000000000000010
1010111111010001010000001011010010000000000000000000000000000000000010
1011010011100001100101001000100111100000000000000000000000000000000010
1011100011001100010100011100011110000000000000000000000000000000000010
1011101001010010101111101111000011100000000000000000000000000000000010
1011101000100101010000110010000111100000000000000000000000000000000010
1011110001110000100010001111110101100000000000000000000000000000000010
1011010100001110010111011010111100000000000000000000000000000000000010
1010100011000110011110111110011101100000000000000000000000000000000010
1011100010011000000011001111011011000000000000000000000000000000000010
1010101000101001101100110011011111100000000000000000000000000000000010
1010110100010100100010001010011110000000000000000000000000000000000010
1010101100011100110011000111001110100000000000000000000000000000000010
1011101011100111011010110011010110000000000000000000000000000000000010
1011000001110110100001000110111111000000000000000000000000000000000010
1011000111000111011001011011011000000000000000000000000000000000000010
1011111011010001111101100100001001100000000000000000000000000000000010
1010010100001011000110101100001010100000000000000000000000000000000010
1011101111100100110000001100000011100000000000000000000000000000000010
1010110010110000110100011001000110000000000000000000000000000000000010
1011001001111000111110010010000101000000000000000000000000000000000010
1010010111011010001011001111011111000000000000000000000000000000000010
1010001011100110000001010110110001100000000000000000000000000000000010
1010011011010011011011011010001011000000000000000000000000000000000010
1011001110001100111010101000110100100000000000000000000000000000000010
1010101010010010100101101111000111100000000000000000000000000000000010
1010110001101011001111100101101001000000000000000000000000000000000010
1010110010110101100011010101100110000000000000000000000000000000000010
1011000000100010011000011110010111000000000000000000000000000000000010
1010010100111001000011001001010010100000000000000000000000000000000010
1010010100001001001110010000111011100000000000000000000000000000000010
1011011000000001011101000111100100000000000000000000000000000000000010
1010100110101110001010001011101110100000000000000000000000000000000010
1011110001000110011101110011001110000000000000000000000000000000000010
1011001001101101110010110101101001100000000000000000000000000000000010
1011111110110101001101010010010001000000000000000000000000000000000010
1011101010010000011010010110001010100000000000000000000000000000000010
1011110010101010001010001011110110100000000000000000000000000000000010
1010010111100010100011010011110101000000000000000000000000000000000010
1010001011010110010100101011110000100000000000000000000000000000000010
1010110110011000001010001101011111000000000000000000000000000000000010
1011110011001000111010010101101011000000000000000000000000000000000010
1011000011100111110110010111100110100000000000000000000000000000000010
1011001011111001000100010010001101000000000000000000000000000000000010
1010001001101001110010101001101110100000000000000000000000000000000010
1010100011010111011010110101110100100000000000000000000000000000000010
1010111110001111001111001000110011000000000000000000000000000000000010
1010001001011001000001001001111001000000000000000000000000000000000010
1010111110101000010101001011000111100000000000000000000000000000000010
1011001011101010011111010001100110000000000000000000000000000000000010
1010100011110011100011101110111110100000000000000000000000000000000010
1011001000101010100000011001011001000000000000000000000000000000000010
1010001000101011010110111001100101000000000000000000000000000000000010
1010111110010111101011101011001000100000000000000000000000000000000010
1010001010101000000100000110101110000000000000000000000000000000000010
1010110111100110101001011001110111000000000000000000000000000000000010
1011100000101001101110111101001001000000000000000000000000000000000010
1011000100111111000001100111101101100000000000000000000000000000000010
1011001000101101001010011000101110100000000000000000000000000000000010
1010000110000000100001111000110010000000000000000000000000000000000010
1011011100111101001110011011101111000000000000000000000000000000000010
1011101010100111100010011101000010100000000000000000000000000000000010
1010110100110100100101111010011010100000000000000000000000000000000010
1011001010001001100001100000110111100000000000000000000000000000000010
1011110000100010110001011110001011100000000000000000000000000000000010
1010010011001110011000100011110101100000000000000000000000000000000010
1010011000001100100111001001011001000000000000000000000000000000000010
1011110000100001111101100111001110100000000000000000000000000000000010
1010011100100001110010000011110011000000000000000000000000000000000010
1010101001001110111111100011011111000000000000000000000000000000000010
1011101000000010011000111000000100000000000000000000000000000000000010
1010001111000101111011100101111101100000000000000000000000000000000010
1010110010010101110110011110111111100000000000000000000000000000000010
1010011101001001001010111111100110100000000000000000000000000000000010
1011000010101001011011111011000110100000000000000000000000000000000010
1011101100000110110011111000001010000000000000000000000000000000000010
1011001001010010100100100100110011000000000000000000000000000000000010
1011000001101110000110011100111000100000000000000000000000000000000010
1011100111100010111010111001010111100000000000000000000000000000000010
1010011101100101100111011001000000100000000000000000000000000000000010
1011111011101000100110011110000111000000000000000000000000000000000010
1011001111001100000010100001001110100000000000000000000000000000000010
1010010000100001001000110011001111100000000000000000000000000000000010
1011101101010100011011111001100010000000000000000000000000000000000010
1011100010000001010110010101000100000000000000000000000000000000000010
1010000001111110100110100100110101000000000000000000000000000000000010
1010110110101100101000110000101000000000000000000000000000000000000010
1011100111101010100011010101101011100000000000000000000000000000000010
1010111001101101000011010111010010000000000000000000000000000000000010
1011001011001100001001100111100100100000000000000000000000000000000010
1011010101101010001011101011110000100000000000000000000000000000000010
1010111011101011010010011011110110100000000000000000000000000000000010
1011110101011010100100011111001000100000000000000000000000000000000010
1010100001101100111110111001010111100000000000000000000000000000000010
1011110110110001010100011101011111000000000000000000000000000000000010
1011000000111100010011000101110101000000000000000000000000000000000010
1011011000111000010000111111000111000000000000000000000000000000000010
1010110010011110101001101001101010100000000000000000000000000000000010
1011111111101010011011001111001111100000000000000000000000000000000010
1011111100101001001001000111111010100000000000000000000000000000000010
1011010101001110011001110111010111000000000000000000000000000000000010
1011010110010000110110000010100101000000000000000000000000000000000010
1010101011001100000000010111110011100000000000000000000000000000000010
1011111010011011101001101101101111100000000000000000000000000000000010
1011000010101111000101001011101110000000000000000000000000000000000010
1011100010110010100100000101000000000000000000000000000000000000000010
1010011001011010011010101111101001000000000000000000000000000000000010
1011000111000101101111101110111110100000000000000000000000000000000010
1011010001011010010001010101010110100000000000000000000000000000000010
1011111001001110111100010111001000000000000000000000000000000000000010
1010110011100101100000011100111100000000000000000000000000000000000010
1010101100011000100011010000100101100000000000000000000000000000000010
1010001101010001110101010011111000100000000000000000000000000000000010
1010000111100001100001000011100010100000000000000000000000000000000010
