1011100000001111000010010000011010100001001110110000101100110011001010
1011100111101010111101011101100011101000111010100000101000001010111010
1010111110111100101001001100010011111111011111011001100110011110010010
1011110010000101100100111100101110101100100110110010000011111100101010
1010010100111011101110011011001101100000100011101010100010111111011010
1011011111110100011011011001011100001001000011100000100100001001100010
1011110100100001101001111000111000000011101100011010000000111100111010
1010101011110111100101101110100000011110001110100010101111000111111010
1010110100001111110111111111011110100010001000110000100110001111011010
1010001010001010010110110011011110001001011100010110110100101011000010
1011000001101011001101001100001110110100110000001101110110010111110010
1011010000001000011001001110110101010110101011011111010001110101001010
1010001110100011010011111100010101110100110111110000010111101110011010
1010010001111011101011001001010001001011111110000111011001011010101010
1010110110000001011001000000001011001111111001100110111000011111010010
1010110011001000010001101101111010001111000100010000010000010011101010
1010110101110111100011110111100101111000011110010101010111001011000010
1011100000010010001110100011011011000010000000010111010011001100100010
1010111110101011100001111011000100000000100010011100010111111100100010
1011110110101101101000100001111101010010111001001010000000101011101010
1011001001111111101010000001001000010001001110000110100000011101111010
1011111110011011111110110110100001111010001011100000100000000110111010
1010011110100001101010110111111000101111001110111010011000100110101010
1011100001100111011001100111111001110100010000101111010011111011100010
1011110000001110011010000110001100001001101011000100101010000101110010
1011111100001101110001010001011000011110011100100100100001101110111010
1011111000010111000011011010111001110101011000100000110111011100010010
1010001010101010000101011101110110000010001101101001111010101101100010
1011000010011011010000100011101100011010100010011100010110011010110010
1011111010100111100100101111011100001011111101101001110111001101111010
1011001000110111011000110110101110001001010000111000101110110101111010
1011010101010000100011000001000001000011011100100111000100100110001010
1011111011110100000001100100111000111010110001111010110111011001000010
1011001010001101001011110100010110000011111011001011111111010111000010
1011111010010010111101110000110000001010110100111010110111100111111010
1010110011011110011010111001110000111101001101111101110111001011010010
1011100010010110100000100100100000110101010011101111111110000011001010
1010101101111010100100111011011110010100001011000101100111100001010010
1011011101111000110011010100011111011011001011010111000010001011110010
1011100011111110100101011001110110011000000001101000000001101110000010
1011000100011100111100100111011100000110110001011011011111110110011010
1011111010100011111100000001101010110000100101000010010110010101001010
1010101010000110000000010110001011001111000011000010000011101011000010
1010011000010110100100011100000001010000111111111100101010111010110010
1010101110000010011011100110100000100000101000001001101100100011111010
1011000101001100100000111111001001001000101100001011011011111000100010
1011011000100100000001010000110010011011011100010000100111000010000010
1010000110110110110100010010110000111000011100100001111010111100001010
1011110111000001011010100001010111000011010011111011100010111011010010
1011000011010101010011011000011011100011100011001010110011010001100010
1010100010110001111001001110100001101101000010000011011111000011011010
1011101011011100100101111111110011010010111000100000100111101101101010
1011000001110000101110100111111010000010011110110110011010111010011010
1011111100011100010000001001110000100111000010110001011001010011100010
1011001110100111101101011110001100100100100101110101100100111010001010
1010100011100101000100110110000101010100100110100110101000111100001010
1011110101101000001001011000000010011010101110001111001111010101111010
1010001000111001110101100011011110101110110100110111111111111101100010
1011111010110100011110011100100001100000100100001000010100000011111010
1011100010101010010101110010100010111101101100001101101110101100110010
1011101110111000100100011011000011101100100010011110110011111000101010
1010111010010010110001100011000010001010110011101011100111110101010010
1011111000101100001010001010101100110100110010010110011010001010001010
1011000000100101000010010110000000100100011111101101110111011000010010
1010111101100110101000111000000110000111111111100001010100000010010010
1010001000111100010111100011010101011111010001100011010001100011101010
1011111100001001111010010101110011110000110111000011000001110100100010
1010110011100101100000010100100011000000100010100011101010110010100010
1011001010100101111001010001001001111010110110101100000010000111110010
1010001010011000011011010100000011101001010010010011001000110111100010
1011110111100001101101101001110101011110101101110011000001000110110010
1010100001010100001100000011111000001110010000100010100100110101000010
1010101101111000000110011110000011000110001010001000100010110110000010
1011010001101010111110101011100101001100110010011001000010010011110010
1010111010010001111110000101100011000010101110111110000101110101100010
1010111111001100111100100011001011111111100001000111100010010011100010
1010111000100000100101110000101011001100011000110111110010010001000010
1010100010011101100111001101111011000010010000100101010011110101110010
1010100010110010000110111101100100100001000110010110110011010001010010
1010101110100001010000100011010111000100011111001110100110010110001010
1011110111101000101011111001111010101111011100111011001010100101110010
1011110100011011111000001011110010010101111000011101100111001101100010
1010000011000011010101101100101101010100011111011111010111010100101010
1011111101000001010001100011010011000101000001000101101011101111111010
1010101100101110000010011110100000111101010101000010011111010011000010
1011111011111111111101001110110010001110010010100110001000111001011010
1010010000111011011111011111011001000101111111001101011100101010100010
1010011011110001010010101101001010010110100001110110001111001110101010
1011010010101111101100110110110100000101011101010101010111010110010010
1010111111111110111011010101001010100010010110010000101110011011010010
1011110111110110001100000101001110011100110010100110111111011000000010
1010011110111010011001101001100111010110000100000000001001001100101010
1011010011011110100001101111111011111010111101000000111011010110100010
1010110001110100000000111101110010011111111110011010100110000111110010
1011001001101001101000100001111100010100101011000011111010010101111010
1010001001001011000111010110110100110000110101001100011011111110101010
1011011100000101110011010001000011111111111011110100010001101001110010
1010010001110011110101010100101111111110100110001000010000000111001010
1011001110010101111010100111110111110111011000100010111111110101100010
1010101101110011011111110001011010100100100011101111011111101001010010
1011010000101111010010100100000111110110111110111111011000011001110010
1010001100010010010101111110011111110010110000011110011000101110100010
1010110100111010011101010101000101100000011010010001110010010111001010
1011100110010011101100110101011011010000010101110110101111011010101010
1011111010100111011000010111001101011101000000110010101110100111100010
1010001010111011110110110101010110010110101100011101110000101101101010
1011001010101110100111001010010000010010111010010111010110111111000010
1011111001110010010000111001110101110001010100000110001111101111000010
1011011100100111111010011001001100100011111100010110011001111011101010
1010001100001100011011100100100101000010011001011100100001101101001010
1011101011100011000010100000000011101111110000001010001100101110001010
1011101110111110011001010111010011001101010110001101101111001010101010
1011101101001100101100110111111101100010000000011100001001001101011010
1011111101011010011011100110010101001001001100110011001010111101010010
1011001010000111000011111101001111110001100001011111100001111100000010
1010011100010000110111001010111011100010100000101101110000000000101010
1010001100111110000001001111010001000110011001001001111111011111010010
1010001010110101101101101010000000100100100010010010101000100011101010
1010101010100100101100001101110111101011010011000100010100101010000010
1010011100010000110111001010111011100010100000101101110000000000101010
1011111010110110110011000001100001101000010000110100101001111111001010
1010010010010110100011110101111010011001100001001111011010100001000010
1011010110010100101111001100011000011010010001001010011001001111101010
1011001110010010110101001110000111110011000101001000011000001100000010
1011010100001101010000100000000011000101110001010001100100000111011010
1011001100100100001100011011011111001101011000100111001101100100100010
1011001100101100111011000101101001101111010000001000011000000111010010
1010110001011000001010000010111101100011010010100101001101000010001010
