1110101000011011000111110011101101100000000000000000000000000000000010
1110110101001010111000001011011001100000000000000000000000000000000010
1111101101010011010111010101010100000000000000000000000000000000000010
1110000011011100110011010100111110000000000000000000000000000000000010
1111001011011000000001110010100110100000000000000000000000000000000010
1110001001011100100011000111111101000000000000000000000000000000000010
1110000111001110100111010000001000100000000000000000000000000000000010
1110110010111111101010101101011111000000000000000000000000000000000010
1110001001000101000000111001001010100000000000000000000000000000000010
1110010010010100000101111010101000100000000000000000000000000000000010
1110001010101110100011010110010101000000000000000000000000000000000010
1111000000110111000011000010110001000000000000000000000000000000000010
1110000010001000000000001010101011000000000000000000000000000000000010
1110000100101000010100000011001100100000000000000000000000000000000010
1111011111110010001110111100101000100000000000000000000000000000000010
1111111011100001000011011001110001000000000000000000000000000000000010
1110000010111000010110010001000011000000000000000000000000000000000010
1110000000110000000100000011110111000000000000000000000000000000000010
1111001100110110000110110010000000100000000000000000000000000000000010
1110110110110001101100111100001111000000000000000000000000000000000010
1110100011010001100111010100001111000000000000000000000000000000000010
1110001100110010100101101101110011100000000000000000000000000000000010
1110011100001011100001011101011100100000000000000000000000000000000010
1111111111011000001000110100101000100000000000000000000000000000000010
1110100101000001101000110101001001100000000000000000000000000000000010
1111010100100110000010110011010010100000000000000000000000000000000010
1110100111010111111001101101001010100000000000000000000000000000000010
1111111101001010011001001101011010100000000000000000000000000000000010
1110011101110111011001000110100000000000000000000000000000000000000010
1110111101011001010111011010101111100000000000000000000000000000000010
1111010111000010101011001101011110100000000000000000000000000000000010
1111001000100000000010011011111110000000000000000000000000000000000010
1111001101101010101100000111110110000000000000000000000000000000000010
1110011010100110011011101110111000100000000000000000000000000000000010
1110010001111000001001000101001111100000000000000000000000000000000010
1111010010110100001000110111100100000000000000000000000000000000000010
1111100111000011110110110111110111100000000000000000000000000000000010
1111011001100000100111101011011111100000000000000000000000000000000010
1110100100001100001111010101110011000000000000000000000000000000000010
1111000000101100101110111000010100000000000000000000000000000000000010
1110000100110111010000000110110111000000000000000000000000000000000010
1110000011000001000111111110011110100000000000000000000000000000000010
1110011000111000100011111010100111100000000000000000000000000000000010
1110010001110000101110111001010011000000000000000000000000000000000010
1110000001101101100000100000010010100000000000000000000000000000000010
1110000011000001000111111110011110100000000000000000000000000000000010
1110100001110100110011110100000111000000000000000000000000000000000010
1110000010001011101100100111111101100000000000000000000000000000000010
1111000000110010010011100110001010000000000000000000000000000000000010
1110100000100001111111001100111110100000000000000000000000000000000010
1110110010100110110010000001010110100000000000000000000000000000000010
1110000100001001010000100110011110000000000000000000000000000000000010
1110111110110000100011101111000101000000000000000000000000000000000010
1111011001100000100111101011011111100000000000000000000000000000000010
1110110101011110011000101001111100100000000000000000000000000000000010
1110010100101011100001110010001111000000000000000000000000000000000010
1110101101110100101010101111110011000000000000000000000000000000000010
1110101000010101101010011100111111100000000000000000000000000000000010
1111001100000100001010111111000100000000000000000000000000000000000010
1110000000001110010010111010000011000000000000000000000000000000000010
1111101101010111101110100011101110000000000000000000000000000000000010
1110011100010110111011101010011011000000000000000000000000000000000010
1110010101000110000110110110000101100000000000000000000000000000000010
1110001101000110101000011111101011000000000000000000000000000000000010
1110100001100000001000111101111011100000000000000000000000000000000010
1111111110011001010111100110011101000000000000000000000000000000000010
1110111001000010000111111111101011000000000000000000000000000000000010
1111011010000010100000000011111011000000000000000000000000000000000010
1111100011010111011101001101110001000000000000000000000000000000000010
1110101001011100011110001011011010100000000000000000000000000000000010
1110100010111010001011011011001001100000000000000000000000000000000010
1111000000111110011000100010100101100000000000000000000000000000000010
1110110111101100001001110101010111000000000000000000000000000000000010
1111001101100000000011111000110101100000000000000000000000000000000010
1110011000010000100101111100101010000000000000000000000000000000000010
1110111010111111001100101100100000000000000000000000000000000000000010
1110010111111010110011111011100101000000000000000000000000000000000010
1111110010100010011101010111101001100000000000000000000000000000000010
1110011000001101000111110110101011000000000000000000000000000000000010
1110000000001000011110011100010101100000000000000000000000000000000010
1110010011111001011101110001011000100000000000000000000000000000000010
1110111110101100010101110001001000100000000000000000000000000000000010
1110000000010110111110110111001110100000000000000000000000000000000010
1110100101011001010100111001000011100000000000000000000000000000000010
1111011001111001111110011001001111100000000000000000000000000000000010
1111001011011111000000110110011111000000000000000000000000000000000010
1110001000010010001101000001100111100000000000000000000000000000000010
1111100100010101011110000101001100000000000000000000000000000000000010
1111010111110111100010011101010100100000000000000000000000000000000010
1111111111010101100010111001010111000000000000000000000000000000000010
1111011010000010100100110101001000000000000000000000000000000000000010
1110111100010110011111110101110010100000000000000000000000000000000010
1110100110011011101000000100111100000000000000000000000000000000000010
1110000000010001111011110111111001000000000000000000000000000000000010
1111000111111001001101111110011111100000000000000000000000000000000010
1110110000110011010101100101010000000000000000000000000000000000000010
1110001100011000111000011100110000000000000000000000000000000000000010
1110010100010101011101110110111101000000000000000000000000000000000010
1110000001101110001000101100111011100000000000000000000000000000000010
1110100000110111001010010111011000100000000000000000000000000000000010
1110000011010001101110011001010110100000000000000000000000000000000010
1111110101001111111110111011111010000000000000000000000000000000000010
1111000111110001001001011111111001100000000000000000000000000000000010
1111100110001000010101011111111101000000000000000000000000000000000010
1111000111101100011110001001011011100000000000000000000000000000000010
1110001001101101010110001111010110000000000000000000000000000000000010
1111100011110010011011110011100111100000000000000000000000000000000010
1111100100001000000101110111110101100000000000000000000000000000000010
1110000011101000111101101010010011000000000000000000000000000000000010
1110001101111001000111011110111100100000000000000000000000000000000010
1111111001110011101011100101111001000000000000000000000000000000000010
1111001110100010000100010011101110000000000000000000000000000000000010
1111111001111010001100110110101101100000000000000000000000000000000010
1111001010011000101111001011111010100000000000000000000000000000000010
1111001110000100011101001111000010000000000000000000000000000000000010
1110110111010010010100110110011001000000000000000000000000000000000010
1110011001001101101011100010111111100000000000000000000000000000000010
1110001010100111100011000100001010000000000000000000000000000000000010
1111001100001110000111100010010001000000000000000000000000000000000010
1110010000010010001010101110011100000000000000000000000000000000000010
1110000011011101000010100011101111100000000000000000000000000000000010
1111110000100100011011010100111101100000000000000000000000000000000010
1110000000111010010011101011110001000000000000000000000000000000000010
1110101000001011010111011111001100100000000000000000000000000000000010
1111001010111101001111110100101001100000000000000000000000000000000010
1111001010110000000001001101010101100000000000000000000000000000000010
1110010101010101000011000001010111000000000000000000000000000000000010
1110010010000111111000001000110111100000000000000000000000000000000010
1111100111001101010001001111011000000000000000000000000000000000000010
1110001010011010000100000111110101000000000000000000000000000000000010
1111011110010101010110001110010101000000000000000000000000000000000010
1111000101110001101101101010101000000000000000000000000000000000000010
1111010011000001110110111111000010000000000000000000000000000000000010
1110111100110010100010110110101111000000000000000000000000000000000010
1110101011001000000100111000011110000000000000000000000000000000000010
1110010111000011001100110001110000100000000000000000000000000000000010
1110100000010100010110010010100011100000000000000000000000000000000010
1110010100001001000000100100110111100000000000000000000000000000000010
1111101010000101100100101001010011100000000000000000000000000000000010
1111011001001111101000110101001000000000000000000000000000000000000010
1110101000110000000010011101100110100000000000000000000000000000000010
1110010011011011100100101101011111100000000000000000000000000000000010
1110000011000000010101010010010011000000000000000000000000000000000010
1110100010010010101110000111110100100000000000000000000000000000000010
1111000111100000010011010010100010100000000000000000000000000000000010
1111110101011001001000010010010011100000000000000000000000000000000010
1111000110000000000100100100101111100000000000000000000000000000000010
1111001100100101101010011111110000100000000000000000000000000000000010
1111101001101111110001010001011010000000000000000000000000000000000010
1111110000100111100011111001110101000000000000000000000000000000000010
1110110110010001011010110010100011100000000000000000000000000000000010
1111010101100101101101001010101011000000000000000000000000000000000010
1111111101011011010000101100001010000000000000000000000000000000000010
1111111001100101100100011011100011000000000000000000000000000000000010
1111100110001001001011010001000011000000000000000000000000000000000010
1111110001101110111110010000100110100000000000000000000000000000000010
1111100111010010100010001110000010100000000000000000000000000000000010
1111000001100100000001011010001011000000000000000000000000000000000010
1110011010100110100000110001111101000000000000000000000000000000000010
1110010010011100110110011000111011100000000000000000000000000000000010
1111101011000010000010000011111000100000000000000000000000000000000010
1110000011101000011111101111010110100000000000000000000000000000000010
1111010111011011111100011010001110000000000000000000000000000000000010
1110001001100110100000000010001101100000000000000000000000000000000010
1110011000100001100111110010100101000000000000000000000000000000000010
1110000101111100111111001110010110000000000000000000000000000000000010
1110001101011101101011110010100101000000000000000000000000000000000010
1110100000110101110111011011000110000000000000000000000000000000000010
1111010100000001010011100010110101100000000000000000000000000000000010
1110010001111100001001100111100111000000000000000000000000000000000010
1111100110001100000110001110111111000000000000000000000000000000000010
1110001111001101100000111101111111000000000000000000000000000000000010
1110101000101110111110100110111100000000000000000000000000000000000010
1111110111010100010001100111001101000000000000000000000000000000000010
1111001000100100100110100010111100000000000000000000000000000000000010
1111000001101011101110110101000010000000000000000000000000000000000010
1111101001000100111001110001111101100000000000000000000000000000000010
1111010111111100011101111011010100000000000000000000000000000000000010
1111001001000010000110011011110001000000000000000000000000000000000010
1111110101010000000110100111001001000000000000000000000000000000000010
1111011001100110101100110110101000100000000000000000000000000000000010
1111110000000011110101011100010011000000000000000000000000000000000010
1111101110111010100110011011000110000000000000000000000000000000000010
1110100011111001011001110011000101000000000000000000000000000000000010
1110100100101110010110110011010101100000000000000000000000000000000010
1111100110001000001101001001101001100000000000000000000000000000000010
1111101000001001000110110111100101100000000000000000000000000000000010
1110100001111000011001011000101100000000000000000000000000000000000010
1111011101100000110010100010010011000000000000000000000000000000000010
1110111010001010100010000011110000100000000000000000000000000000000010
1111101101010101111011111111001111100000000000000000000000000000000010
1111001001011000000011111110111000100000000000000000000000000000000010
1111010011101110100110000111010101000000000000000000000000000000000010
1110110111010111011110111010100011100000000000000000000000000000000010
1110101110000000101001001001000011000000000000000000000000000000000010
1111000111011000010110100100110110000000000000000000000000000000000010
1110110001111110000111000000011010000000000000000000000000000000000010
1111010001011010100010000000011010000000000000000000000000000000000010
1110010100101010101001010011111011100000000000000000000000000000000010
1110100111011101011010100011000000000000000000000000000000000000000010
1110011011110110010100000000110011100000000000000000000000000000000010
1111101111010100000001000110001001100000000000000000000000000000000010
1111010111111100100101100001000011100000000000000000000000000000000010
1110101001110101010000101111010111100000000000000000000000000000000010
1111010110010111010100010111000001000000000000000000000000000000000010
1110010000000110100111111001100101000000000000000000000000000000000010
1110110001100111100100110000110101000000000000000000000000000000000010
1111100010111001110000110111101101100000000000000000000000000000000010
1110000110010010010011110011110101100000000000000000000000000000000010
1111111011100010000111111111000001100000000000000000000000000000000010
1111001110001111101101110000011100000000000000000000000000000000000010
1111110110100101000001101000001111100000000000000000000000000000000010
1110001111001010010011000101101111000000000000000000000000000000000010
1111100101110111000101111010000101000000000000000000000000000000000010
1110100011101001100110101100111011100000000000000000000000000000000010
1111100011000110100000010100111100000000000000000000000000000000000010
1110110110000110001010011011010100100000000000000000000000000000000010
1111011010110100010111111100001110000000000000000000000000000000000010
1111101000001111110100111000100111000000000000000000000000000000000010
1111101010001110111111111101111100000000000000000000000000000000000010
1110100100001000011010101011100101000000000000000000000000000000000010
1111010011010110010010101011011010000000000000000000000000000000000010
1111000110011001100111100001011101100000000000000000000000000000000010
1111010000011101111101001110111111000000000000000000000000000000000010
1110001111100001000100111001101110000000000000000000000000000000000010
1110000000000000010100010001010101000000000000000000000000000000000010
1111100111111101111011110111101011100000000000000000000000000000000010
1111001001110010111110110001111100100000000000000000000000000000000010
1110001001110000110100101111101010100000000000000000000000000000000010
1110000001101110111110111001010101000000000000000000000000000000000010
1110011000111001011110110010001110000000000000000000000000000000000010
1110100111101011001010111110011010100000000000000000000000000000000010
1110110100010001101001111101111111100000000000000000000000000000000010
1110001010100100111101110011010100100000000000000000000000000000000010
1110011000111110010111010011011001100000000000000000000000000000000010
1111011011100110010100101111011110000000000000000000000000000000000010
1110011110000100100110101101111101100000000000000000000000000000000010
1111100001010011100000111011101100000000000000000000000000000000000010
1110101100111100101000110010001010100000000000000000000000000000000010
1111011001110100011001101111111111000000000000000000000000000000000010
1110000110010101110011110111111110100000000000000000000000000000000010
1111110010100010110011101000110000100000000000000000000000000000000010
1111000110101000000111000111001011000000000000000000000000000000000010
1110101000100101110110100100111101100000000000000000000000000000000010
1111100000110101100101100101011101100000000000000000000000000000000010
1110000101001000001111110100001010100000000000000000000000000000000010
1111100101011111010111011110100101000000000000000000000000000000000010
1111100000011000010100001100000111100000000000000000000000000000000010
1111000011011101001001011011010110100000000000000000000000000000000010
1111000111000000011101000111010101100000000000000000000000000000000010
1111010100100100111011111111001011000000000000000000000000000000000010
1111111011101010000110001101101111100000000000000000000000000000000010
1111100010001010100100111010000110000000000000000000000000000000000010
1111011110000001110001110001110001000000000000000000000000000000000010
1110001101100110001010110001010011000000000000000000000000000000000010
1111001111010010000010010101111000000000000000000000000000000000000010
1111010100011101100001110010101000100000000000000000000000000000000010
1111100010100001001111001001111110100000000000000000000000000000000010
1111001001111001010010100001011100000000000000000000000000000000000010
1111000010111111001010100010010111100000000000000000000000000000000010
1110111011110101011001000100001100000000000000000000000000000000000010
1110111100000010111111011011110101100000000000000000000000000000000010
1110101000000010010001000101000111100000000000000000000000000000000010
1110101010001001110010101010110111000000000000000000000000000000000010
1111101001111010110010110100000010100000000000000000000000000000000010
1110000001000101101100001111010010100000000000000000000000000000000010
1110010110001100111001011011111001100000000000000000000000000000000010
1111001001001101111100000111101110100000000000000000000000000000000010
1111111101101011001000001000110101100000000000000000000000000000000010
1110100110111100000011011011011101000000000000000000000000000000000010
1110100011101001001110111100001000100000000000000000000000000000000010
1110000110010000110100011001001010100000000000000000000000000000000010
1111010000110001001100110011111000100000000000000000000000000000000010
1110011100000011110010001001001100100000000000000000000000000000000010
1110010011100100101100010110001101100000000000000000000000000000000010
1111111100000010001111111010101001000000000000000000000000000000000010
1111100001000100100110101100011000100000000000000000000000000000000010
1111111010011100010110100001100011100000000000000000000000000000000010
1110001101011110100100101111100001100000000000000000000000000000000010
1110110101010001111011100110010001100000000000000000000000000000000010
1110100000000000101111100111101111000000000000000000000000000000000010
1110110111000111001010000100111111000000000000000000000000000000000010
1111000011001111100000100110101000100000000000000000000000000000000010
1111100110101101101100100110011010100000000000000000000000000000000010
1110000010001110000010001110101100100000000000000000000000000000000010
1111010001000100100010111111111111100000000000000000000000000000000010
1111010011010000000100100110110100100000000000000000000000000000000010
1111110011010101000111011110001001100000000000000000000000000000000010
1111000010110100101001001111010110000000000000000000000000000000000010
1111011000111000001001001001101111100000000000000000000000000000000010
1111011011000011100011011000000101100000000000000000000000000000000010
1110000111010001111101011100100111000000000000000000000000000000000010
1111011011000000001101000110011110100000000000000000000000000000000010
1111010101111001101011011101101111000000000000000000000000000000000010
1110100011000101001010100011011101000000000000000000000000000000000010
1110111110000011000110011100111011000000000000000000000000000000000010
1110110111010010000001100001010110100000000000000000000000000000000010
1111100000001100110101101100011000000000000000000000000000000000000010
1110100010000111110101101111000010000000000000000000000000000000000010
1111000101000011101111111001110011100000000000000000000000000000000010
1110100011101010101110011010011111100000000000000000000000000000000010
1110110011001001000110111000000000100000000000000000000000000000000010
1111000001100000010101011000100100000000000000000000000000000000000010
1111001110110100001010111000011011100000000000000000000000000000000010
1110111011001110100111111110000001000000000000000000000000000000000010
1110000001001000100100000110001110100000000000000000000000000000000010
1110110101110101000000101100011101100000000000000000000000000000000010
1110000100100000000110001101111000000000000000000000000000000000000010
1111011001111001101011100111011011100000000000000000000000000000000010
1110110101000000000000000111000110100000000000000000000000000000000010
1111010111001001101000110011111101100000000000000000000000000000000010
1110100010110000001110010001010111000000000000000000000000000000000010
1110011001110101010001111101100011000000000000000000000000000000000010
1111111100100010000101101011000010100000000000000000000000000000000010
1111010111010000000110111100111101000000000000000000000000000000000010
1110111011000100001111011111111111100000000000000000000000000000000010
1110000000000011111001001100110101000000000000000000000000000000000010
1111101010000010101010011011100110000000000000000000000000000000000010
1110111001100110011101110111111111100000000000000000000000000000000010
1111110010000010001110011010101011100000000000000000000000000000000010
1111110000100101111011001111010100100000000000000000000000000000000010
1111110010011010101001100110110110000000000000000000000000000000000010
1110111010010001100111010101101100100000000000000000000000000000000010
1110101110110111001101110100001010100000000000000000000000000000000010
1110000001110111000110100011000100100000000000000000000000000000000010
1110010000001111111001001100110111000000000000000000000000000000000010
1111001100000100101011101110101001000000000000000000000000000000000010
1111000001111101000010010001111110100000000000000000000000000000000010
1111010001110011100110000101100101100000000000000000000000000000000010
1111111001100110000001111110010011000000000000000000000000000000000010
1110100001010001101011001111000000100000000000000000000000000000000010
1110001000011100100101010011011010000000000000000000000000000000000010
1110100100101111000101000111011101000000000000000000000000000000000010
1110100110111101110010001001101111100000000000000000000000000000000010
1111110101011101110010110111101011100000000000000000000000000000000010
1110101100001000001101111101111101100000000000000000000000000000000010
1110010000100000000111101101111100000000000000000000000000000000000010
1111101011011001100010101000010111000000000000000000000000000000000010
1110100111111001101001100101111001000000000000000000000000000000000010
1110110001111010000101011011000001000000000000000000000000000000000010
1111010000111001000000111010000011100000000000000000000000000000000010
1111100110011000111111000011010000000000000000000000000000000000000010
1110001000010010001101000001100111100000000000000000000000000000000010
1111011110100000111101010110111101100000000000000000000000000000000010
1110101010011011000111110000110100100000000000000000000000000000000010
1111101010001000111010110110110111000000000000000000000000000000000010
1110010010100111000101101001101110100000000000000000000000000000000010
1110000010101100101011110110110010000000000000000000000000000000000010
1110100001100001111011101011010001000000000000000000000000000000000010
1110011001011100110010100101011011000000000000000000000000000000000010
1110010011101010001101011001010010100000000000000000000000000000000010
1110010011100000101111111100001011000000000000000000000000000000000010
1110110110000100010011000000100100000000000000000000000000000000000010
1111100011010000010111000111110110000000000000000000000000000000000010
1110010011101111001010101100010000000000000000000000000000000000000010
1110011001001010101100011011001001000000000000000000000000000000000010
1111011110000011000011100101010110000000000000000000000000000000000010
1111011111010010010010100110100111000000000000000000000000000000000010
1110001111010010100011101111111110000000000000000000000000000000000010
1110111000001011101010110011111011000000000000000000000000000000000010
1110110111001000001110011100111111000000000000000000000000000000000010
1110001100010011101011001010001101000000000000000000000000000000000010
1110011110000000100110101010000110000000000000000000000000000000000010
1110101111000100110000100010010000000000000000000000000000000000000010
1110110001001001101110000010011011000000000000000000000000000000000010
1110001111000110110111110001111100100000000000000000000000000000000010
1111011001101000111000101111011111100000000000000000000000000000000010
1111010010011101101010011110011011100000000000000000000000000000000010
1111010110010011101001001101111011000000000000000000000000000000000010
1111001110101000100001010111111100100000000000000000000000000000000010
1110010101011011011100111110110110000000000000000000000000000000000010
1111001110001011110001110111110101000000000000000000000000000000000010
1110101000110010100101111110111001100000000000000000000000000000000010
1111000000001000100011001101011100000000000000000000000000000000000010
1110000100011000100111101011001000000000000000000000000000000000000010
1110100001000010100011100010111110100000000000000000000000000000000010
1110000000110011000101111111101011000000000000000000000000000000000010
1111001110010101110111010001110010000000000000000000000000000000000010
1110101011101000000001011010101000100000000000000000000000000000000010
1110101010100111100001000011110101100000000000000000000000000000000010
1110001110010110011110100010111100000000000000000000000000000000000010
1111011001010101010011010110001101100000000000000000000000000000000010
1111101010110101111111100111100010000000000000000000000000000000000010
1110101110111000001111110000101101100000000000000000000000000000000010
1111010010001110101011100110010110000000000000000000000000000000000010
1110100101110111111110001011101011000000000000000000000000000000000010
1111011101100111001000001111011101100000000000000000000000000000000010
1111011101100101010111111101101001100000000000000000000000000000000010
1110011000011111100100010101101100100000000000000000000000000000000010
1111001110011100001111110100100001100000000000000000000000000000000010
1110011010101001001010010010000011100000000000000000000000000000000010
1110000011001100111110000110101101000000000000000000000000000000000010
1110001000101111111111010111101111000000000000000000000000000000000010
1111001100011000010001011101000111100000000000000000000000000000000010
1111001010001101011101011001010101100000000000000000000000000000000010
1110000000000001110100010101001110100000000000000000000000000000000010
1110000000101101000110001111000000000000000000000000000000000000000010
1110000101100111100010100111000011000000000000000000000000000000000010
1111110101010001010010010011010011100000000000000000000000000000000010
1110011101001011110010110011001111100000000000000000000000000000000010
1110100001010111010010011110101110000000000000000000000000000000000010
1110111010100010011011101101010000100000000000000000000000000000000010
1110011110101001000011000111111011100000000000000000000000000000000010
1111100111111111111001100001110100100000000000000000000000000000000010
1110100111100000100110011110001000000000000000000000000000000000000010
1110010010111110011101101100100011100000000000000000000000000000000010
1110001011000001010110111011111100100000000000000000000000000000000010
1110011110010111010110010101011001000000000000000000000000000000000010
1110110100010000111111101000110000000000000000000000000000000000000010
1110001111110111010111100000000110000000000000000000000000000000000010
1110111100010101110001111000100101000000000000000000000000000000000010
1110111111001101010101110011010110000000000000000000000000000000000010
1110101110110000011111110100111000000000000000000000000000000000000010
1110010011010110111010001000100000100000000000000000000000000000000010
1111101101010000100101010011010000100000000000000000000000000000000010
1110101000001100010001100001000011100000000000000000000000000000000010
1110000010111111000011110111110101100000000000000000000000000000000010
1111011011000101010101110001010111000000000000000000000000000000000010
1111101110100001011001100101100010000000000000000000000000000000000010
1110100101100000011010101100110000100000000000000000000000000000000010
1110000101110111110001101000110101100000000000000000000000000000000010
1111100011110001101110100000001001100000000000000000000000000000000010
1111100100101000110011101100111001000000000000000000000000000000000010
1110110011110001000111010001010111100000000000000000000000000000000010
1110101110100010111110101111000011100000000000000000000000000000000010
1111110011111001000110100000101110100000000000000000000000000000000010
1110011100010100000010110011111011100000000000000000000000000000000010
1111010001001110011010010011100010100000000000000000000000000000000010
1111111111101101000100100001011000000000000000000000000000000000000010
1110101101001010010111001010100110000000000000000000000000000000000010
1111111100101100101010011111011100000000000000000000000000000000000010
1110011010100101110011001011101010100000000000000000000000000000000010
1111110110100110110011001011010111100000000000000000000000000000000010
1110101110101001001011110010001100100000000000000000000000000000000010
1111111000010000101101111001110000100000000000000000000000000000000010
1110000010001101010010000010110011100000000000000000000000000000000010
1111101010101111011011011011110000100000000000000000000000000000000010
1110010111000001010000110011111010100000000000000000000000000000000010
1111010110110011100011000000110011100000000000000000000000000000000010
1111011010111001011011100000011111100000000000000000000000000000000010
1110000001100000000111010101011000000000000000000000000000000000000010
1110111001100101011100111110010111100000000000000000000000000000000010
1111111000100000100110100000010010100000000000000000000000000000000010
1111111110111011001001111000010110000000000000000000000000000000000010
1111110001011011100000110010010000000000000000000000000000000000000010
1111101001000100011100000111110101000000000000000000000000000000000010
1110001000001111100111100100111001000000000000000000000000000000000010
1110111001111011110101011000011001100000000000000000000000000000000010
1111110001100001110010010100011110000000000000000000000000000000000010
1111000101000010100101111010011111000000000000000000000000000000000010
1111100100011101011100101011010001100000000000000000000000000000000010
1110010000001100101111000111110111000000000000000000000000000000000010
1110110101101111010011100100001011100000000000000000000000000000000010
1111001011001101100000111001010011000000000000000000000000000000000010
1111100000111101110111010111000100100000000000000000000000000000000010
1110000110000010100110101111000000000000000000000000000000000000000010
1111110000100111110110101000111011100000000000000000000000000000000010
1110000100101101010110101111011011000000000000000000000000000000000010
1111110101000110110110000011100111100000000000000000000000000000000010
1111111111110011100111010110101101100000000000000000000000000000000010
1110100100100101101111001010101101100000000000000000000000000000000010
1110110010000011010101001010111010000000000000000000000000000000000010
1111010101100101000010111001110001100000000000000000000000000000000010
1110101100110010100011001001101110000000000000000000000000000000000010
1110001010100111000111110011011100000000000000000000000000000000000010
1110001101100111111001001000010110100000000000000000000000000000000010
1111100110010111000110000101111100100000000000000000000000000000000010
1111100101010111101100011111111100000000000000000000000000000000000010
1110101100100000011001100000111110000000000000000000000000000000000010
1110101101101111110110011111110011100000000000000000000000000000000010
1110110110011111110101001111100110100000000000000000000000000000000010
1110001010100111000101010100111000100000000000000000000000000000000010
1110010111101100111111110111000011000000000000000000000000000000000010
1110110111101101100011111001011010100000000000000000000000000000000010
1111000001011110100110000001000100100000000000000000000000000000000010
1110101001111000111100110100000111100000000000000000000000000000000010
1110011110101101111101001101010000100000000000000000000000000000000010
1111100100001110101001100011111000100000000000000000000000000000000010
1110100000001111110111100100110000000000000000000000000000000000000010
1111000001001000110111101100001010100000000000000000000000000000000010
1110000100000000010110000010010110100000000000000000000000000000000010
1110110010001000111011100101101000000000000000000000000000000000000010
1110010011100010100011111001100001000000000000000000000000000000000010
1110010001010111101111111110101010100000000000000000000000000000000010
1110000100110110000011110010101110100000000000000000000000000000000010
1110100010001001000110011101111100000000000000000000000000000000000010
1110001000101110101110011100001001100000000000000000000000000000000010
1111101111010001000100110000000111000000000000000000000000000000000010
1110110000101111010101111110010111000000000000000000000000000000000010
1111110001110001111111110011011000100000000000000000000000000000000010
1111011010110100110111001010011000100000000000000000000000000000000010
1111110101111011011101100001011100000000000000000000000000000000000010
1110011110000100100110101101111101100000000000000000000000000000000010
1111100010101000010011111111000111000000000000000000000000000000000010
1111111010111101110111000010111000100000000000000000000000000000000010
1110000100100000001001110011100101000000000000000000000000000000000010
1111101110000100110100110101010011100000000000000000000000000000000010
1111101001000111101010011111110001000000000000000000000000000000000010
1110101000111001110011000011110011100000000000000000000000000000000010
1111100000101000000110110100010100100000000000000000000000000000000010
1110000100110000001100000101111010100000000000000000000000000000000010
1110001111000001111000011000001011100000000000000000000000000000000010
1111110110000011011010100100011100100000000000000000000000000000000010
1111011010010101100100110101011100100000000000000000000000000000000010
1110000001100000000111010101011000000000000000000000000000000000000010
1111010101001010110110110111011101000000000000000000000000000000000010
1111111000100010011010111101001101100000000000000000000000000000000010
1110101000011111110000010100001001100000000000000000000000000000000010
1111111100011010000100010101101111000000000000000000000000000000000010
1111001000000000010100111011100111100000000000000000000000000000000010
1111101000001100000011010000101010100000000000000000000000000000000010
1110000110110000010000100101110100100000000000000000000000000000000010
1111001000000010000111001110111010100000000000000000000000000000000010
1110111000101100100001111101000010000000000000000000000000000000000010
1111000010110010100011000101110011100000000000000000000000000000000010
1110100000100010000100000000101000100000000000000000000000000000000010
1110101110110010100101110010001111100000000000000000000000000000000010
1110001111000010110000001001000001100000000000000000000000000000000010
1111000000111110000111001000110001000000000000000000000000000000000010
1111110100101001010110000001011000000000000000000000000000000000000010
1111011110101010001000010111111010000000000000000000000000000000000010
1110001110110110001010100011101001000000000000000000000000000000000010
1111001110000011000010111011000110100000000000000000000000000000000010
1111100100011100101111001111011111000000000000000000000000000000000010
1110110001000111000111011011110100000000000000000000000000000000000010
1110001001001100010111101111001010000000000000000000000000000000000010
1110100111000101101010001111011010000000000000000000000000000000000010
1111000110001100010111111111011100000000000000000000000000000000000010
1111110101000001011010011010011001000000000000000000000000000000000010
1111011000111100110011000111010111100000000000000000000000000000000010
1111000011101001001100001111001011100000000000000000000000000000000010
1110010000001111100110010101011101100000000000000000000000000000000010
1111111010001111000111111000101011100000000000000000000000000000000010
1110100010110011001010011101110001100000000000000000000000000000000010
1110011010011101111001100111101010100000000000000000000000000000000010
1110010001100010101011111111001101100000000000000000000000000000000010
1111100100011111010010001100001110000000000000000000000000000000000010
1110000010101000000101111000010010100000000000000000000000000000000010
1110011101011111111011100111111011100000000000000000000000000000000010
1110111100100000101110100010100000000000000000000000000000000000000010
1110101101100001100011010010011101000000000000000000000000000000000010
1110001000110000001101010101001110000000000000000000000000000000000010
1110011001001011111011001001110011100000000000000000000000000000000010
1111000011100000001111101101111000000000000000000000000000000000000010
1111110001100101110011111100001000100000000000000000000000000000000010
1110110110000110010000001011110010000000000000000000000000000000000010
1110101000001111001110010001000010100000000000000000000000000000000010
1111000111000101111101001010011111000000000000000000000000000000000010
1110011010011111111001100000101001100000000000000000000000000000000010
1110111010100111010110101000010110100000000000000000000000000000000010
1111110010011011101010110101110011000000000000000000000000000000000010
1111000010100110100110101011111001000000000000000000000000000000000010
1110101001010101011011110111001111000000000000000000000000000000000010
1111101000001101001111110110010111100000000000000000000000000000000010
1110000100111000111100011110111001000000000000000000000000000000000010
1110010010100100000110001110001111100000000000000000000000000000000010
1110011101010010001010101111101000000000000000000000000000000000000010
1110111100101000001011001011110011000000000000000000000000000000000010
1111100011111001100001000010010001100000000000000000000000000000000010
1110101011111010100010011110011010100000000000000000000000000000000010
1111010000101110011000100010000011000000000000000000000000000000000010
1110010100000001011111001101011111100000000000000000000000000000000010
1111000010000011010101001100000100000000000000000000000000000000000010
1111101010010001001001111101011001100000000000000000000000000000000010
1110000010110000011011011100101010100000000000000000000000000000000010
1110001101101010101100010011100011100000000000000000000000000000000010
1111000110011110110100101001101000100000000000000000000000000000000010
1111001110110000001111111110110010100000000000000000000000000000000010
1111110001111000000010011100011001000000000000000000000000000000000010
1111010000111011001100001010111100000000000000000000000000000000000010
1111010000000110110001111010001001000000000000000000000000000000000010
1110111011000111111100011101001001000000000000000000000000000000000010
1111100111000110110001000010011101100000000000000000000000000000000010
1110011000011110110011000101110000100000000000000000000000000000000010
1111000111001010011011011001101011000000000000000000000000000000000010
1110011010100110100101111101000111100000000000000000000000000000000010
1110100010111111111001000101111001000000000000000000000000000000000010
1111101001101110110000110001110100100000000000000000000000000000000010
1110011101000001001000000101101010000000000000000000000000000000000010
1111100101000001111100011110000100000000000000000000000000000000000010
1111000110101110011100100000000011000000000000000000000000000000000010
1111111101000001111011101010111111000000000000000000000000000000000010
1111110100110001010011000101101111000000000000000000000000000000000010
1111010100100011011001111110001010100000000000000000000000000000000010
1110001110000001010111100100001101000000000000000000000000000000000010
1110000001001000100101000010110111100000000000000000000000000000000010
1111000101000100101010111011110001100000000000000000000000000000000010
1110110110001001101001110011100100100000000000000000000000000000000010
1111100000000001001101111101100011100000000000000000000000000000000010
1110010111000001000110101010110110100000000000000000000000000000000010
1111101101001001011100101010101000100000000000000000000000000000000010
1111101000100010011111001100110100100000000000000000000000000000000010
1111100101110101001101000111000010000000000000000000000000000000000010
1111001001001011111010101010101010100000000000000000000000000000000010
1111000111000101010101011111111010000000000000000000000000000000000010
1111010110101011010111111100101000100000000000000000000000000000000010
1111101101111000000000100100000011100000000000000000000000000000000010
1111010000010010001011100100111010000000000000000000000000000000000010
1110010000101101000000001100101011000000000000000000000000000000000010
1111110110011011101111110000110100000000000000000000000000000000000010
1111011001110000111101001110111101100000000000000000000000000000000010
1111100000000111010000000000111111100000000000000000000000000000000010
1111101111101110100000110001001011000000000000000000000000000000000010
1110111110100101110100000100111100000000000000000000000000000000000010
1110001000000001110100010010101111100000000000000000000000000000000010
1110010100000001010001111111100101000000000000000000000000000000000010
1111010110010101101100011011110111100000000000000000000000000000000010
1110100010101100101001110101010001000000000000000000000000000000000010
1111011010011100110010001001111111000000000000000000000000000000000010
1110101101100001111101100011011111100000000000000000000000000000000010
1111010110011001010011111011110001000000000000000000000000000000000010
1110100111011011101010000110110001000000000000000000000000000000000010
1111010010100101010110110000110110100000000000000000000000000000000010
1110011011110110110011000010001100000000000000000000000000000000000010
1111011011001000000011001001010111000000000000000000000000000000000010
1110000000001100010100101011110001100000000000000000000000000000000010
1110010110100101101101111011001001100000000000000000000000000000000010
1110001011111011011010110110100010100000000000000000000000000000000010
1111110000001001100111110101110100100000000000000000000000000000000010
1110110001001100100011111100101101100000000000000000000000000000000010
1110001111101001101001111101011100100000000000000000000000000000000010
1111000111110000101010001000111101100000000000000000000000000000000010
1110010011111010100100110101101011100000000000000000000000000000000010
1111100111001111100001111101101101000000000000000000000000000000000010
1110011000001101111111011011111011000000000000000000000000000000000010
1111110100010011010011100110101010000000000000000000000000000000000010
1110100011001100011111110010101011000000000000000000000000000000000010
1110110010111000010110010010111011100000000000000000000000000000000010
1110000111010111010111111010000011100000000000000000000000000000000010
1111001111111111001100111011111001000000000000000000000000000000000010
1110101100000100010011100110011111100000000000000000000000000000000010
1110001111001000100100100000110110100000000000000000000000000000000010
1110001011001111101100100100010110000000000000000000000000000000000010
1110011001110001010100110010111011100000000000000000000000000000000010
1110000101100000000111100000001011000000000000000000000000000000000010
1111111101100111111001100001100001100000000000000000000000000000000010
1110100001000100011111101111111110100000000000000000000000000000000010
1111111110001001100011111011001111100000000000000000000000000000000010
1111010111110001100101111001111111100000000000000000000000000000000010
1110001000000100000011001101110011000000000000000000000000000000000010
1110000000100100111110101011001110100000000000000000000000000000000010
1111110101011111100110000101101111000000000000000000000000000000000010
1110111000001100000101010010110001000000000000000000000000000000000010
1111111101011100110001111011111010000000000000000000000000000000000010
1111001100010100110101101101011110100000000000000000000000000000000010
1110101000110111111001001101010010000000000000000000000000000000000010
1111101001100000100010110011101001000000000000000000000000000000000010
1111010001010100001010011011111001100000000000000000000000000000000010
1110000001011110000101101101011000100000000000000000000000000000000010
1110000010101101111100100110000001100000000000000000000000000000000010
1111111000001010100100000011000100100000000000000000000000000000000010
1111100011001100000011111010010101100000000000000000000000000000000010
1110111010000010110110011010011100000000000000000000000000000000000010
1110100101101101011010101100001111100000000000000000000000000000000010
1111110101000100100010101000010110000000000000000000000000000000000010
1110101001000101101110110010011111100000000000000000000000000000000010
1111100010000010101011110110000111100000000000000000000000000000000010
1111110111010010001010111011011001000000000000000000000000000000000010
1110011100100001110101100101101111100000000000000000000000000000000010
1110100101101010110111001010010100000000000000000000000000000000000010
1110001000101110001010111111000111000000000000000000000000000000000010
1111110000011000001110101110000101000000000000000000000000000000000010
1111011101101110110100101011101111000000000000000000000000000000000010
1110101110101100001101100010000101000000000000000000000000000000000010
1111011100000000001101110100101100100000000000000000000000000000000010
1110101100010110101100111011110010100000000000000000000000000000000010
1111010110001000001101010011100101000000000000000000000000000000000010
1110000110001101010110011011001111000000000000000000000000000000000010
1110010100010000000001111001110011000000000000000000000000000000000010
1110010001001100111101000011110000100000000000000000000000000000000010
1110001100001001110011101110111111000000000000000000000000000000000010
1111011110011100011000011110001111000000000000000000000000000000000010
1110000110010101110111111100101101100000000000000000000000000000000010
1110000101011000101000110110111011000000000000000000000000000000000010
1110001111011100111111111001101001100000000000000000000000000000000010
1111011001110011011001011111011011100000000000000000000000000000000010
1110011110000101111000111110010100100000000000000000000000000000000010
1110111010011100011000111111111111000000000000000000000000000000000010
1110000110010001100100010001100101100000000000000000000000000000000010
1111110101110010011101111011000010000000000000000000000000000000000010
1111011110110100110010110100001111000000000000000000000000000000000010
1111001011101100100011111000111110100000000000000000000000000000000010
1110001011101011000010111011111110100000000000000000000000000000000010
1110001001010100111000110001100001100000000000000000000000000000000010
1110000000110111101001010000011010000000000000000000000000000000000010
1110010011010101101111111111111001100000000000000000000000000000000010
1110001010110001010111101000001101100000000000000000000000000000000010
1110011110010000000000100000101100100000000000000000000000000000000010
1110001011101000000011101010001110000000000000000000000000000000000010
1110010111001101110011111100010101100000000000000000000000000000000010
1110011110010011000101100000110110000000000000000000000000000000000010
1111101011100001101111100001000011100000000000000000000000000000000010
1111100011100100000110111000101011100000000000000000000000000000000010
1111011101000000000101011101011111100000000000000000000000000000000010
1111111100001111101011000000110111100000000000000000000000000000000010
1110111010110111011101110100111111000000000000000000000000000000000010
1110000010101100011001111110110100100000000000000000000000000000000010
1110111000100000010101101101110101100000000000000000000000000000000010
1110000100001100101111101010001101100000000000000000000000000000000010
1111111000111010011111101011001110000000000000000000000000000000000010
1110001110011101100000101110111101100000000000000000000000000000000010
1111101011110110111001101010001010000000000000000000000000000000000010
1110001010101110011110111101011111100000000000000000000000000000000010
1110010101100110111000100001001000100000000000000000000000000000000010
1110110100011001100111101100111100000000000000000000000000000000000010
1111000011011111010000010101011001100000000000000000000000000000000010
1110011000000110101010110100110000100000000000000000000000000000000010
1110011100110100011101010101010010000000000000000000000000000000000010
1110110010001011010111111100100100000000000000000000000000000000000010
1110010001011011101010110110110101000000000000000000000000000000000010
1110001101110110010110111101000101100000000000000000000000000000000010
1110101010100000001100010100000111000000000000000000000000000000000010
1110001110000001010111100100001101000000000000000000000000000000000010
1110000100000010001110110101000101000000000000000000000000000000000010
1110100010101110000110001001101111100000000000000000000000000000000010
1111110100100100110010111111000101100000000000000000000000000000000010
1110111011000100000100010011010011100000000000000000000000000000000010
1110010110110000111011001000100111100000000000000000000000000000000010
1110000011110111000010111011101001100000000000000000000000000000000010
1110010000100011110111000100111000100000000000000000000000000000000010
1110001011001100101100101101100001000000000000000000000000000000000010
1110111111111111111011101100101101000000000000000000000000000000000010
1111011001010100001101111001010110000000000000000000000000000000000010
1110100000011111011001101101011011000000000000000000000000000000000010
1110001110011001101110100101100001000000000000000000000000000000000010
1110110011100010011001011110100001100000000000000000000000000000000010
1111010000000001111110000001101100000000000000000000000000000000000010
1110011010101011001010111000111110100000000000000000000000000000000010
1110010010100000101111110000100010100000000000000000000000000000000010
1111000100001011000110001011100000100000000000000000000000000000000010
1111100010100000000001100111001110100000000000000000000000000000000010
1110010001000010100110111000111101100000000000000000000000000000000010
1110011000001101001100111110010011000000000000000000000000000000000010
1110100000101000011010000011100101100000000000000000000000000000000010
1110001110011010000110010111010010000000000000000000000000000000000010
1111100111000100010101110101111110000000000000000000000000000000000010
1110000111000111010010101010100101100000000000000000000000000000000010
1110101011110100100011011010110111000000000000000000000000000000000010
1111000010101000100001100100001011100000000000000000000000000000000010
1111001000001011011111110111110101000000000000000000000000000000000010
1111001101000010000010101111001100000000000000000000000000000000000010
1110011011110110110011000010001100000000000000000000000000000000000010
1110111001101110001011101001100110100000000000000000000000000000000010
1111010001100001001100110001111001100000000000000000000000000000000010
1111001010000000001111111000001011000000000000000000000000000000000010
1110001100000000111100100011011100100000000000000000000000000000000010
1110010010111010110101001101111001000000000000000000000000000000000010
1111011100000000000010111001001001100000000000000000000000000000000010
1111110110000001110111000000100011100000000000000000000000000000000010
1111111100010000110111000111111001100000000000000000000000000000000010
1111001001111001100010010111010110000000000000000000000000000000000010
1110100111010000010011100000001010100000000000000000000000000000000010
1111010010010101111110100111110100000000000000000000000000000000000010
1110010111111110010101100011111111100000000000000000000000000000000010
1111000101100101001011110111100110100000000000000000000000000000000010
1111011101000101110010111001101111000000000000000000000000000000000010
1110100100110000001111000011000100100000000000000000000000000000000010
1111111101011101000011011111011010100000000000000000000000000000000010
1111100000000001101001001100010000000000000000000000000000000000000010
1111011011011100010100111001000101100000000000000000000000000000000010
1111101010101000001110010111011101000000000000000000000000000000000010
1110000100110011110010111001111110000000000000000000000000000000000010
1111101000001111010001000001100000000000000000000000000000000000000010
1111111001101100000111101111111101100000000000000000000000000000000010
1111101000110100011011101110111010100000000000000000000000000000000010
1110101100011000011111100001110000100000000000000000000000000000000010
1110010100100101100101001101011110000000000000000000000000000000000010
1110001101101100010101110110010010100000000000000000000000000000000010
1110100010101101101000111101101111100000000000000000000000000000000010
1111100111111001101110000010011101100000000000000000000000000000000010
1110001110000010100111110110110011100000000000000000000000000000000010
1111110001110100000110100011000010000000000000000000000000000000000010
1111011000101000101010011000011010100000000000000000000000000000000010
1111111001000001000000000100110111100000000000000000000000000000000010
1110001010000000001100100011010111100000000000000000000000000000000010
1110001000011000010010111111001000100000000000000000000000000000000010
1111110001101001011000110010101111100000000000000000000000000000000010
1111100101001110010100000110110010100000000000000000000000000000000010
1111111011011001100111011111011001100000000000000000000000000000000010
1111100111100100010000101110111000000000000000000000000000000000000010
1111000011011010001011110111110011100000000000000000000000000000000010
1110101000000001010110011011101010000000000000000000000000000000000010
1110110011000010001111000111111111100000000000000000000000000000000010
1110100000010001100100100100111110000000000000000000000000000000000010
1111011011011000111011010100101010000000000000000000000000000000000010
1110101101110110000000110111001101000000000000000000000000000000000010
1111011010110101010101011001111100000000000000000000000000000000000010
1110000011010110100100000100100101100000000000000000000000000000000010
1111001100111110000110111101010011000000000000000000000000000000000010
1111101111100110000111111111111001000000000000000000000000000000000010
1111000011000100100011111111000011100000000000000000000000000000000010
1111101111001100011111100011011100100000000000000000000000000000000010
1111101011110111001010111001000101100000000000000000000000000000000010
1111111110010101001101011110101010000000000000000000000000000000000010
1110011100000011101100001110101101000000000000000000000000000000000010
1111001110001010001111000001111011100000000000000000000000000000000010
1111000010001000001001011101111101000000000000000000000000000000000010
1111000011001000100110011110011011100000000000000000000000000000000010
1110001001010111001101011000100111100000000000000000000000000000000010
1111100010101100011101110100100101000000000000000000000000000000000010
1110000010110011110111111111010001000000000000000000000000000000000010
1111101101111111101010111000001011000000000000000000000000000000000010
1110001001010100110110110000000101100000000000000000000000000000000010
1111000100001001100110111001100101000000000000000000000000000000000010
1110010110010010001111111110110010100000000000000000000000000000000010
1111101011110110011111100010110010100000000000000000000000000000000010
1110010011011000111010100011101101100000000000000000000000000000000010
1111011010010110011010100110111101000000000000000000000000000000000010
1111011001111110000101011100111001000000000000000000000000000000000010
1110000010011000011000000111001001000000000000000000000000000000000010
1111100010000100010001100111100100000000000000000000000000000000000010
1111111110011000001100101010100001000000000000000000000000000000000010
1111011001000000110100000001000111000000000000000000000000000000000010
1110100000011010011010011100111111000000000000000000000000000000000010
1111001111001100111010100101101000100000000000000000000000000000000010
1111011000011110100010101001101011000000000000000000000000000000000010
1111001001011011011010100100010100000000000000000000000000000000000010
1111101111001001111011010001111011100000000000000000000000000000000010
1110000110000001010111010001000110100000000000000000000000000000000010
1110101010110110011110101110011110000000000000000000000000000000000010
1110111000010001101101011010100110100000000000000000000000000000000010
1110110110010000000111000111110001000000000000000000000000000000000010
1110111100111111000101010000000011000000000000000000000000000000000010
1110100000100010101100101011111000000000000000000000000000000000000010
1111011110000011000111011001110100100000000000000000000000000000000010
1111111101101011000100001100100011100000000000000000000000000000000010
1110101111001010000010011000000011100000000000000000000000000000000010
1111100001001001110000111010101011000000000000000000000000000000000010
1110101011001001101111101110010010100000000000000000000000000000000010
1111100001110011101111010000101001100000000000000000000000000000000010
1111110000101000101111101100110111100000000000000000000000000000000010
1110010100100111001110001010000000100000000000000000000000000000000010
1110001101100100001100001000011001000000000000000000000000000000000010
1110110101000100010111000011101010100000000000000000000000000000000010
1110110100010000000010100101000101100000000000000000000000000000000010
1111001010101010001111111010011101000000000000000000000000000000000010
1110111001111100001001001101101010100000000000000000000000000000000010
1110100010101101000010010100110001000000000000000000000000000000000010
1110111010001110111001011111111001000000000000000000000000000000000010
1110111010001010101111111010101111000000000000000000000000000000000010
1110011100010101111110101101000111000000000000000000000000000000000010
1110100110101010011100011100000101100000000000000000000000000000000010
1111100101110100101011111100101011100000000000000000000000000000000010
1110011110010110100011010100010010100000000000000000000000000000000010
1110010110000011010100100110111101000000000000000000000000000000000010
1111110001100101110110001010111011000000000000000000000000000000000010
1110010000001111100001001101110010100000000000000000000000000000000010
1111011110001101001011001001111001100000000000000000000000000000000010
1110110111111001010010100111010010000000000000000000000000000000000010
1111111101000111010101010110011101000000000000000000000000000000000010
1110011101110111101110100111010000000000000000000000000000000000000010
1110011110001011000111101110001111000000000000000000000000000000000010
1110011111010000101010110111101000000000000000000000000000000000000010
1110100110000110100111011000101101000000000000000000000000000000000010
1111111111111101000100011111010011100000000000000000000000000000000010
1111110110001101000110110011000000000000000000000000000000000000000010
1111110000100011110111111011001100000000000000000000000000000000000010
1110001101100011101111011111111111100000000000000000000000000000000010
1110001000110010111111111100111011100000000000000000000000000000000010
1110100000000101000111010011100111100000000000000000000000000000000010
1111000100001000000001001100101011100000000000000000000000000000000010
1111001110010011000111010110001011100000000000000000000000000000000010
1110111001111111111001101101111111100000000000000000000000000000000010
1111000100001001100000001101001101000000000000000000000000000000000010
1111001000100101011101100101000111100000000000000000000000000000000010
1110010101110000110010001100010011000000000000000000000000000000000010
1110010101111111010111101001100001100000000000000000000000000000000010
1110100000000011101101111110000100000000000000000000000000000000000010
1111100010100000000010101110101100100000000000000000000000000000000010
1110011111000110110110101000111111000000000000000000000000000000000010
1111010010110101010001000011000100100000000000000000000000000000000010
1111000001101000010110111111101001100000000000000000000000000000000010
1110001100010110011010101100101101100000000000000000000000000000000010
1111110111000110101001101010100111100000000000000000000000000000000010
1111001110100110000100110011000111100000000000000000000000000000000010
1111110001001010001101111010010100100000000000000000000000000000000010
1110011001000011001110000010000010000000000000000000000000000000000010
1110001010010000110000001010001000000000000000000000000000000000000010
1111011011000111011110100010000111000000000000000000000000000000000010
1110001001001011001110011011001110100000000000000000000000000000000010
1110000001001100110111000000011010100000000000000000000000000000000010
1110011110110001110100100100011111000000000000000000000000000000000010
1111001100110010011100011110011001000000000000000000000000000000000010
1111101111011000011001001010010100100000000000000000000000000000000010
1110101100100010011111010000110011100000000000000000000000000000000010
1111100010001101100101000100001101000000000000000000000000000000000010
1111101100110111111101011111111000100000000000000000000000000000000010
1110001000001000111000101001110001100000000000000000000000000000000010
1110000100110001001010100111011011100000000000000000000000000000000010
1111011100010000000101011111011101100000000000000000000000000000000010
1111110010100010000011101001010101100000000000000000000000000000000010
1111000011011001101101101111101010000000000000000000000000000000000010
1110100110001111011000111110011001100000000000000000000000000000000010
1110111100001001000110100111000010100000000000000000000000000000000010
1110100000100110000100001001111111100000000000000000000000000000000010
1110100000111011110000101110101010000000000000000000000000000000000010
1110010011101100101100110110011111000000000000000000000000000000000010
1110010000001001001001010110110010000000000000000000000000000000000010
1110011011110110101011001010010101000000000000000000000000000000000010
1111100001011100010011111000011001000000000000000000000000000000000010
1110001100001011001111000101100100000000000000000000000000000000000010
1110111010010010011110110101001011000000000000000000000000000000000010
1111000011010111101010110101011001000000000000000000000000000000000010
1110100010101000100000010001001010000000000000000000000000000000000010
1111001001010010001010010011011010100000000000000000000000000000000010
1110011110101110100000000001100101100000000000000000000000000000000010
1110010101111110011100100101000001100000000000000000000000000000000010
1110101011010101110111101110001001000000000000000000000000000000000010
1111000001000111010110011100011000100000000000000000000000000000000010
1110001011011100100010011111110111100000000000000000000000000000000010
1111001001011011001110000100011001000000000000000000000000000000000010
1111000001010011100000101011101111000000000000000000000000000000000010
1111001001110110011111111100101001100000000000000000000000000000000010
1111101010001110100101100010001001000000000000000000000000000000000010
1111100111111000011100100100010100100000000000000000000000000000000010
1110111001000101010100000100100100000000000000000000000000000000000010
1111001000110010101101100111001100100000000000000000000000000000000010
1111101111110100001011000010010111100000000000000000000000000000000010
1110110011000010111101101000110101100000000000000000000000000000000010
1110011110111011000011001001010111100000000000000000000000000000000010
1110000101010010011000101010001101100000000000000000000000000000000010
1111011101001100100111111100001110000000000000000000000000000000000010
1110010001111110101010100101001011100000000000000000000000000000000010
1111001010011010001110111101101111100000000000000000000000000000000010
1111010100110101000010111111011010000000000000000000000000000000000010
1110011000001110101101110100111111000000000000000000000000000000000010
1110010110011101010101110100001001100000000000000000000000000000000010
1110100000111010100110010110101100000000000000000000000000000000000010
1110111011101110000010011110110110100000000000000000000000000000000010
1110010111000010100101010101111110000000000000000000000000000000000010
1110001100100001111010100111100100100000000000000000000000000000000010
1110101100111010000010100011010000000000000000000000000000000000000010
1111001111100010010001100000010010100000000000000000000000000000000010
1110100110100111100100111010100000100000000000000000000000000000000010
1111101001011100100011111111101001100000000000000000000000000000000010
1110111001101111000110110001110111000000000000000000000000000000000010
1111111101101000101011011001010010100000000000000000000000000000000010
1111101100010000110101110101101111100000000000000000000000000000000010
1110100110101001000100110111101010100000000000000000000000000000000010
1111100010100010110000111101101111000000000000000000000000000000000010
1110010100101101011010000011111001000000000000000000000000000000000010
1110000110000110010100111101101010100000000000000000000000000000000010
1111001000101000100001111000100110100000000000000000000000000000000010
1110110011100000101101000001110011100000000000000000000000000000000010
1111100100010000000011000011111100000000000000000000000000000000000010
1110101011000010000111011011011011100000000000000000000000000000000010
1110001001001111010100011101000001000000000000000000000000000000000010
1111000001011000011011011101100010100000000000000000000000000000000010
1111001101010000001001111000010010100000000000000000000000000000000010
1110110001100111010110000011101101000000000000000000000000000000000010
1111011011001100111000101101111110000000000000000000000000000000000010
1110111011001101110011001111000101100000000000000000000000000000000010
1110111111110100111100001000011010000000000000000000000000000000000010
1110101011101010011111000101101010000000000000000000000000000000000010
1110101001011111001111001001010111100000000000000000000000000000000010
1110001000100111100010011001111001000000000000000000000000000000000010
1110001000110001011010001001101111000000000000000000000000000000000010
1110000100101000000000010101111111100000000000000000000000000000000010
1111110101000010001111001001000010000000000000000000000000000000000010
1110010000110101011100000101100110000000000000000000000000000000000010
1110001000011111100100010111011011000000000000000000000000000000000010
1111010110001111000111000111011010100000000000000000000000000000000010
1111100010001000000010001101110000100000000000000000000000000000000010
1110000010010101101111101101101111100000000000000000000000000000000010
1111101101011010100111110010111110000000000000000000000000000000000010
1111010000000000110001110110111110100000000000000000000000000000000010
1110100100110001000101000110101111100000000000000000000000000000000010
1110000110000100110110111001000111100000000000000000000000000000000010
1110010100000100000011100101010100100000000000000000000000000000000010
1110010111111111011011111100011010000000000000000000000000000000000010
1110001100101000001111000011010001100000000000000000000000000000000010
1110100101011100101111000011011011100000000000000000000000000000000010
1111101010011110000111001101110101100000000000000000000000000000000010
1110110100001110001111001101110100000000000000000000000000000000000010
1111101100100000010110010010011101100000000000000000000000000000000010
1110000100010000110001001100011110100000000000000000000000000000000010
1110111011110101100110110010110100000000000000000000000000000000000010
1111010010001001000111111101111100000000000000000000000000000000000010
1111000110111011110111010010011010100000000000000000000000000000000010
1110000000001000100010100101100000000000000000000000000000000000000010
1110101101011110001100110011110111100000000000000000000000000000000010
1111100100111001101010110001110111000000000000000000000000000000000010
1111100010000011010011001011110001100000000000000000000000000000000010
1111000100100010101010010001101001100000000000000000000000000000000010
1111111110011100010100001110010001000000000000000000000000000000000010
1110111101100001000010010001011100000000000000000000000000000000000010
1111011001001011000010010010110011000000000000000000000000000000000010
1111100000111000101011100110111010000000000000000000000000000000000010
1110101100010000101110010101111011100000000000000000000000000000000010
1111100111111100001011001010101101000000000000000000000000000000000010
1111010111101011111000111100111000100000000000000000000000000000000010
1111001011111001101111001100001001000000000000000000000000000000000010
1110101111001101000001010101110110100000000000000000000000000000000010
1110000100101001101011101101010000100000000000000000000000000000000010
1110010101110001101100110011100001000000000000000000000000000000000010
1111010011110001101110101101110001000000000000000000000000000000000010
1111110101001110110101111000000011100000000000000000000000000000000010
1111100100111001001010101111011000100000000000000000000000000000000010
1111011100110110011101011100110111100000000000000000000000000000000010
1110001011001010101110100010111010100000000000000000000000000000000010
1111111011011011100001101100100001100000000000000000000000000000000010
1111000110110001010011011000110100100000000000000000000000000000000010
1110011000111110100000011100001001000000000000000000000000000000000010
1110010010100000101000000110111010100000000000000000000000000000000010
1110101110011001100011110010101100000000000000000000000000000000000010
1110010100000000001010011101101011000000000000000000000000000000000010
1111000000010010000100101001111111000000000000000000000000000000000010
1110101101000001000101110100111000100000000000000000000000000000000010
1110010110011100001001111001001101100000000000000000000000000000000010
1111000100010000000100110111110010000000000000000000000000000000000010
1110110111000011000101111001111111000000000000000000000000000000000010
1111110010100000010111010100000101100000000000000000000000000000000010
1111111010001010110111101010001110100000000000000000000000000000000010
1110000111101100100100010101110001000000000000000000000000000000000010
1111000111011101110010111100101110000000000000000000000000000000000010
1110111110100110000111110110001001000000000000000000000000000000000010
1111010011011100001101111101101101100000000000000000000000000000000010
1110110111000111100001101101100011100000000000000000000000000000000010
1111001001100001100110011110111111100000000000000000000000000000000010
1111000001000011000101101100000001000000000000000000000000000000000010
1111100111010111001000001101110001100000000000000000000000000000000010
1111000000011101010010111111100010100000000000000000000000000000000010
1111111101101000110110000110111111000000000000000000000000000000000010
1110100010100001001111001010011111000000000000000000000000000000000010
