1011010100111001110001000101010101100000000000000000000000000000000010
1011110101110011000001011110101001100000000000000000000000000000000010
1011000000111010101100110100111111100000000000000000000000000000000010
1010111111010011101101111111101101000000000000000000000000000000000010
1010010001000001001010000010111111100000000000000000000000000000000010
1011100100111011111111001101010101000000000000000000000000000000000010
1011111100000101110010111010001000100000000000000000000000000000000010
1010101001110110000101010101011011100000000000000000000000000000000010
1010100001010100010100111010100111100000000000000000000000000000000010
1010001110000101100110011001101010100000000000000000000000000000000010
1010000100111011101110011011110111100000000000000000000000000000000010
1011010011100110100100110100101011100000000000000000000000000000000010
1011010101000101101000111110111100100000000000000000000000000000000010
1011001001010010011010111101001001100000000000000000000000000000000010
1011001000110111100111110111100000000000000000000000000000000000000010
1010001011001101011111110111100111100000000000000000000000000000000010
1010100000000110101111000010111110000000000000000000000000000000000010
1010011000011010001111101100110101100000000000000000000000000000000010
1011001100010000010111001011111010100000000000000000000000000000000010
1011010110011000011111000000010111000000000000000000000000000000000010
1010011100111100111010110000110110100000000000000000000000000000000010
1010011010000000001100001011000010100000000000000000000000000000000010
1011010111111101011000100110001010100000000000000000000000000000000010
1010101000001101011100011101011101000000000000000000000000000000000010
1011011011000101110101010001111101000000000000000000000000000000000010
1010100010111000001111000101110000100000000000000000000000000000000010
1010010000001011110111011010110111000000000000000000000000000000000010
1011001000001101011001001110011011100000000000000000000000000000000010
1010011010111000010010100110101011100000000000000000000000000000000010
1011011100011101000101011100100000100000000000000000000000000000000010
1011010010100010111001111101101100000000000000000000000000000000000010
1011111001000111000001010110101110100000000000000000000000000000000010
1010100000000100010111110010110010100000000000000000000000000000000010
1010110100101001110101010101001101100000000000000000000000000000000010
1011010110100000000001101111100111000000000000000000000000000000000010
1011100010001111000101000010101110100000000000000000000000000000000010
1011000111000000001000101111100011000000000000000000000000000000000010
1011010111111000110101011010110101100000000000000000000000000000000010
1010001110101001011010101101011100100000000000000000000000000000000010
1010111001100110011001111111001110000000000000000000000000000000000010
1010111100100001011111101101000111100000000000000000000000000000000010
1011010000100011011111000111000011100000000000000000000000000000000010
1011100110110010110011100101110101000000000000000000000000000000000010
1010001000010110101111111000000001100000000000000000000000000000000010
1011001011110111000111000111010110100000000000000000000000000000000010
1010000110110001000100110010011101100000000000000000000000000000000010
1010001110100010111111110000110001000000000000000000000000000000000010
1010110110010000100001110111111000100000000000000000000000000000000010
1010110001101010010101100100001110100000000000000000000000000000000010
1011011000001010101111000101001111000000000000000000000000000000000010
1011000010000110101001101101111110000000000000000000000000000000000010
1011010110010011101001101000110001100000000000000000000000000000000010
1011111100110001100111101100111000100000000000000000000000000000000010
1010110010110001100100110001101100100000000000000000000000000000000010
1010100000011001100101100111110110100000000000000000000000000000000010
1011100111111010001110010111000100000000000000000000000000000000000010
1010010100101100110100001010101000100000000000000000000000000000000010
1010010101101111010100101101001011000000000000000000000000000000000010
1010001000011110011000001110001111000000000000000000000000000000000010
1010100111111011101011100010011000000000000000000000000000000000000010
1011010000101101111011111001010001100000000000000000000000000000000010
1011011001110010001011111110101101000000000000000000000000000000000010
1010100110010111001110111000100000100000000000000000000000000000000010
1010001010000110011001111001100010100000000000000000000000000000000010
1011100101101000010101101001111110100000000000000000000000000000000010
1010011100110101110100111011110011000000000000000000000000000000000010
1010000011111000101101010110001110000000000000000000000000000000000010
1011100001010010111011101011110000100000000000000000000000000000000010
1011000010101011100111100001100000100000000000000000000000000000000010
1010101101010000100100111100011011000000000000000000000000000000000010
1011001000010000010110100011010111000000000000000000000000000000000010
1010101000001001111111010111001111000000000000000000000000000000000010
1010110101110000001100101001111000000000000000000000000000000000000010
1010011001011001000000110011010000100000000000000000000000000000000010
1011000111110010111111011001000110000000000000000000000000000000000010
1011101001011010011101101011110110000000000000000000000000000000000010
1011100011110001110110011111011111100000000000000000000000000000000010
1010100100011000101111011011010011000000000000000000000000000000000010
1011000010010000010100100011111111100000000000000000000000000000000010
1010001000011001000111100110110011000000000000000000000000000000000010
1011011010010000001101000111111110000000000000000000000000000000000010
1010001011000101101011110110111101100000000000000000000000000000000010
1011110101010111111101011101001001000000000000000000000000000000000010
1011000011010010011001011011101111100000000000000000000000000000000010
1010001100010000100110101111011101000000000000000000000000000000000010
1010101001010010111111000110110010100000000000000000000000000000000010
1010000010101100101010101010110010100000000000000000000000000000000010
1010001001011111000010111110101110100000000000000000000000000000000010
1011000010101111000110001100001011000000000000000000000000000000000010
1011101001100100010011101100100110100000000000000000000000000000000010
1011100010000011111110111001100110100000000000000000000000000000000010
1011011100110001110001011110110011000000000000000000000000000000000010
1010010101001100001110000011110111000000000000000000000000000000000010
1010111000011011101000010101111001100000000000000000000000000000000010
1011010010000000000010111001101110100000000000000000000000000000000010
1010000010000100001011100001101100100000000000000000000000000000000010
1010001001100001010011110101101110000000000000000000000000000000000010
1010011101010001011111111110011011000000000000000000000000000000000010
1011100001010000000011011101101001100000000000000000000000000000000010
1011101010001011110111111010100101000000000000000000000000000000000010
1010001000110100000000000011110001100000000000000000000000000000000010
1011010000100110101101000111011110100000000000000000000000000000000010
1011010110010010101000101010101101100000000000000000000000000000000010
1010101110100011100001111100111000100000000000000000000000000000000010
1010100100111001011111101100001000000000000000000000000000000000000010
1010010100101100010111111011111101100000000000000000000000000000000010
1010011100011001000000010111111101000000000000000000000000000000000010
1010000000101111100011100001001101100000000000000000000000000000000010
1010000101100010110000100100101000100000000000000000000000000000000010
1011011101101011011011010111011110000000000000000000000000000000000010
1010100000100011101011111101111111100000000000000000000000000000000010
1010001001111010110101110110101111000000000000000000000000000000000010
1011100100110011000101111011011101100000000000000000000000000000000010
1010010101000001010111110001011011100000000000000000000000000000000010
1010011100001001101110000110111010100000000000000000000000000000000010
1010110010111011000111110000100111000000000000000000000000000000000010
1010000001100001001110101100100001100000000000000000000000000000000010
1010101100000000010110111000111110100000000000000000000000000000000010
1011101110110011001110010100011110100000000000000000000000000000000010
1010110110011101000101111101011010000000000000000000000000000000000010
1010010011010011100100010001001111100000000000000000000000000000000010
1010000000110101000010011111111110000000000000000000000000000000000010
1011000000000000111011010011001010100000000000000000000000000000000010
1011100011000000100011110110110111000000000000000000000000000000000010
1010101011000010001001100100011111100000000000000000000000000000000010
1011100110001001111000111011100000000000000000000000000000000000000010
1010111100000011111110111111110000100000000000000000000000000000000010
1011110011001100011101100001101000100000000000000000000000000000000010
1011110000011101010011100010101100100000000000000000000000000000000010
1011101101010110101001111111010101000000000000000000000000000000000010
1010011101111000000111101111101101100000000000000000000000000000000010
1011110111100110110001111111110011000000000000000000000000000000000010
1010000110000110000101011111011100100000000000000000000000000000000010
1011101000100010011100111110111010100000000000000000000000000000000010
1010100100100100101011011100100011100000000000000000000000000000000010
1010000001000110101010010100001011100000000000000000000000000000000010
1010010101111100010101101000011101100000000000000000000000000000000010
1010100100110000010011011100111101100000000000000000000000000000000010
1011110100001001010111101001110000000000000000000000000000000000000010
1011000011101100110010110100001010000000000000000000000000000000000010
1011011010001101000001010101010001100000000000000000000000000000000010
1010100010000011000101001111111010000000000000000000000000000000000010
1010101000110101101001100010011101100000000000000000000000000000000010
1010110110000010000010100010101000100000000000000000000000000000000010
1010111000110011111111111011000100100000000000000000000000000000000010
1010100001110110011001111001111111100000000000000000000000000000000010
1011011111011100000100101011111100100000000000000000000000000000000010
1010001000011000100001100011101101000000000000000000000000000000000010
1011100110100000010011101111000111000000000000000000000000000000000010
1010100011011011000010000011011110100000000000000000000000000000000010
1010110000100001001100110110010000000000000000000000000000000000000010
1011101010000010010011010111110010100000000000000000000000000000000010
1010001000010000101000011110111100100000000000000000000000000000000010
1011110110000100000000000000011011100000000000000000000000000000000010
1010100000011010011011111110100001100000000000000000000000000000000010
1010111011010011100101010001001101100000000000000000000000000000000010
1010000011100100101110111010101100000000000000000000000000000000000010
1011000010011000110110011100001100100000000000000000000000000000000010
1010110011011011111110111111100001000000000000000000000000000000000010
1011100010010000100100110101011001100000000000000000000000000000000010
1011110001100100001011110100101111000000000000000000000000000000000010
1010011111110010011111110110110011100000000000000000000000000000000010
1010000010010000001000101101111111000000000000000000000000000000000010
1011101101101000100100101111011111100000000000000000000000000000000010
1011011011111000001000111001001101100000000000000000000000000000000010
1010011110101100101001000011110111000000000000000000000000000000000010
1011110100001011111100010011011101000000000000000000000000000000000010
1010100001011011110111111000011110100000000000000000000000000000000010
1010001011111101101010111110101111000000000000000000000000000000000010
1010101000010010110101101000100010000000000000000000000000000000000010
1010011100000111000001101111101111100000000000000000000000000000000010
1011000010000010010110100001010101100000000000000000000000000000000010
1011011010111000101010100101101101100000000000000000000000000000000010
1011010000111001111001111111111010000000000000000000000000000000000010
1011101000001100111111100001011111000000000000000000000000000000000010
1011001101100101101100110100010011000000000000000000000000000000000010
1010110011111001000011101000101010100000000000000000000000000000000010
1011101110011100100111011001010101000000000000000000000000000000000010
1011100100000010001011010100101100000000000000000000000000000000000010
1010010100000110100100111111101011100000000000000000000000000000000010
1010001110110000000111001101001100100000000000000000000000000000000010
1010010010101000010011000111111011100000000000000000000000000000000010
1011011110000000111011001111010001000000000000000000000000000000000010
1010011100100110000110111111011110100000000000000000000000000000000010
1011101011000001111101100010001011000000000000000000000000000000000010
1011110001101010000111110110110001100000000000000000000000000000000010
1011110000000110010011111100111000000000000000000000000000000000000010
1010011100000110110010010111101101000000000000000000000000000000000010
1010001111101110011100101000111011100000000000000000000000000000000010
1010010111001111011101000101100001100000000000000000000000000000000010
1011010000011010001011011011110110100000000000000000000000000000000010
1010101000101100110111101001111010000000000000000000000000000000000010
1011001100011111100010111010101101000000000000000000000000000000000010
1011001110110010100111111100001101000000000000000000000000000000000010
1011110000100011001010000111011011100000000000000000000000000000000010
1010000101100000110100100101000110100000000000000000000000000000000010
1011011010000010101000111110110001100000000000000000000000000000000010
1011110110011011011111010011110011000000000000000000000000000000000010
1010000011110000110100110011001001100000000000000000000000000000000010
1010011000110100110111011111110110100000000000000000000000000000000010
1010001001101110100101111001110101000000000000000000000000000000000010
1010100100001110101110101111100011000000000000000000000000000000000010
1010001010110000000010111001011101000000000000000000000000000000000010
1010001100011000111100111100011011100000000000000000000000000000000010
1010010000101000000010000110101001000000000000000000000000000000000010
1011111111110001001111110110111111100000000000000000000000000000000010
1011010011100000010011010011001111000000000000000000000000000000000010
1011001010001100010110100011111101000000000000000000000000000000000010
1010011001000110011110001011000110100000000000000000000000000000000010
1011001011111001111100011010011010000000000000000000000000000000000010
1011001100011111001001001000101011100000000000000000000000000000000010
1010000010000100010111111010110000100000000000000000000000000000000010
1010010101000000100001100010111110000000000000000000000000000000000010
1010010100000011010001100000011000000000000000000000000000000000000010
1010010010110001011101100100110101100000000000000000000000000000000010
1010100000000010111001110111010010100000000000000000000000000000000010
1010011100100110110110011100001011100000000000000000000000000000000010
1011000001001010010111111011100101000000000000000000000000000000000010
1010111100000001001101000011100111000000000000000000000000000000000010
1011100000000110101001011111110101100000000000000000000000000000000010
1010000101011100001110010001110110000000000000000000000000000000000010
1010110010111110000000101100110001100000000000000000000000000000000010
1011011011000000110001110001111100100000000000000000000000000000000010
1010010010011000100000011000111001100000000000000000000000000000000010
1010001000100101110111011101001010100000000000000000000000000000000010
1010100010001010001010110101111010000000000000000000000000000000000010
1011001111010101101111011010101001100000000000000000000000000000000010
1010100000010100001010001101100110100000000000000000000000000000000010
1010111101101001101001001001110101000000000000000000000000000000000010
1011100110001010010010111110010001000000000000000000000000000000000010
1010111010100100100000000011010100100000000000000000000000000000000010
1011011100000101000010111101111001000000000000000000000000000000000010
1010000001110010010010010110100110100000000000000000000000000000000010
1011000010011101000011111100101000000000000000000000000000000000000010
1010011000111110100100101110100100100000000000000000000000000000000010
1010000011001111111001101100111101000000000000000000000000000000000010
1011100011000001001000101100111000100000000000000000000000000000000010
1010000000110111001101110011010111100000000000000000000000000000000010
1011111011101111111110110110010110000000000000000000000000000000000010
1011100010001001000011110100110111100000000000000000000000000000000010
1011010000011000101000100011011110000000000000000000000000000000000010
1010000000101011110111100011110001100000000000000000000000000000000010
1010101100011000010101001000111110100000000000000000000000000000000010
1011101001100000001101001110001101100000000000000000000000000000000010
1011011001101100001001111011001001000000000000000000000000000000000010
1010000001111011000111000011000010100000000000000000000000000000000010
1011101000101010111100000011001111000000000000000000000000000000000010
1010010110010011100111110110010111000000000000000000000000000000000010
1011010000000010110011110111101011100000000000000000000000000000000010
1011100101011001111011101011100110100000000000000000000000000000000010
1011110001110001011110010110101011000000000000000000000000000000000010
1011001110000001001010111101011110100000000000000000000000000000000010
1010010001101100100010111010010011100000000000000000000000000000000010
1010010001111011011111100010101010100000000000000000000000000000000010
1011001000000010110010110101101111100000000000000000000000000000000010
1010110010001000110011100100101011100000000000000000000000000000000010
1011010000000010110110100011111111000000000000000000000000000000000010
1011011011001000000111101011110100100000000000000000000000000000000010
1010100000100000001001110110111111000000000000000000000000000000000010
1011001101001100001101111101000100100000000000000000000000000000000010
1011000011010100100010100010011010100000000000000000000000000000000010
1010110001001100001101100010001110000000000000000000000000000000000010
1010010011101010111011001110000111100000000000000000000000000000000010
1010111001100111111101000101111111100000000000000000000000000000000010
1010001011101111110110001010111110100000000000000000000000000000000010
1010010110010101000010010101010001100000000000000000000000000000000010
1010010000010111011101101010010011000000000000000000000000000000000010
1010110001110001111110111001011010100000000000000000000000000000000010
1010010110010111001101011010110111100000000000000000000000000000000010
1011011111001000000101111000001101000000000000000000000000000000000010
1010110010101000101011001101101001100000000000000000000000000000000010
1011000100010110100111100100010010100000000000000000000000000000000010
1011010001111100111111011001100010100000000000000000000000000000000010
1010100010110011011001111111001000100000000000000000000000000000000010
1011001011110110001111011011000001100000000000000000000000000000000010
1010110010101101010101010111110000000000000000000000000000000000000010
1010010100100010110111001011110111100000000000000000000000000000000010
1010011110000000101101110000010001100000000000000000000000000000000010
1011101010011011101000101111100011100000000000000000000000000000000010
1010000010101000000110001011111001100000000000000000000000000000000010
1010001001111010110101111000001001100000000000000000000000000000000010
1010001010010010000111111000011110100000000000000000000000000000000010
1011101011100100010111111101101100000000000000000000000000000000000010
1010101111011000100001101111110001000000000000000000000000000000000010
1011110111010001001011001100101110000000000000000000000000000000000010
1010000101100000001011100011011100000000000000000000000000000000000010
1011010010000001010011011101111001000000000000000000000000000000000010
1011101010100010010001101101101011000000000000000000000000000000000010
1011001010110001101011110001101000000000000000000000000000000000000010
1010000010000111111011110101101110100000000000000000000000000000000010
1011001100101000100001011000010000000000000000000000000000000000000010
1011111101000001111000011011100110100000000000000000000000000000000010
1010100101010111011001101010100110100000000000000000000000000000000010
1011011000110011111110010110101010100000000000000000000000000000000010
1010010000000101101101110110111111100000000000000000000000000000000010
1010011100111010000111111000101000000000000000000000000000000000000010
1010010000000000100011101011101010100000000000000000000000000000000010
1010100100110011101001111100000101000000000000000000000000000000000010
1010100100101111000101111111110010000000000000000000000000000000000010
1011001000001000110100000010100111000000000000000000000000000000000010
1011111010110100010000010100111101000000000000000000000000000000000010
1011000011110000100101011111100101000000000000000000000000000000000010
1010000010010100101011110010100001000000000000000000000000000000000010
1011010001000010011111110100110111100000000000000000000000000000000010
1011000110001100111011101010100000100000000000000000000000000000000010
1011010111000001000100011101111011000000000000000000000000000000000010
1010001100001000101111000101010111000000000000000000000000000000000010
1011100010000010110001010110010101000000000000000000000000000000000010
1010111000101010100100100101111010000000000000000000000000000000000010
1010011010111100011101010001001111100000000000000000000000000000000010
1010101010000110001101101110110111100000000000000000000000000000000010
1010010001110000010100011111110101000000000000000000000000000000000010
1010100000010000001011010101110011100000000000000000000000000000000010
1010010101110001001110110001000100000000000000000000000000000000000010
1010111001000100110010000111111111100000000000000000000000000000000010
1011010111010001001111100101101111100000000000000000000000000000000010
1010001111000011110100001110100011000000000000000000000000000000000010
1011011000111011110000100100101010100000000000000000000000000000000010
1010100011001011111100110110011101000000000000000000000000000000000010
1010110100100010011001001100110001000000000000000000000000000000000010
1010010011011000101110001100000000000000000000000000000000000000000010
1010101101110110010100010110001111100000000000000000000000000000000010
1011100000010000000011111010101100100000000000000000000000000000000010
1010100110111000011011000111010111000000000000000000000000000000000010
1010010001011111000111101110001111000000000000000000000000000000000010
1011000001100000010110101101101100000000000000000000000000000000000010
1010101101010010000011101010101100100000000000000000000000000000000010
1010001101101011001001011101011111100000000000000000000000000000000010
1010010011110100101101111001000101100000000000000000000000000000000010
1011000000100011010010110101101101000000000000000000000000000000000010
1010110100010101100100111110111010100000000000000000000000000000000010
1011110000110000001001100110010101000000000000000000000000000000000010
1010110100011111011011000011001101000000000000000000000000000000000010
1010001000000001101101001100101011000000000000000000000000000000000010
1011110111011000101001011111100111000000000000000000000000000000000010
1011001100010001010000001000000011000000000000000000000000000000000010
1010000010001101101011110101010100000000000000000000000000000000000010
1010110000000101010011111100100111100000000000000000000000000000000010
1011001100001101110101111010101100100000000000000000000000000000000010
1010100001010010111010001101011111000000000000000000000000000000000010
1011011110000000010101001110111101100000000000000000000000000000000010
1010100001100000001100011110001111000000000000000000000000000000000010
1011100001100000010011011100100100100000000000000000000000000000000010
1011010100011001101100111110000111000000000000000000000000000000000010
1010010100011111000111110001011110000000000000000000000000000000000010
1010001010101101101100111100110111100000000000000000000000000000000010
1010010111101101111100101110111110100000000000000000000000000000000010
1011001010110001001011101111011011000000000000000000000000000000000010
1010011000010100100110011100101101100000000000000000000000000000000010
1011111001000011101010011011111011100000000000000000000000000000000010
1010000111001000001011011100110101000000000000000000000000000000000010
1011010010110011010101000011101111100000000000000000000000000000000010
1010010000101010100110010111001001100000000000000000000000000000000010
1010110101011010110110101110100111000000000000000000000000000000000010
1010110011101110100101001010101100000000000000000000000000000000000010
1011111001111101111111111011110100000000000000000000000000000000000010
1011111010001101110011111101110100100000000000000000000000000000000010
1010010110001111001111011001111011100000000000000000000000000000000010
1010101000000000111000010000101010000000000000000000000000000000000010
1011001100110011010111000101101000100000000000000000000000000000000010
1010000001101001111100001101100111000000000000000000000000000000000010
1011001011101011010101010111010011100000000000000000000000000000000010
1011100100111010010110011101010010100000000000000000000000000000000010
1010010000111001111010111000110110100000000000000000000000000000000010
1010000011001000110001001011001001100000000000000000000000000000000010
1011011111011110111111111100000000000000000000000000000000000000000010
1010100001010010011001101111001101100000000000000000000000000000000010
1010001110010001011101110100111111100000000000000000000000000000000010
1011001010010010100101101100101100100000000000000000000000000000000010
1011010010001011000110100110011111100000000000000000000000000000000010
1010111100100010100011010101001010100000000000000000000000000000000010
1011001001011010001101100100100111000000000000000000000000000000000010
1011010100000010001111001001011000100000000000000000000000000000000010
1010011000110101100011101111010100000000000000000000000000000000000010
1010011001011000011011101011100110000000000000000000000000000000000010
1010011011001000001010101110111111100000000000000000000000000000000010
1010110101010011010110110110101011100000000000000000000000000000000010
1010000100001010010110100010111000100000000000000000000000000000000010
1010111011101010000111101001110011000000000000000000000000000000000010
1011101101001010101110011101001111100000000000000000000000000000000010
1011101111000000011101101010011111000000000000000000000000000000000010
1010011100010000101111100100001100100000000000000000000000000000000010
1011010100110010101010011101110100100000000000000000000000000000000010
1011000101011101101001111000010101100000000000000000000000000000000010
1011101000000001100111010110101111000000000000000000000000000000000010
1010010001010100100111101110101010100000000000000000000000000000000010
1010001101101100010001010111110011100000000000000000000000000000000010
1011100010001000101100110111110110000000000000000000000000000000000010
1011010011011000001100100000001011100000000000000000000000000000000010
1010100001011010111011001101010001100000000000000000000000000000000010
1010001000011011100001110001111111100000000000000000000000000000000010
1011101001111000000100010110000100100000000000000000000000000000000010
1011010100110101001110101000111000100000000000000000000000000000000010
1011010010001011110010101110111111100000000000000000000000000000000010
1011110101100000010110111110001011100000000000000000000000000000000010
1010100111100111000100100001110010000000000000000000000000000000000010
1011101110010000110101011101010101000000000000000000000000000000000010
1011010001000001001101111000011101100000000000000000000000000000000010
1011100001110101011111100001011100100000000000000000000000000000000010
1010110001101001101101001001000011100000000000000000000000000000000010
1010101100110001000100001000001100100000000000000000000000000000000010
1010110010001001001111011010101110000000000000000000000000000000000010
1011100011001000010000100011000010100000000000000000000000000000000010
1010000001011101000001110111110110100000000000000000000000000000000010
1010011010111000000110001010110001100000000000000000000000000000000010
1011111100010001010000001001111110100000000000000000000000000000000010
1010000011001101010110100101001011100000000000000000000000000000000010
1010010111111111000011000101100010000000000000000000000000000000000010
1011100100110010100100011111100010100000000000000000000000000000000010
1010001001011100000001011011100111100000000000000000000000000000000010
1011111011001001010001011110010101100000000000000000000000000000000010
1011000010110010010001111110001010000000000000000000000000000000000010
1011111110101101101111110001101110000000000000000000000000000000000010
1010100001011000010101010100011111100000000000000000000000000000000010
1010100110001001010101101111010111000000000000000000000000000000000010
1011000101000010110101001011100111100000000000000000000000000000000010
1011101110110100100101001100110011000000000000000000000000000000000010
1011011001110010000011111100001111100000000000000000000000000000000010
1011000001011001000100011011101001100000000000000000000000000000000010
1011000110111001101011010110000110000000000000000000000000000000000010
1010110010100001111111111110000100000000000000000000000000000000000010
1010100100000011101011010011110110100000000000000000000000000000000010
1010100101101100000010110011110000000000000000000000000000000000000010
1010011101000010101010011101010101100000000000000000000000000000000010
1010011110100010100110111101111000000000000000000000000000000000000010
1010101011100001000011100010111011000000000000000000000000000000000010
1010000101110100001110000101110011100000000000000000000000000000000010
1010010110010100010011101111010000000000000000000000000000000000000010
1010010110010100011111111111101001100000000000000000000000000000000010
1010001010101110100000110011110010000000000000000000000000000000000010
1011100000011100101110111010101111100000000000000000000000000000000010
1011101110001010110100011101101011000000000000000000000000000000000010
1010010010000100001010011011101110100000000000000000000000000000000010
1010100000110011001000100101001101100000000000000000000000000000000010
1011010101000101011011011000011110000000000000000000000000000000000010
1010101001010000100111111001011111100000000000000000000000000000000010
1011100000010011010000000011101110100000000000000000000000000000000010
1010110111001111101111111101100110100000000000000000000000000000000010
1011110001101011011110011100101010100000000000000000000000000000000010
1010101100001111110100111001100011000000000000000000000000000000000010
1010111101001000001010110011111000100000000000000000000000000000000010
1011001001101000101011011101000111000000000000000000000000000000000010
1011110001100011000111101101000011100000000000000000000000000000000010
1010010000101110000100010101011110100000000000000000000000000000000010
1010010001001010010100010101110111000000000000000000000000000000000010
1010011000011101010101100111111110100000000000000000000000000000000010
1010001110100010011101111001001011000000000000000000000000000000000010
1011001101000010010101110110001111000000000000000000000000000000000010
1011001011001000110001111110111000000000000000000000000000000000000010
1011100010001101100011111101100011100000000000000000000000000000000010
1011000001011000011010101100111111100000000000000000000000000000000010
1010111010010100010100111111011001100000000000000000000000000000000010
1010000001110011011011111011111101000000000000000000000000000000000010
1011011110100110110001110101110100100000000000000000000000000000000010
1010010011010111100011101001001011000000000000000000000000000000000010
1010000001010011000010110010010110000000000000000000000000000000000010
1011101110011110010001111100100011100000000000000000000000000000000010
1011101010000100111001101111010111100000000000000000000000000000000010
1010000100010000011000011011111010100000000000000000000000000000000010
1011111010001001010011101101000100000000000000000000000000000000000010
1011010010100011101001111110100000100000000000000000000000000000000010
1011010001101000101011111111011101100000000000000000000000000000000010
1011000000100011001010001101011010000000000000000000000000000000000010
1010010101011010111000011111011010000000000000000000000000000000000010
1010101100111111011110101111010010000000000000000000000000000000000010
1011101011001101110000110010001111100000000000000000000000000000000010
1011101010000011011110011111100011100000000000000000000000000000000010
1010010011010000001001001011010001100000000000000000000000000000000010
1010000100000000010000111101101011100000000000000000000000000000000010
1011110001111011100111001010010001000000000000000000000000000000000010
1011000111001011001100001001000100100000000000000000000000000000000010
1011110100001011101101011110011111100000000000000000000000000000000010
1011101100100101010010001101110000100000000000000000000000000000000010
1011011011000110000101011010001011100000000000000000000000000000000010
1011010010010010110001111111110011100000000000000000000000000000000010
1011001110010010001010100101010001100000000000000000000000000000000010
1010010101001010001110101011011101100000000000000000000000000000000010
1010001000011100000100000001010101100000000000000000000000000000000010
1010111000101010001111111011100111100000000000000000000000000000000010
1010010001001111011100001110110011000000000000000000000000000000000010
1010100100001101110000100000110000100000000000000000000000000000000010
1011101001110010000010110110000111100000000000000000000000000000000010
1011000011010100000001000011110110100000000000000000000000000000000010
1010000101111011010010111011101000100000000000000000000000000000000010
1011010110101001000000010001011100100000000000000000000000000000000010
1010010100110000000111110100001001000000000000000000000000000000000010
1010001110111101101110010100001100000000000000000000000000000000000010
1010000001100010000011110111011110100000000000000000000000000000000010
1010101000001111010101010111001000100000000000000000000000000000000010
1010000001100000010011110101101000100000000000000000000000000000000010
1010001000011000000111011011011010100000000000000000000000000000000010
1010110111110000101010010011110100000000000000000000000000000000000010
1011110100101011000111010111100110100000000000000000000000000000000010
1010011100110100111011110001111001000000000000000000000000000000000010
1010010101101100001010011010101100100000000000000000000000000000000010
1010101101000011110000011101000101100000000000000000000000000000000010
1011100010111110010111011111110110100000000000000000000000000000000010
1011001010000100110010100111010111100000000000000000000000000000000010
1010000000001000010101001001010001000000000000000000000000000000000010
1011101000000100110011101011111111000000000000000000000000000000000010
1011110100001000010100101011111111000000000000000000000000000000000010
1010000100100110101111010010110111100000000000000000000000000000000010
1011111100010001100010110010011000100000000000000000000000000000000010
1010101001011000110000110100011101100000000000000000000000000000000010
1011101001101111000111011110111101100000000000000000000000000000000010
1010001110000110010010101011000001000000000000000000000000000000000010
1011100001111100111111011111011000100000000000000000000000000000000010
1010101000011010100110001110101000100000000000000000000000000000000010
1010111011101111110111111110001111100000000000000000000000000000000010
1010010000101000000101101001010111100000000000000000000000000000000010
1011001110100010111001110111011111100000000000000000000000000000000010
1010101001110110010000011101000101100000000000000000000000000000000010
1010100001101110101101100001010101100000000000000000000000000000000010
1010010100111011010101001110010101000000000000000000000000000000000010
1010011011010000011111011100011011000000000000000000000000000000000010
1010011001011100011110100101001001100000000000000000000000000000000010
1010111011110110110110111100100111000000000000000000000000000000000010
1010001101011000011111000100111000100000000000000000000000000000000010
1010101111000001101010110011001110100000000000000000000000000000000010
1010100110111100001010111111101101100000000000000000000000000000000010
1011110101000101000011100011110001000000000000000000000000000000000010
1010101001100110000100001100101110100000000000000000000000000000000010
1010011110101011001011101110111000000000000000000000000000000000000010
1010011001110001000000011100000010000000000000000000000000000000000010
1011001110100100011110110110010110100000000000000000000000000000000010
1011110000101001010100101101101010000000000000000000000000000000000010
1011000010101000100101111111010111100000000000000000000000000000000010
1010001110000010010000100011100100100000000000000000000000000000000010
1010001111000000110010010111111110100000000000000000000000000000000010
1010010111011001010100000101110111000000000000000000000000000000000010
1010111110101010001010011100100000000000000000000000000000000000000010
1011001000011000100100001100111011000000000000000000000000000000000010
1010000001111101001100111100111011100000000000000000000000000000000010
1010110111110100011100110110010110000000000000000000000000000000000010
1010011101011001001100101111011011100000000000000000000000000000000010
1011000110101100100011101010101001100000000000000000000000000000000010
1010110001110110001111111111101111000000000000000000000000000000000010
1011011111111100010101111001010001100000000000000000000000000000000010
1010010100001110100101110010011001000000000000000000000000000000000010
1011001001011111100010101010011000000000000000000000000000000000000010
1011100000001100010001110010110111000000000000000000000000000000000010
1011111100001000101101111111101110100000000000000000000000000000000010
1011100011000010111110101011110101100000000000000000000000000000000010
1010001010101111111011100100111010000000000000000000000000000000000010
1010100000110110110111000101111110100000000000000000000000000000000010
1011011001010000000011101101110000000000000000000000000000000000000010
1011010100100100000111010011101011100000000000000000000000000000000010
1011010010011110001001111010111100000000000000000000000000000000000010
1010101101001101010000111111111110000000000000000000000000000000000010
1010011010111100010011111111011010000000000000000000000000000000000010
1010101100010001010111101110101011100000000000000000000000000000000010
1010100000000011110001111010011100000000000000000000000000000000000010
1011101100010001000001110111110110000000000000000000000000000000000010
1011101101100110101011110100111010000000000000000000000000000000000010
1010011101011110101111110011111010100000000000000000000000000000000010
1010011010010010100111111011111100100000000000000000000000000000000010
1010101101101000000110011110100100000000000000000000000000000000000010
1010011101100110111000110110010111000000000000000000000000000000000010
1010101010011100001111101011111111000000000000000000000000000000000010
1011110110011011000110111110010001100000000000000000000000000000000010
1010101000011100010011101111100010100000000000000000000000000000000010
1011100001100010110000110100010010100000000000000000000000000000000010
1010011110011001110100101011010110100000000000000000000000000000000010
1010011001000000110110001000011101000000000000000000000000000000000010
1010111100010010000110111111111001000000000000000000000000000000000010
1010011111010000110010101110010101100000000000000000000000000000000010
1011111001100001110001001001101100100000000000000000000000000000000010
1011001011010001110010110001100001100000000000000000000000000000000010
1011011001000100110101101000101001100000000000000000000000000000000010
1010000010101001010110101010100111100000000000000000000000000000000010
1010111100100101001111110101110001000000000000000000000000000000000010
1011011100000101000111011000110110000000000000000000000000000000000010
1010111110000101001111111000001100000000000000000000000000000000000010
1011101010001110000101100101011010100000000000000000000000000000000010
1011101011111011100111001100101111000000000000000000000000000000000010
1011100110001101011001001011011010100000000000000000000000000000000010
1011110011000110110011110000110101000000000000000000000000000000000010
1011000101111001010111110111111110000000000000000000000000000000000010
1010011000100100100101110110110010000000000000000000000000000000000010
1011000001110110000111110011111000100000000000000000000000000000000010
1010110010011001111101100101100100000000000000000000000000000000000010
1011001100101101001111110101110010100000000000000000000000000000000010
1010101100100000100001000111100111100000000000000000000000000000000010
1011001111000111101001111010100011000000000000000000000000000000000010
1011110001011101110000110010110111100000000000000000000000000000000010
1011000001011000100001110101101100000000000000000000000000000000000010
1011001100010101000111011111001011000000000000000000000000000000000010
1011100001000000100100000100011011100000000000000000000000000000000010
1010110001000010110011110100111101100000000000000000000000000000000010
1010110011011110000100000111011111100000000000000000000000000000000010
1011000000100001100000000110110000000000000000000000000000000000000010
1010101111001011010111001011000001000000000000000000000000000000000010
1011001101111011111110110000010000000000000000000000000000000000000010
1010110000110100110010111100001100100000000000000000000000000000000010
1011101101110100111010010000111010100000000000000000000000000000000010
1010001101101111101111101001010111000000000000000000000000000000000010
1010110010000101001100111011100110000000000000000000000000000000000010
1010001100010001011111111101011101000000000000000000000000000000000010
1010001000000111010110001000101110000000000000000000000000000000000010
1011110101000110001001110001110100100000000000000000000000000000000010
1011100000101000100110111100000101000000000000000000000000000000000010
1010010010110101111010101101011001000000000000000000000000000000000010
1011001110010010111000111010101100000000000000000000000000000000000010
1011110111001101011110111110110101100000000000000000000000000000000010
1010111100011000110100111011110001000000000000000000000000000000000010
1011110011101110011000111000000111100000000000000000000000000000000010
1011001010001010001001111110101011000000000000000000000000000000000010
1010101110010011101110001011000001000000000000000000000000000000000010
1011101010000011010001111110100110000000000000000000000000000000000010
1010001010100100000010100100111001000000000000000000000000000000000010
1010001100111000001101011010101100000000000000000000000000000000000010
1010100011101101011011100101010101000000000000000000000000000000000010
1011101101011100100001011011010111100000000000000000000000000000000010
1010000010100110100110111110100111100000000000000000000000000000000010
1011000110001000011111011001010000100000000000000000000000000000000010
1011101101110010100100101111001111000000000000000000000000000000000010
1011001111101001011111101110101111100000000000000000000000000000000010
1010001000010000010011110111111101100000000000000000000000000000000010
1011100001010111001110101111111011000000000000000000000000000000000010
1010010110111010001011110110111001100000000000000000000000000000000010
1011010100000000001110111110001111100000000000000000000000000000000010
1011000101000110000111111000110011000000000000000000000000000000000010
1011001010000000111001111001001101100000000000000000000000000000000010
1011011000100110011110011110110010100000000000000000000000000000000010
1010101111100001000001110011101010000000000000000000000000000000000010
1010100010011000011011111101111010100000000000000000000000000000000010
1010010010010001000111111110001111000000000000000000000000000000000010
1010110110011110101010111110110010100000000000000000000000000000000010
1011100101110110100110101010100111000000000000000000000000000000000010
1010010100000001001011111011100001000000000000000000000000000000000010
1010110100001100000000111101101010100000000000000000000000000000000010
1011110110010001010111001010110011100000000000000000000000000000000010
1011100000110110110110001011111011100000000000000000000000000000000010
1011100111000111001110111000101010100000000000000000000000000000000010
1010000001111101111010001111011110100000000000000000000000000000000010
1011101101011011101100011110000100100000000000000000000000000000000010
1011000001100101010000111000100110100000000000000000000000000000000010
1011100001000011001110101111111110100000000000000000000000000000000010
1011000100000000000011010010110000100000000000000000000000000000000010
1010100110111100110000100111010111100000000000000000000000000000000010
1011001111001000010110011101000100100000000000000000000000000000000010
1011100110000001011011001000001110000000000000000000000000000000000010
1011011000101000011001001111100100000000000000000000000000000000000010
1010001110100110000100111110001001000000000000000000000000000000000010
1011001111000000100100001110110011100000000000000000000000000000000010
1010000000110010010110101110110110000000000000000000000000000000000010
1010101010110010010001000101100000000000000000000000000000000000000010
1010100110111110100000101011101111100000000000000000000000000000000010
1011011000101110010001101111100010000000000000000000000000000000000010
1011100101010011011100010100100000000000000000000000000000000000000010
1010101100101100000011111111101101100000000000000000000000000000000010
1011100110111101010110110010111011100000000000000000000000000000000010
1011101110001100101100000111110110100000000000000000000000000000000010
1011000010001011010111011110101111000000000000000000000000000000000010
1010110110101010111110000101111100000000000000000000000000000000000010
1010100110111110000110110011111010100000000000000000000000000000000010
1011110011000101100111100111010110000000000000000000000000000000000010
1011101101011000001101010111100010100000000000000000000000000000000010
1010100101000010111011101100110010000000000000000000000000000000000010
1011100000111110010100110101001100000000000000000000000000000000000010
1011000110100110100011011111000110100000000000000000000000000000000010
1010101000011001001001011110111001100000000000000000000000000000000010
1010101111011010100010110111111100000000000000000000000000000000000010
1011001100011100101110111111001001100000000000000000000000000000000010
1010011000000010111100001000101111000000000000000000000000000000000010
1011000110101110100100010000111000100000000000000000000000000000000010
1011100000000010001111100011111101100000000000000000000000000000000010
1011010001000110110001110010101110000000000000000000000000000000000010
1011001110010110110010110011011001000000000000000000000000000000000010
1011011001001001000011111011101000100000000000000000000000000000000010
1011100010011100101110011000111001100000000000000000000000000000000010
1010001010001010010010111011100110000000000000000000000000000000000010
1010111000010000100100000101001000000000000000000000000000000000000010
1011011000111000111011111110011110100000000000000000000000000000000010
1011001000110011001111110110011100100000000000000000000000000000000010
1011000001101101011011010111101101100000000000000000000000000000000010
1011010010010010101111110101011111000000000000000000000000000000000010
1010010000110010000000000110110001100000000000000000000000000000000010
1011100010110100000010110011110000100000000000000000000000000000000010
1010011010010010110000100110001011100000000000000000000000000000000010
1011001010010011001001100100000010100000000000000000000000000000000010
1011011100011001010001111111011010100000000000000000000000000000000010
1010011110000100101100110100111000100000000000000000000000000000000010
1010011001111000010101101110011111000000000000000000000000000000000010
1010100001010111100001100111010011100000000000000000000000000000000010
1010101111100011010011101011001001100000000000000000000000000000000010
1011101100111111001011010101011110000000000000000000000000000000000010
1010011000011100010010010111011010100000000000000000000000000000000010
1011001010100100100010001000101001100000000000000000000000000000000010
1010001011001100100001101110010011000000000000000000000000000000000010
1010010100010011010101010000111000000000000000000000000000000000000010
1010000100101001010011100010110111100000000000000000000000000000000010
1010000111011001101110000101101101100000000000000000000000000000000010
1010000110010101000000111010110011100000000000000000000000000000000010
1010001001110010111111000001010010000000000000000000000000000000000010
1010100101000100110000111101101110100000000000000000000000000000000010
1010001110000111101010101001110100000000000000000000000000000000000010
1010101111011101000001011110010010000000000000000000000000000000000010
1010110010101000000001010011010111100000000000000000000000000000000010
1010010000000010110011100111010111000000000000000000000000000000000010
1011010011011001111101010010100001100000000000000000000000000000000010
1011000111110001000101100111111111000000000000000000000000000000000010
1010111100100000101100010101110110000000000000000000000000000000000010
1010011100001010000010101011111101100000000000000000000000000000000010
1010000110010001100011101001100011000000000000000000000000000000000010
1010000100100001001001000111100101100000000000000000000000000000000010
1010001010101000101101111110010011000000000000000000000000000000000010
1010011011100111100000100110101001100000000000000000000000000000000010
1011110010110001010100000101011011000000000000000000000000000000000010
1010000110101010000011111101110110100000000000000000000000000000000010
1011101000000101110010011010111111100000000000000000000000000000000010
1011001000100001111001001011101001100000000000000000000000000000000010
1011100101010010001001111111100001100000000000000000000000000000000010
1011001001000011000111110110000110100000000000000000000000000000000010
1010110111100001101101101011011001100000000000000000000000000000000010
1011100100010110000000110000001011000000000000000000000000000000000010
1011100101110001110011101010000010000000000000000000000000000000000010
1010100100110001101101111111111011100000000000000000000000000000000010
1010101001101101011101011000000111000000000000000000000000000000000010
1011000111000001111111111011111111100000000000000000000000000000000010
1011100011000101100011101101111011100000000000000000000000000000000010
1010001000010001011110001100000110100000000000000000000000000000000010
1010011011000001101111111101011111100000000000000000000000000000000010
1010100001001111011101101000010011000000000000000000000000000000000010
1010110101000000010101111111011101100000000000000000000000000000000010
1010001111011111100001111100101111000000000000000000000000000000000010
1010101010111011010101111001010101000000000000000000000000000000000010
1010100010110011000011011010000010100000000000000000000000000000000010
1011011101001000001110110001101100000000000000000000000000000000000010
1010010011001110000000101110001001000000000000000000000000000000000010
1011101110000111101111110010101001100000000000000000000000000000000010
1011001000001001101100110111100100100000000000000000000000000000000010
1010000000000010110101101101001110100000000000000000000000000000000010
1010010011010111100010011101101000100000000000000000000000000000000010
1011110111110101001010001110100001000000000000000000000000000000000010
1010010101011010111110111001100110000000000000000000000000000000000010
1010010001111000011001110001100011100000000000000000000000000000000010
1010000011110001100100011011001100100000000000000000000000000000000010
1010010110001010001110111111000010100000000000000000000000000000000010
1010101100011011001101100111111011100000000000000000000000000000000010
1010111011000100011101000111101011100000000000000000000000000000000010
1010110010111011001001111010001101000000000000000000000000000000000010
1011000001010010000011110100000011100000000000000000000000000000000010
1011001010101001110011011110111011000000000000000000000000000000000010
1011010010111110100001010111100001000000000000000000000000000000000010
1010100011100011001001001010000110000000000000000000000000000000000010
1010101011111000011101101010010100100000000000000000000000000000000010
1011000011001110000101101010101011000000000000000000000000000000000010
1010100000101111001101011111100101100000000000000000000000000000000010
1010011001110010011110111111011001100000000000000000000000000000000010
1011001101100011111000011001011011100000000000000000000000000000000010
1010000101101100000110000000101010000000000000000000000000000000000010
1010000110110001100100011100110101100000000000000000000000000000000010
1011110101110000001001100100100110000000000000000000000000000000000010
1010101001100010000001000110001101100000000000000000000000000000000010
1011000110101010100110100011111111000000000000000000000000000000000010
1011101001111001111110000111100101000000000000000000000000000000000010
1011101101100000010101101111100101000000000000000000000000000000000010
1010101101000111010110101100101000100000000000000000000000000000000010
1011101010100001111011101010101000100000000000000000000000000000000010
1011100101010001100101000110111110100000000000000000000000000000000010
1011000000000111011011000010100101100000000000000000000000000000000010
1010010000001011100001010010011000100000000000000000000000000000000010
1011010000000100100000101001100110000000000000000000000000000000000010
1010000010010101111000101010010110100000000000000000000000000000000010
1010110100011101101011010110110111000000000000000000000000000000000010
1010000011100110000011001100110011000000000000000000000000000000000010
1010101011011100100010010101010110100000000000000000000000000000000010
1010100000000100000110011101011101100000000000000000000000000000000010
1011111000000001100001111111100111000000000000000000000000000000000010
1011100010111100111011111010011011000000000000000000000000000000000010
1011011100100111000110100011101111100000000000000000000000000000000010
1011010101000101110010001011011000000000000000000000000000000000000010
1011110010000000100110110000101000000000000000000000000000000000000010
1010011011011010000110011011111110100000000000000000000000000000000010
1011011011100010110001000111100110000000000000000000000000000000000010
1011001001010111011110011110010111100000000000000000000000000000000010
1010100000000011010110000110000101100000000000000000000000000000000010
1010011000010000011010110101101001100000000000000000000000000000000010
1010010001100111000100111111001110100000000000000000000000000000000010
1011011101100100110110010010110100000000000000000000000000000000000010
1010100110101000001111101111101101000000000000000000000000000000000010
1011100100111110000110011010001110000000000000000000000000000000000010
1010010101001000110001011111010101000000000000000000000000000000000010
1011000000100010000010101111100111000000000000000000000000000000000010
1011000000100011000000101010101100000000000000000000000000000000000010
1011010100001000110110111101000001100000000000000000000000000000000010
1010111010110111000111100000111010000000000000000000000000000000000010
1011010011111011010100111101110010000000000000000000000000000000000010
1011111001101010011111000011100011000000000000000000000000000000000010
1011100000001100001101001011000101100000000000000000000000000000000010
1010110001010001110101010110101110000000000000000000000000000000000010
1010001001010110101110011100110100000000000000000000000000000000000010
1010010010101010011000110011010000100000000000000000000000000000000010
1011000101000110000011100001000101100000000000000000000000000000000010
1010001100100001010111001010010011000000000000000000000000000000000010
1011001001001010010011101111010001000000000000000000000000000000000010
1011110010011010011001110110011101100000000000000000000000000000000010
1011010001111001000001101000101111100000000000000000000000000000000010
1010000010101111100111010111110110100000000000000000000000000000000010
1011010010000000000000011111000111100000000000000000000000000000000010
1011101010110101100011000011111011100000000000000000000000000000000010
1011001001010001010101110000000101100000000000000000000000000000000010
1010111111100001001110110111010100000000000000000000000000000000000010
1010111011011010001101001110011111000000000000000000000000000000000010
1010101001011110001101000011110001100000000000000000000000000000000010
1011110000011110100000100010100000100000000000000000000000000000000010
1010100000010100111101001010110100000000000000000000000000000000000010
1011111100110110000111010001100101100000000000000000000000000000000010
1010111000001110010111110100011110000000000000000000000000000000000010
1010000100001011001011111111111011000000000000000000000000000000000010
1010110100000000000011111100110110000000000000000000000000000000000010
1011111001010000011000111111101101100000000000000000000000000000000010
1010000101111100011100100010000100100000000000000000000000000000000010
1011110100110010110100001100100001100000000000000000000000000000000010
1010010001000011101001011111101111000000000000000000000000000000000010
1010011000111000011111011111110001100000000000000000000000000000000010
1010100010000110010010110001000111100000000000000000000000000000000010
1011000100101101011010101111101100100000000000000000000000000000000010
1010111100011011011111101010111101100000000000000000000000000000000010
1011000110111010010110110111101000100000000000000000000000000000000010
1010011101001000011000110011101100100000000000000000000000000000000010
1011101001001111010110101001011001000000000000000000000000000000000010
1010111000011111011011001100011110100000000000000000000000000000000010
1010001000101101001101111011111001100000000000000000000000000000000010
1010110010111100100101011011110111100000000000000000000000000000000010
1011001000100110010111011101110100100000000000000000000000000000000010
1011110001111100110111110110001100000000000000000000000000000000000010
1011110111111101110001011111001011000000000000000000000000000000000010
1011000100010001011010011011101110100000000000000000000000000000000010
1010101010000000000111101111010011100000000000000000000000000000000010
1011110101100100111011101011110101100000000000000000000000000000000010
1010000000001110110101111001001111100000000000000000000000000000000010
1010111100000101000111001110111100100000000000000000000000000000000010
1011000001111000011101010110100111100000000000000000000000000000000010
1010001001010100111000111110000010100000000000000000000000000000000010
1011111000010010100001010110011011000000000000000000000000000000000010
1010011101101101100111011001011111000000000000000000000000000000000010
1011001000000110101010101010011001000000000000000000000000000000000010
1011001100000101110101101101000001000000000000000000000000000000000010
1010111100111100100011111101011111000000000000000000000000000000000010
1010100000001000000100101000100111100000000000000000000000000000000010
1010011010111010010011110110101000000000000000000000000000000000000010
1010101100000101111100100000010011000000000000000000000000000000000010
1010101001001010100111110111111001100000000000000000000000000000000010
1011010001010000001000111101110111100000000000000000000000000000000010
1011000111001010001110001111010011000000000000000000000000000000000010
1011001100000110110111100111100110000000000000000000000000000000000010
1010101110010111110110011100100111000000000000000000000000000000000010
1010110010001011000100101011011110100000000000000000000000000000000010
1010100001001011010011010101111010100000000000000000000000000000000010
1010001010010000110010000100111101100000000000000000000000000000000010
1010001100000000001001010011110011100000000000000000000000000000000010
1011110010010000000110111101111000100000000000000000000000000000000010
1010100100110110001101111010001011100000000000000000000000000000000010
1011110001100111101111011101111011100000000000000000000000000000000010
1010101000110001101001011101000110100000000000000000000000000000000010
1010000100011111001110011111111111000000000000000000000000000000000010
1010100110011001000011110101101110100000000000000000000000000000000010
1011100011010000001000011110010111100000000000000000000000000000000010
1011011100110110000011100011100011000000000000000000000000000000000010
1010101000011110111111010101010100000000000000000000000000000000000010
1010101011111100000100011010111100000000000000000000000000000000000010
1011110001111000000101011000011101000000000000000000000000000000000010
1010000000101011110010101111111000100000000000000000000000000000000010
1010000011001110100110111110010011000000000000000000000000000000000010
1011010011111110100101000010000011100000000000000000000000000000000010
1011000011010111000111111110101110000000000000000000000000000000000010
1010011000011000100101001111111111000000000000000000000000000000000010
1010001100010101000110000111011111100000000000000000000000000000000010
1010111011111001000110001000100010100000000000000000000000000000000010
1011000111101001011111100101111110100000000000000000000000000000000010
1010010001100111110011101001110110000000000000000000000000000000000010
1011010010110000100011110000100110000000000000000000000000000000000010
1010000000101100100100111100111000000000000000000000000000000000000010
1011000110000101001010011001011000000000000000000000000000000000000010
1011001000011110110011101111100010100000000000000000000000000000000010
1011100111000001010000101110101100000000000000000000000000000000000010
1010100011110011101111010110000111100000000000000000000000000000000010
1010101110000001110100101000111000100000000000000000000000000000000010
1010110001111100110001101001010000000000000000000000000000000000000010
1010110010111011010110001111101101000000000000000000000000000000000010
1010000100001010000111001110111000100000000000000000000000000000000010
1011111111001010010000111100111110100000000000000000000000000000000010
1010010101011010110011111110111010000000000000000000000000000000000010
1011000110011101011110011110001011100000000000000000000000000000000010
1010011001100100000100010101000011100000000000000000000000000000000010
1011100110010011101001011011011101000000000000000000000000000000000010
1010100001010010100101110100111010100000000000000000000000000000000010
1011100010011101101100110101101100000000000000000000000000000000000010
1010000100100001001101101110110100000000000000000000000000000000000010
1011111000111010110000000000100100000000000000000000000000000000000010
1011010011100101111000000111010100100000000000000000000000000000000010
1010101001001010111111010111011110100000000000000000000000000000000010
1010110110001110110100111001010001000000000000000000000000000000000010
1010100010001100110101000001110101100000000000000000000000000000000010
1010011111110100101111101010110011100000000000000000000000000000000010
1010100100010010001110001110100111100000000000000000000000000000000010
1011010110010101111000110100001000100000000000000000000000000000000010
1010010111101101000010011101101000000000000000000000000000000000000010
1010011010101010000111100111010111100000000000000000000000000000000010
1011100110010111010010011100011010100000000000000000000000000000000010
1011100110101001000100001011010001100000000000000000000000000000000010
1010111011101010100111001110100100000000000000000000000000000000000010
1010111101100010100001110111011111000000000000000000000000000000000010
1010101010011001000110101100010100100000000000000000000000000000000010
1011111001000111001011100011011111000000000000000000000000000000000010
1010110001001010000111010110000011000000000000000000000000000000000010
1010100000100001111101010010011101100000000000000000000000000000000010
1011000001010001000011101101011011000000000000000000000000000000000010
1010111011000000110111000110010110000000000000000000000000000000000010
1010000100000000000110010110111101100000000000000000000000000000000010
1011011001000001101011000011000111000000000000000000000000000000000010
1011001001110001100111100001001101000000000000000000000000000000000010
1010110110000010010000111000011111100000000000000000000000000000000010
1011110111000010111111010000101010000000000000000000000000000000000010
1010111110100000011011101010010110100000000000000000000000000000000010
1010101011001000110101111000011011000000000000000000000000000000000010
1010000010001011001110000111111001100000000000000000000000000000000010
1011001001010010000001001010010011100000000000000000000000000000000010
1011100000000001000011111110010011100000000000000000000000000000000010
1011001001010000010011101001010111000000000000000000000000000000000010
1010100011000011000111100010000110100000000000000000000000000000000010
1010000010111010110000111110001010100000000000000000000000000000000010
1010000010100000100101010010001101100000000000000000000000000000000010
1010011010110010111010110110101001000000000000000000000000000000000010
1011000001110000000010010101100010100000000000000000000000000000000010
1010111101010000000110011010010111100000000000000000000000000000000010
1010100011110000100100110100110100000000000000000000000000000000000010
1011110001110110110101111101010010000000000000000000000000000000000010
1010001001000011100100000010100010100000000000000000000000000000000010
1010001000000111010001110010011110000000000000000000000000000000000010
1011000110010011100001100011010101000000000000000000000000000000000010
1010010101000101111111111100001000100000000000000000000000000000000010
1010111001101000010111010101101101100000000000000000000000000000000010
1010011101000001111101011100001001100000000000000000000000000000000010
1010110111010010010100111101111101000000000000000000000000000000000010
1010000000011010000110110110101011100000000000000000000000000000000010
1010110111010100110111111111111101100000000000000000000000000000000010
1010101110101111001111011011111111000000000000000000000000000000000010
1011000001010101010110101111111111000000000000000000000000000000000010
1010000001110011101000001011001001100000000000000000000000000000000010
1010111001000001001001001101111111100000000000000000000000000000000010
1010101100110010110101010100110010100000000000000000000000000000000010
1011010111000111000110011011110010000000000000000000000000000000000010
1010100000100100001001001110101011100000000000000000000000000000000010
1010001100100100001100101111110110000000000000000000000000000000000010
1010001111000100111010000101111111100000000000000000000000000000000010
1011001110000100010001001100101001000000000000000000000000000000000010
1011100011111101001111101101001010100000000000000000000000000000000010
1011000001000010011101111110111110100000000000000000000000000000000010
1010110101010000110100110011011010100000000000000000000000000000000010
1010010100000011010101111011000110100000000000000000000000000000000010
1010111100010100101111100011011011000000000000000000000000000000000010
1010000111110000110100101101011110000000000000000000000000000000000010
1011001110000010111011111101111011000000000000000000000000000000000010
1010111000011101000011011100100000000000000000000000000000000000000010
1010001000110110111111011101001110000000000000000000000000000000000010
1011110000010110001000001111001001000000000000000000000000000000000010
1010100000011110111110011111101111100000000000000000000000000000000010
1010000000010011110101011011001100000000000000000000000000000000000010
1010000001010001011111111110001001000000000000000000000000000000000010
1010100010001010100000110101011100100000000000000000000000000000000010
1010001110110000110100000111111111100000000000000000000000000000000010
1010001101100100000001001100110010100000000000000000000000000000000010
1011011001010011000111010101101011100000000000000000000000000000000010
1011010001010010100100000000011011000000000000000000000000000000000010
1010011010110100100101101010100001100000000000000000000000000000000010
1010001100110111111001001011011111000000000000000000000000000000000010
1011101010010000110101110000001000000000000000000000000000000000000010
1010010010100010000111110011111000100000000000000000000000000000000010
1010011110010100011100010011101001100000000000000000000000000000000010
1011101010001011001101011111010000100000000000000000000000000000000010
1011000010001000000101000010011101000000000000000000000000000000000010
1011100000010111000111001010111101100000000000000000000000000000000010
1011110010000100000000011100100011100000000000000000000000000000000010
1010100111100001100001010011111101000000000000000000000000000000000010
1011100111001010001111110011100101100000000000000000000000000000000010
1010010000110100000110010011111010100000000000000000000000000000000010
1011110110010010100010011111001110000000000000000000000000000000000010
1011000110011010000001000111001111100000000000000000000000000000000010
1010011011000000101111010001111101000000000000000000000000000000000010
1011000000100011000011000110010010100000000000000000000000000000000010
1010011110000000010100110110010001000000000000000000000000000000000010
1010001010001101111011100000110011100000000000000000000000000000000010
1010000100100101011010100001001101000000000000000000000000000000000010
1010010000010101101111011000000011100000000000000000000000000000000010
1011000000101111101011010011111001000000000000000000000000000000000010
1010100010000000101010001111101111100000000000000000000000000000000010
1010001100100111100000100000001000000000000000000000000000000000000010
1011110010111110001101100011110110100000000000000000000000000000000010
1010010000010011100110000111001110000000000000000000000000000000000010
1010011010000000110010010010101100100000000000000000000000000000000010
1010010100011010000011101111111010100000000000000000000000000000000010
1011110001001101001001010100011111100000000000000000000000000000000010
1010010101100000101111011010010000000000000000000000000000000000000010
1010110001000100010100010111100111100000000000000000000000000000000010
1011101000001000111110101001011110100000000000000000000000000000000010
1010111101111101100100010101011101000000000000000000000000000000000010
1010100110010100110111010010011110100000000000000000000000000000000010
1011000001110100011100011011011010000000000000000000000000000000000010
1010010000010000100110001011011011100000000000000000000000000000000010
1011010111100101101010111100110101000000000000000000000000000000000010
1010101111011100010111011110111100100000000000000000000000000000000010
1010110110100011001110011001011100100000000000000000000000000000000010
1010100101100000110010101001111111100000000000000000000000000000000010
1011101101011101010100111111011101000000000000000000000000000000000010
1010101000000011110101101011010011000000000000000000000000000000000010
1010101100100010000000100111011010100000000000000000000000000000000010
1010010100110001101111111101010111100000000000000000000000000000000010
1011010010010010010111011111100110100000000000000000000000000000000010
1011001011011100111110110100011100000000000000000000000000000000000010
1011010111100000001111100101011110000000000000000000000000000000000010
1011101000110111010010101100110011100000000000000000000000000000000010
1011010110011100010100000011000111100000000000000000000000000000000010
1010111101010001010101100010000010100000000000000000000000000000000010
1010101110010110001001110011001111100000000000000000000000000000000010
1011010100000011100000111001111100100000000000000000000000000000000010
1010001000011100000110000011001101000000000000000000000000000000000010
1010000100011101100001001111110010100000000000000000000000000000000010
1010011101011001111001110111100101100000000000000000000000000000000010
1011101100110000010111100010100010100000000000000000000000000000000010
1010001011111011101000111011010110000000000000000000000000000000000010
1010100110011100010101010111100001000000000000000000000000000000000010
