1011110101000010011101011000101101000100111110010000111011101010100010
1011111000000100100011101111111001010100110111001100100011111011000010
1011000110111010000011001000101100000001010111001000001001000110001010
1010000000000001001110011101010110101110100100011001000010001001111010
1011000111011100011011101000011000110001010101000101000001110000110010
1011101001100010100001001110101001101011010011000100100001101100100010
1010101110100000000001010011000001010010010001000110000101011110001010
1010000111001000000011101101001011100110011010010000111101001011110010
1011000110010110010011101000111000110011111100111101100101100010011010
1010010110111100011101100111101110100100000101111111011111001110011010
1011101010001111001001010001010001111011000110111101110000011001111010
1010110110010111110010010111001101011001010110110100111001110100011010
1011010000001100110011100001110011111001100100000110000011001001011010
1011010001110100011101010100100001101000000001010001000000011100111010
1011110100111101110101010111010001010110100010110010100101001111111010
1010000100101110101010010101110100101011000100100100111101100011000010
1010010100010000000010001011111001001001111011100110011110100100011010
1011100011000001010111101000010111111001000001110101011110100101110010
1011101100000001000101001100011100100000111101100001001101101111011010
1010101100101110011010100101000110100011010100101100111001111101110010
1011000100010100111000101100011010011001001011010110011100001110000010
1010101110101000111110100011111010000010111010000110010100001100110010
1011010100011010101101111010100001011010100001100010001001011000010010
1010100000011110010011111101010000001000011101111010111001010000011010
1010000110100111010001001000101010011100011101000101100111000011010010
1011111100110110111010110001101011111010011000011110100110010100101010
1010011011000110111011010000101110011111101110111000101110100001001010
1010110110111100000101101101101011110101111110100111011110000011101010
1011110110101110111101110100010101001110100010011010000000010011000010
1011100000110010111000010110000111111100001100010001001011011000111010
1011101110000010001000000100011110001101100111011110011111110010111010
1011110001000111100111000000011011011011110101111101110110100111100010
1011111100000100101001011111001011001100111011110011001001101111010010
1010001100011111111101110001110101001111011100011101011000100001000010
1011111101010010101011111100101111001101000001001010011101111011000010
1011100111001011011000000100000111111000101000010011101011001110000010
1011011011100111111000111100001101011101010101000100001100111001011010
1010001000000101100111101111110101101000110000011101110010011000110010
1011000000011000011111001111110011001000001001010000101100110000011010
1011001101001101110101000010011111011001010110011011101010010000100010
1011100111011111010110111001001011011101011101100100010100110101111010
1011101100100001010111111100011110001000100001000101110111010010000010
1011010100000110010111110011101100001001001100110000011000111001101010
1011000001111001101101110111100100000111110110001111011000010100010010
1010000011010010000001100011101011111100011110110101011100110010010010
1010001010111011111100111000001111110100111010011000000011110001101010
1010011010000000101000111110001000011110011001101011010011100000101010
1010110111010001011010110101111110010110100100101000101001010000010010
1010100000100000101011110011110010111101110100100011100000100110011010
1010000001100111010010101011101100001111100001010001100101001000010010
1010001110010001001111001111011111001101000111110101010011100010100010
1010011111110000011001110100101111110110110111110110010011111010101010
1011001101111110010001101000000010011011100100010111100101000011011010
1011000111010001100101010010001110001110101100010100000000100010000010
1011101110111110000111001100101100110100010110110111010010010110010010
1011000100010111110110011010111011001010111111100011001001110100110010
1011010011111101100100100000010011110010001110000110101010001001000010
1011110011101110111001010110001010011110100000101001001101111000011010
1011101101111100101010000001001000000010100110001110100000110001110010
1011100001100100101010010011111010011110000000000011100111101111111010
1011001111111000100101001010011011100001011101000100100010100001110010
1010001011010010111001011100000101001111100000111100010011100001000010
1010010000010010001111011011110110010100000011101011101011011101000010
1011101011000001110101010100000111111010011101001010000101111011100010
1011011001011000101101000010110000111111100101010000000000100000000010
1011011001000100111100011010010010100000100000011101000000000110001010
1011011011011001101111010101111111101010001000000001111010000001110010
1010111000111101100101110010111010110101001101111111100100111110100010
1011111111011111011101011101011000011000101101111000101010101110001010
1010110101000011111101011100111101110111010110000010111011001010010010
1011100001110000110011100000001011001111100111011001000100110100110010
1011010000100010000110101000010011010101001011110111101010110001100010
1010011101101001010101010111010001111000100111111100011101110100111010
1010101010000010010001010011010000111111010111011100011011110110000010
1011101001110111111001011110001010001110100011010001011011001110010010
1010110100110101100101110011011111011001100111110111111001000000000010
1010010011101001101101101011100001110010110111000001011101011100000010
1010100011100110110000100100001110111010001110100010110101011000100010
1011010110001111001101101110001101011010100000100101010001011011010010
1011010000101010001110010001000011111100101011000011000011011110010010
1011111010110010100101110011100000100011101111000000100010011001000010
1011111010000010111100101110000011101100100011011101010001011101100010
1010111010101001000001100110001110010100001011101001010001010001101010
1010111010011010100111011010101100101100110010001101110111000001110010
1011111101001000100010010011010010101000010011100001000010001111000010
1011001101011001100100111001101011101000011110111111111011010101010010
1011110001100000100110101111001010000001100001000110100001010000111010
1010000111000000100110100010110110111111110001100010011101111010010010
1011010110010010011011110001010101101001001100100111011000100001000010
1011100010111101110101010100101100001101011001100110101010011100111010
1011011100000011111010111101101010100010010110101010000000110000111010
1010101101011011101011111111110011110001110101101001100111000001101010
1011010111011101001101110000011000111010111101111011100100011000011010
1010110010010001111111000101001110001100010111001100111110101011101010
1011111001110110111111101000101000110110001110111111111000001000101010
1011100110101111001000001011100000000100111010111111101001100011001010
1011101101111111001100101101111101111010000010101100010101000101011010
1010110010000000100011011110101110100110111110010111101000011000010010
1011110111011001111001011011010101100111001110101000111111110110010010
1010101111001110000100101101001001000001101100111101111111000101100010
1010010011011110010100111000111001111000011011111110011101111011110010
1010111101110111101010101010011110010011101010110010101100011000111010
1010011110110110010000110011100000111101011000101101011100001100111010
1011010101001011111101110010000101111110111001010110010001000110111010
1010100110110101110110001110010011010000000100111011010111111011000010
1011110100011001100001110110110100001101000101001110011010001101001010
1010111111110000110001000000110000100100111011000101101000111000000010
1011111101010101001001110101000010011010000011111111011000110111111010
1011000000100101001011001110111101111010100101010001000010100101101010
1011011010110000110101110100011000101000001111111000011100111000011010
1010010100110000010101010010110101011000010010100010100000100011001010
1010001010000011110000110111111011100000101100101111000010011110011010
1011100011001111101000101010011100111101000000110110001010111111110010
1011111011000111100110110011100011100010001111101110010101111010000010
1010001111011111111110110000101001011100111101101011110010000111011010
1011001111100011111001110011100011111101111110111001110010111111011010
1011101011101001001000111111000011001001001110011001001000011011111010
1011010100100000110100011101110100000111000111011110110001010000111010
1011010100001000011110110111100110110100101000001111000000011100010010
1011010110011010011111010010111100101001010111101011011010111011100010
1010000111101011101000010100110110001111111010100101011101110100110010
1011011000001101100010011000101011010101010100011111000100110000011010
1011111110011000110111101000000100010001101010101100010001100101110010
1010001111011010100010010010100000001100000101000101110111100000101010
1011010001001111101000000101111111101001100111000101101101010100011010
1011000010011101111010101101001111110010111111010110111100110100011010
1010010111111011011001111001111111000100100010010011111011010111100010
1010000111000111111101010100000101000100100101010010110100000111001010
