1110001000000110010010011011110010000000000000000000000000000000000010
1111101000100100101011010001111011100000000000000000000000000000000010
1110111011111101100110000101101000100000000000000000000000000000000010
1111100001111001100110010110001100100000000000000000000000000000000010
1110110101100001010001010111110010000000000000000000000000000000000010
1111001001111111111100011110010100100000000000000000000000000000000010
1110100111101010000111110001000110000000000000000000000000000000000010
1110000011010111010101001101011000000000000000000000000000000000000010
1110111100000110010001111010101100000000000000000000000000000000000010
1110001000101010110000110101001100000000000000000000000000000000000010
1111101010001000000100100011100011000000000000000000000000000000000010
1110100001111000101010110010001000100000000000000000000000000000000010
1111111110001100000000111011110010100000000000000000000000000000000010
1111011100111001010111101111010110100000000000000000000000000000000010
1110010101010100100100110111111011100000000000000000000000000000000010
1110010010010110101011100000101111000000000000000000000000000000000010
1110000111110000111111001001101011100000000000000000000000000000000010
1111110010011001010100101111110000000000000000000000000000000000000010
1111010101110000100001110011100011100000000000000000000000000000000010
1110110101010110001110100111100100100000000000000000000000000000000010
1111010110010000101001101010100111100000000000000000000000000000000010
1110001100010100000100110001010100000000000000000000000000000000000010
1111101101111000101101110011110000100000000000000000000000000000000010
1110001111111100100111101101110110100000000000000000000000000000000010
1111100100100101111111111000010110100000000000000000000000000000000010
1110101100100111100000110011111111000000000000000000000000000000000010
1110111000011000101100010010101110100000000000000000000000000000000010
1110110011111100000111110100110100100000000000000000000000000000000010
1110110001101010010100001110010011000000000000000000000000000000000010
1110000000101010001111010110000010100000000000000000000000000000000010
1110000010110001111110010100001000100000000000000000000000000000000010
1111101000000010100110000010010100000000000000000000000000000000000010
1111110110011000110001010100101001100000000000000000000000000000000010
1111010000011111111001111011110111100000000000000000000000000000000010
1110110101010111000001000111111000100000000000000000000000000000000010
1111110111100101010110011001110001100000000000000000000000000000000010
1110000110011100011010101000001011000000000000000000000000000000000010
1111011001111000100000001101011110100000000000000000000000000000000010
1111111110101001111101101111100000000000000000000000000000000000000010
1110111101101100010101100000011001100000000000000000000000000000000010
1110111001010001000110011001001001100000000000000000000000000000000010
1110001001110010110010100011001111000000000000000000000000000000000010
1111010101011001001110101000101000100000000000000000000000000000000010
1110000000011000011010010110010001000000000000000000000000000000000010
1110000000100000000110111011101101000000000000000000000000000000000010
1111110010111101111101100111010011100000000000000000000000000000000010
1111111100110010111000001001010100000000000000000000000000000000000010
1110011100011011100111010000101101000000000000000000000000000000000010
1110100000111000101001011110111010000000000000000000000000000000000010
1111110110011101110101001111011001100000000000000000000000000000000010
1110000010000001010001001001111110100000000000000000000000000000000010
1111110000101101110011100111001001000000000000000000000000000000000010
1110000001001000100110110101100100100000000000000000000000000000000010
1110010101101001110110000000011010100000000000000000000000000000000010
1110001010101101010000110010011100100000000000000000000000000000000010
1110100100001011100101101111110100000000000000000000000000000000000010
1111110011110001111000000111110001000000000000000000000000000000000010
1111010011001011010000010011101101000000000000000000000000000000000010
1111110011100110011001101111011011100000000000000000000000000000000010
1111000100011000011000000100100100000000000000000000000000000000000010
1110101001111000101100111101100101100000000000000000000000000000000010
1110010011010001110101100010011100000000000000000000000000000000000010
1111111001100100111101011011111111000000000000000000000000000000000010
1111001001001101011000100000000111100000000000000000000000000000000010
1110001001011011011110010100101001100000000000000000000000000000000010
1111011111111110100110101000101000000000000000000000000000000000000010
1111111000110011000011000010010001100000000000000000000000000000000010
1110111010100111111010010000101011000000000000000000000000000000000010
1110000010010000010100110111101100100000000000000000000000000000000010
1110100001110110001011001100000001000000000000000000000000000000000010
1111000000011001011100101011011100000000000000000000000000000000000010
1110101011111011000111010000110111000000000000000000000000000000000010
1110110110010110000101010011101011100000000000000000000000000000000010
1111001010111101100001000101111010100000000000000000000000000000000010
1111011010011000100001101110011111000000000000000000000000000000000010
1110000110011111001000010000000100100000000000000000000000000000000010
1110100010010010111111011110010011000000000000000000000000000000000010
1110011000000000010001110100001010000000000000000000000000000000000010
1111111011110011000010000110001101000000000000000000000000000000000010
1111001101111100011111000111011101100000000000000000000000000000000010
1111110000001001101010011100110110100000000000000000000000000000000010
1110110000010010010001110111100011100000000000000000000000000000000010
1111010011000010111110011110100101000000000000000000000000000000000010
1111110100001110010110000000110111100000000000000000000000000000000010
1110000000001101000111000010100100000000000000000000000000000000000010
1111011101010010111000100111100000100000000000000000000000000000000010
1110000010010011101011101100111111100000000000000000000000000000000010
1111110101101001100111101101110111000000000000000000000000000000000010
1110011001101111110010010010010100000000000000000000000000000000000010
1110101010011001010011110010001110100000000000000000000000000000000010
1111010001110100011111001100011000000000000000000000000000000000000010
1111010101110111110101100101010111000000000000000000000000000000000010
1111011101111101000001100110101100000000000000000000000000000000000010
1110100111110100011011101011101000100000000000000000000000000000000010
1111011100110010011001100000011001000000000000000000000000000000000010
1110000110101100110100001010000001100000000000000000000000000000000010
1110111011000110001001111110101000000000000000000000000000000000000010
1111100110111100101111000001000111000000000000000000000000000000000010
1111110011111011001001101010011100000000000000000000000000000000000010
1111001110011001111101010010110100100000000000000000000000000000000010
1110101111000010000000001101001001000000000000000000000000000000000010
1110101100101111011110000101011101100000000000000000000000000000000010
1110000010011110101000111010000000000000000000000000000000000000000010
1110011010110111000000111100001111100000000000000000000000000000000010
1111011111101001101011111111111000100000000000000000000000000000000010
1111110001000011100001010100111100000000000000000000000000000000000010
1111110101001101000110101000111010100000000000000000000000000000000010
1111011100010100111110011001010011100000000000000000000000000000000010
1110111111101000001100000101001111000000000000000000000000000000000010
1111011111000001010010010111101110100000000000000000000000000000000010
1111110110111000101101101111011110000000000000000000000000000000000010
1110101111110000101000111011101011000000000000000000000000000000000010
1111010100100100100110011011001100100000000000000000000000000000000010
1110101110111100111101001110011100100000000000000000000000000000000010
1110110110001011110000000110001001000000000000000000000000000000000010
1110001000100011100100000001100110000000000000000000000000000000000010
1111111010010101100000001000000001000000000000000000000000000000000010
1110001000110110011010111101000011000000000000000000000000000000000010
1110000111101010101000001110001111000000000000000000000000000000000010
1111011000000111001010001011011001100000000000000000000000000000000010
1110110000010101111101101010001010000000000000000000000000000000000010
1110000000010100100001110100010110000000000000000000000000000000000010
1110000000100100000001001100110011100000000000000000000000000000000010
1111011100110001010000000010110101000000000000000000000000000000000010
1111111110010100010010001011101100000000000000000000000000000000000010
1110100001001000000101011001011100000000000000000000000000000000000010
1111111110000110010000100001001010000000000000000000000000000000000010
1111111001111110010000101110011100100000000000000000000000000000000010
1110000110111100110000110010111001000000000000000000000000000000000010
1110100000010000010000010001010010000000000000000000000000000000000010
1110001100000100001111100110001000000000000000000000000000000000000010
1111111101100110111100001010000110100000000000000000000000000000000010
1110011010101101011000101000000000100000000000000000000000000000000010
1110011100100110111011110100001100000000000000000000000000000000000010
1110001111010111010001000010011001000000000000000000000000000000000010
1110000100111010111011010110010110100000000000000000000000000000000010
1110101010101100100011011011100000100000000000000000000000000000000010
1110001000000101111011000000101001000000000000000000000000000000000010
1111100111100101100011011011010100000000000000000000000000000000000010
1111101000101010001101111100101111100000000000000000000000000000000010
1111010011011110010001001101011001000000000000000000000000000000000010
1110001110011101110000100011000001000000000000000000000000000000000010
1111101110101010111111000001010001100000000000000000000000000000000010
1111110000010011010110001010010111000000000000000000000000000000000010
1111111011000011010101111011101010000000000000000000000000000000000010
1111101001010001111000111011100000000000000000000000000000000000000010
1110000011010000011010010110111100100000000000000000000000000000000010
1110011000100110000010000100110111000000000000000000000000000000000010
1110001011011101000011011110001101100000000000000000000000000000000010
1110110111100100000100011010101110000000000000000000000000000000000010
1110010111010011110100011011001010100000000000000000000000000000000010
1110100011100100110111101101101111000000000000000000000000000000000010
1111000010011111010111011010101000000000000000000000000000000000000010
1110100110000110110000011010010010100000000000000000000000000000000010
1110001100000010111000110111010010100000000000000000000000000000000010
1110111111111110110111101111000011100000000000000000000000000000000010
1111100000110000010010101000110110000000000000000000000000000000000010
1111100110001101110011111010010010100000000000000000000000000000000010
1110001011110100011000110111011001000000000000000000000000000000000010
1111111111011001000111110101010010000000000000000000000000000000000010
1110100100001011011110111001010001000000000000000000000000000000000010
1111100010110100100010000110010001100000000000000000000000000000000010
1110000101100001110000100111111111100000000000000000000000000000000010
1110000001001001000010001101010011000000000000000000000000000000000010
1111111010011001000001101000010101100000000000000000000000000000000010
1111110110011000111011100110010111100000000000000000000000000000000010
1111001001100010110111101111010010100000000000000000000000000000000010
1111000011011101111100010100010110100000000000000000000000000000000010
1111101111000000010111101010000101000000000000000000000000000000000010
1110011010000101001110101010000011000000000000000000000000000000000010
1111010110001101111101101001101110000000000000000000000000000000000010
1111010011110101111011001011011001100000000000000000000000000000000010
1110011110110100110101110101111111000000000000000000000000000000000010
1110001010010010011000001000000101000000000000000000000000000000000010
1111011101100101010111100100100101100000000000000000000000000000000010
1111010110100011000000110000000010100000000000000000000000000000000010
1111100100111001101101100001000101100000000000000000000000000000000010
1110110101001001111010010000000000100000000000000000000000000000000010
1110110011010111111110100111000010000000000000000000000000000000000010
1111100010111010100110010000100110000000000000000000000000000000000010
1111000100011001001010010001101101000000000000000000000000000000000010
1110011010001100111100110000000101100000000000000000000000000000000010
1111010011110000101101110111101000000000000000000000000000000000000010
1110001011100101010010110010111100000000000000000000000000000000000010
1110110100011111011000000100000110100000000000000000000000000000000010
1110101100000000000111110010100001000000000000000000000000000000000010
1111100100000001000111011101111011000000000000000000000000000000000010
1110011111111100111001011011111101000000000000000000000000000000000010
1110111111110011011110000011101111100000000000000000000000000000000010
1111001000011100000000001011110011000000000000000000000000000000000010
1111110100010011110010000011011111000000000000000000000000000000000010
1110001110011101010011111111001101000000000000000000000000000000000010
1110100010011111010010010110100110000000000000000000000000000000000010
1111111100000001001100010001011010100000000000000000000000000000000010
1111110001010011001101101000101011100000000000000000000000000000000010
1111001111010001000110001110001001000000000000000000000000000000000010
1110111001100101111010101001000110100000000000000000000000000000000010
1111110101110100001000101101111011000000000000000000000000000000000010
1111001111000011001011111000100101100000000000000000000000000000000010
1111110000010010000100000110001110000000000000000000000000000000000010
1110110011000111001001011001011100100000000000000000000000000000000010
1111100011110011101001101001101111100000000000000000000000000000000010
1111110011111000101101000111100001100000000000000000000000000000000010
1111111010000110100111000110111100000000000000000000000000000000000010
1110010000010000110110011001101010000000000000000000000000000000000010
1110011100110010011001101011110111100000000000000000000000000000000010
1110111000110110110001110101101001100000000000000000000000000000000010
1110111001111011101100010101000010000000000000000000000000000000000010
1110111110111010111010010011001100100000000000000000000000000000000010
1110000001010011001111110100110111100000000000000000000000000000000010
1111100101001111010110000111101000100000000000000000000000000000000010
1111110111011111001011000101000010100000000000000000000000000000000010
1110100101010001110111110011000110100000000000000000000000000000000010
1111100011000001010101010101100101100000000000000000000000000000000010
1111010111001101101110011000111110000000000000000000000000000000000010
1110110101001111001001111001001110100000000000000000000000000000000010
1111010010011011001010000111011000100000000000000000000000000000000010
1111110001000010011100001000001101000000000000000000000000000000000010
1111110100111010100111001000111111100000000000000000000000000000000010
1110101111000110101100110110011100100000000000000000000000000000000010
1111100110111000101111111111110111000000000000000000000000000000000010
1111011111110000110101110111110101000000000000000000000000000000000010
1110000110110010110110010100011110100000000000000000000000000000000010
1110111010100110011101111011001010000000000000000000000000000000000010
1110011011010000001111101000000101000000000000000000000000000000000010
1111100001000001100011000100001100000000000000000000000000000000000010
1110010000111111111100010111010111100000000000000000000000000000000010
1111110010101111111001100001111010100000000000000000000000000000000010
1110010110100100000110001010010000000000000000000000000000000000000010
1110110100101000000010111011111011000000000000000000000000000000000010
1110010111110111010000111011001100100000000000000000000000000000000010
1111011110100000001001011100101001000000000000000000000000000000000010
1110110110100011001111100100101011000000000000000000000000000000000010
1111101111100001001101110101010011000000000000000000000000000000000010
1110100011111010100110110010000111000000000000000000000000000000000010
1111001110000001110000111001001000000000000000000000000000000000000010
1111110111111001011100011110111111000000000000000000000000000000000010
1110101000010110000011001000000101100000000000000000000000000000000010
1111010100000011010110101000100001100000000000000000000000000000000010
1110111101011001000100100100000110000000000000000000000000000000000010
1111011010011110000101000010100000000000000000000000000000000000000010
1111111111110011100001010010100000100000000000000000000000000000000010
1110110110010111000001101000100110100000000000000000000000000000000010
1111011111000110010101111111001110100000000000000000000000000000000010
1111011110010010110100011010000011000000000000000000000000000000000010
1110100000101110110001011001001110100000000000000000000000000000000010
1110111101111010101001000001010100000000000000000000000000000000000010
1111001000011000010110011001101100000000000000000000000000000000000010
1110001111100001000011001010000011000000000000000000000000000000000010
1111010110100101110000111111001010100000000000000000000000000000000010
1110000100010101010110001010011101000000000000000000000000000000000010
1111111111101100000111110101111011000000000000000000000000000000000010
1110110101100011110101011000101101100000000000000000000000000000000010
1111010111110001110001001011110111100000000000000000000000000000000010
1110001111111101000110001110101111100000000000000000000000000000000010
1110000100011100100110111100011111100000000000000000000000000000000010
1111010011001110101010111001011101100000000000000000000000000000000010
1111010001100010100010110001111010000000000000000000000000000000000010
1111011111110100110000011000011000100000000000000000000000000000000010
1110000110011101101000000000000011100000000000000000000000000000000010
1110110010000100110011111100111110100000000000000000000000000000000010
1111010001000110100111101010100111000000000000000000000000000000000010
1111110011110100101010011010010010100000000000000000000000000000000010
1111110101001011000100001001001001000000000000000000000000000000000010
1111001001011000110110110011100000000000000000000000000000000000000010
1110010011111011000011100000010011100000000000000000000000000000000010
1111011011101101010111111010010100100000000000000000000000000000000010
1111010111011101000001001011000111000000000000000000000000000000000010
1110001101111100010110000000111101000000000000000000000000000000000010
1110110100001100100000100010101101100000000000000000000000000000000010
1111000000001111011000111101111110100000000000000000000000000000000010
1110111111000001000000111111010001100000000000000000000000000000000010
1111111000110011100111010111111000100000000000000000000000000000000010
1110101110011110000011111010001111100000000000000000000000000000000010
1110111110011111000111100101010110100000000000000000000000000000000010
1110010100110001110010000111010011000000000000000000000000000000000010
1110111001100011100000101111111000100000000000000000000000000000000010
1111100110111111001011010010010111100000000000000000000000000000000010
1111111100111000011010100111100001100000000000000000000000000000000010
1111010101001010101001111010010101000000000000000000000000000000000010
1110111101100101110010101111010011000000000000000000000000000000000010
1110010001001101111110110110100010100000000000000000000000000000000010
1110101011111010111011100011110101100000000000000000000000000000000010
1111111000010011011111101000001001100000000000000000000000000000000010
1110100110000101001000100010001001000000000000000000000000000000000010
1111011010010101111101000101000100100000000000000000000000000000000010
1110101011110100011110111100010101100000000000000000000000000000000010
1111000001011100111011111011000110100000000000000000000000000000000010
1111101111101001111111111110100100100000000000000000000000000000000010
1111101100001000001011010100101100000000000000000000000000000000000010
1111111111001101010100010110100001100000000000000000000000000000000010
1111111010111111110110011010110100100000000000000000000000000000000010
1110000110010100011010101000100010100000000000000000000000000000000010
1110111001101110011110001000010011100000000000000000000000000000000010
1111110011000001100010110001000010100000000000000000000000000000000010
1110111100111100001101100001100111100000000000000000000000000000000010
1110100000100111011000000110011010100000000000000000000000000000000010
1111101011001000011111001001111000100000000000000000000000000000000010
1111110000010111101110110000010010100000000000000000000000000000000010
1111110111111111111111000011100111100000000000000000000000000000000010
1111001110111001101010110010010110100000000000000000000000000000000010
1110011001010111000011010111011101000000000000000000000000000000000010
1111101001110100110000000011010000000000000000000000000000000000000010
1110111101011010000101011111011111100000000000000000000000000000000010
1110011011011001010100001111101101000000000000000000000000000000000010
1110111111000011000111101100110001100000000000000000000000000000000010
1111110010000110110111110001000011100000000000000000000000000000000010
1111010111010100100001000011011101100000000000000000000000000000000010
1111011001011111011010000100001001100000000000000000000000000000000010
1110011000110000110110001011011100100000000000000000000000000000000010
1111011000011001000001110000101101100000000000000000000000000000000010
1110011000010001100011101011000111100000000000000000000000000000000010
1111101000000011011100001001000001100000000000000000000000000000000010
1110010000000100100100111010000000000000000000000000000000000000000010
1111000001111101000010001100101010100000000000000000000000000000000010
1111001010101010011111100100001011100000000000000000000000000000000010
1110011000110010101110100011000111100000000000000000000000000000000010
1110000001100111101011111011110100100000000000000000000000000000000010
1110011011110000010101011101001110000000000000000000000000000000000010
1111111000111001101011110110010101100000000000000000000000000000000010
1110110011100000101010010000100101100000000000000000000000000000000010
1110100100010111011011111001100010100000000000000000000000000000000010
1110000110100101110110111111011110000000000000000000000000000000000010
1110101001011111101111101010110101000000000000000000000000000000000010
1110100111000111101001110011110110000000000000000000000000000000000010
1111000111111000100111000011111010000000000000000000000000000000000010
1110100011100111100101000111111111000000000000000000000000000000000010
1110110000111010100011001000000100100000000000000000000000000000000010
1111001000111100001010011010110111000000000000000000000000000000000010
1110000000111000010001101001110101000000000000000000000000000000000010
1110001001100001111111101011111101000000000000000000000000000000000010
1110000011101011110001110100001110100000000000000000000000000000000010
1111101100011000001100011101100010000000000000000000000000000000000010
1111001100101111100111000110101111100000000000000000000000000000000010
1111001101000000010111011010111101100000000000000000000000000000000010
1111111001010000000001100101010110000000000000000000000000000000000010
1110000000111001111110001001000110100000000000000000000000000000000010
1111110000101101110111000101000101000000000000000000000000000000000010
1111010000010011000100101000001011100000000000000000000000000000000010
1110001011010011001011111111100001100000000000000000000000000000000010
1110000110101111110110011000000010100000000000000000000000000000000010
1111101001000011110101001000010101000000000000000000000000000000000010
1111011000110100101110101010101000100000000000000000000000000000000010
1110111110001010101111001001101011000000000000000000000000000000000010
1111001110101100100110000010000011100000000000000000000000000000000010
1110110001001110111101100011111010000000000000000000000000000000000010
1110001011111111111011000100011100000000000000000000000000000000000010
1110101100101111111011011011101111000000000000000000000000000000000010
1110110101100010100110111001011111100000000000000000000000000000000010
1110010010111010011010010111100110000000000000000000000000000000000010
1110011000000011011100010001011000100000000000000000000000000000000010
1111011101010001100110000010110000000000000000000000000000000000000010
1110011111100011101011111100110101100000000000000000000000000000000010
1110001100110100101010101001110111100000000000000000000000000000000010
1111001011010111101010100101010000000000000000000000000000000000000010
1110101100100110000011110110000000100000000000000000000000000000000010
1111000010010010100001000000011110000000000000000000000000000000000010
1110101010000000111000010001110100100000000000000000000000000000000010
1110101100100111001011110010110000000000000000000000000000000000000010
1110000010011110111011110101010010100000000000000000000000000000000010
1111101010011111100011101101100101000000000000000000000000000000000010
1110101111010110100001100000111101100000000000000000000000000000000010
1110000001001101111101110000110000000000000000000000000000000000000010
1110011110100001100111100100010101100000000000000000000000000000000010
1111011011000101100110110111111010100000000000000000000000000000000010
1111000101010100110111011101111000000000000000000000000000000000000010
1110011111011001101101011110110000100000000000000000000000000000000010
1111010010011111110000110100000101000000000000000000000000000000000010
1111010101000110001010110010010000100000000000000000000000000000000010
1111011011111010010110010101000001000000000000000000000000000000000010
1110101101100010010101111101110010000000000000000000000000000000000010
1110000010111000111100110010011011000000000000000000000000000000000010
1111011101110111111100110011111001100000000000000000000000000000000010
1110110011010001100011100111010000000000000000000000000000000000000010
1110101100101110110110111100110011100000000000000000000000000000000010
1111011001011000011000111000110111000000000000000000000000000000000010
1111000111010110110011110001000100100000000000000000000000000000000010
1111000110001110011001111011010001100000000000000000000000000000000010
1110111001100100110010110101011000000000000000000000000000000000000010
1110111101010011010111101110010111100000000000000000000000000000000010
1110011110001101001000101000011101100000000000000000000000000000000010
1111111110111010011001010010111001100000000000000000000000000000000010
1110010101001010101000010101011011000000000000000000000000000000000010
1111011001100000110110101011000010000000000000000000000000000000000010
1111000100011101000101000000010111100000000000000000000000000000000010
1111101000011100111001011000010111000000000000000000000000000000000010
1111001011101101101001000011010001000000000000000000000000000000000010
1110011100101110010010011011011011100000000000000000000000000000000010
1110101000011101001100100000000011000000000000000000000000000000000010
1111100010011000101101100100001101000000000000000000000000000000000010
1111001111100011111100000011001001000000000000000000000000000000000010
1110101000011101111011010001011101100000000000000000000000000000000010
1111100010111001001111011001000011000000000000000000000000000000000010
1111101011010001111101001110110011000000000000000000000000000000000010
1111111011000001101101001000110010100000000000000000000000000000000010
1111000000010010011011000001100001100000000000000000000000000000000010
1110100001011011110011101011000000100000000000000000000000000000000010
1111111110011001101100010001101010100000000000000000000000000000000010
1110011010110110010011001110010010000000000000000000000000000000000010
1111000000000101101111000000000010000000000000000000000000000000000010
1110000010101111111111101001001000100000000000000000000000000000000010
1110110110010110011110101010001000100000000000000000000000000000000010
1110001011001110000111001001111110000000000000000000000000000000000010
1110011000011001111010010011010000000000000000000000000000000000000010
1110010100010011000111010110101111100000000000000000000000000000000010
1110100011110101010111010101001010100000000000000000000000000000000010
1110111010011000001111001010100100000000000000000000000000000000000010
1111101110100110111000001000011110100000000000000000000000000000000010
1111111000100011100011001110110111000000000000000000000000000000000010
1110010011000011011010010101000111000000000000000000000000000000000010
1110011000001001111100010101100010100000000000000000000000000000000010
1111100010001001001000001100100010100000000000000000000000000000000010
1110011110001110110000110011001100000000000000000000000000000000000010
1110010101010111101111010100010110000000000000000000000000000000000010
1110001000000010000010110111110000100000000000000000000000000000000010
1110110100011100001110111111111000100000000000000000000000000000000010
1110101010000101000001111111001000000000000000000000000000000000000010
1110101011010011110101100111111011000000000000000000000000000000000010
1110001000000011111100110000000001000000000000000000000000000000000010
1111100010101110001001000110111001000000000000000000000000000000000010
1111010101111011110110000100110000100000000000000000000000000000000010
1110000110000001110100111011011111000000000000000000000000000000000010
1111001101000100100111111001100100100000000000000000000000000000000010
1110001001010000100000101100101111100000000000000000000000000000000010
1111011101111110100011011100111001100000000000000000000000000000000010
1110101010011010111101100110101000100000000000000000000000000000000010
1110011011011000000011101011000000100000000000000000000000000000000010
1110100010111011010110010101010011000000000000000000000000000000000010
1110001111101111000010110100001101000000000000000000000000000000000010
1111011110011101101110011110110101000000000000000000000000000000000010
1110101110100011011100001011101010100000000000000000000000000000000010
1110010110101110100010011001111000100000000000000000000000000000000010
1110001111000011100110100000111011000000000000000000000000000000000010
1111010011000101100000000110110101100000000000000000000000000000000010
1111101000000010100101101011110101100000000000000000000000000000000010
1110001010110101100000000100110110100000000000000000000000000000000010
1110111010101101010110100000001100100000000000000000000000000000000010
1110111111111100101010010110111100000000000000000000000000000000000010
1111110101001110010111100101010101100000000000000000000000000000000010
1111000001010010000011010000111111100000000000000000000000000000000010
1111001010010001111011100111001101100000000000000000000000000000000010
1110011110001100110010111100011110100000000000000000000000000000000010
1111011001001111101000001111001101100000000000000000000000000000000010
1110010000100011111000110110010111100000000000000000000000000000000010
1111010110110100010111010010111101000000000000000000000000000000000010
1110110100000000101101111010111000000000000000000000000000000000000010
1110011111001000111010010010001101000000000000000000000000000000000010
1111011100000100010000100011001110100000000000000000000000000000000010
1111010110011111111111010111010111000000000000000000000000000000000010
1111110110100001010010010000001110100000000000000000000000000000000010
1110011100111010110011011111011000000000000000000000000000000000000010
1110010111001100110111110110001000100000000000000000000000000000000010
1110010111010111010011000111010111000000000000000000000000000000000010
1111010110001111101001011010111110100000000000000000000000000000000010
1110101100000001110100101100000010100000000000000000000000000000000010
1110111110111110010010101011111111100000000000000000000000000000000010
1111001100011000000011000011100011000000000000000000000000000000000010
1110010001110001011110111111100111100000000000000000000000000000000010
1110101000010101110111000100111101100000000000000000000000000000000010
1111111001011011110100001110000110000000000000000000000000000000000010
1111101001101011001011110011110100100000000000000000000000000000000010
1110110111000000011101100111010010000000000000000000000000000000000010
1111100010101111010100010101010100000000000000000000000000000000000010
1111010110001000100110101000010110100000000000000000000000000000000010
1110110101011001100000101100110110000000000000000000000000000000000010
1110010101111010001101110011010010000000000000000000000000000000000010
1110100011101010110001011110001001100000000000000000000000000000000010
1110110111111001001111100011001011000000000000000000000000000000000010
1110010000101100111110011111010010100000000000000000000000000000000010
1110111001010000011110000000110000000000000000000000000000000000000010
1111100111011000010100010010111010000000000000000000000000000000000010
1111111000111111110000000111011111100000000000000000000000000000000010
1110000110010000010011011011000110100000000000000000000000000000000010
1110100010010100011010011001110000100000000000000000000000000000000010
1110101100011010001111000001111000000000000000000000000000000000000010
1110101110001001000100011110000001100000000000000000000000000000000010
1110000010010111000010010011011111100000000000000000000000000000000010
1111100100100100011011110011010010000000000000000000000000000000000010
1111101000011011101000111000101110100000000000000000000000000000000010
1111011011001101101010011110100011000000000000000000000000000000000010
1110110011010110000000011011111101000000000000000000000000000000000010
1110110111001011111011011000011100100000000000000000000000000000000010
1110000101001100111100100000011001100000000000000000000000000000000010
1110111100010010111100001010101100000000000000000000000000000000000010
1110010010000110000110000110100000000000000000000000000000000000000010
1111100001011010010111101111010100100000000000000000000000000000000010
1110001000100100101101001111100001100000000000000000000000000000000010
1110010010111110100000101111001111100000000000000000000000000000000010
1111010100000111101011011101001010000000000000000000000000000000000010
1111101001101001110010101001110100000000000000000000000000000000000010
1110011101110101001111100100101101100000000000000000000000000000000010
1111010011111101001000111111110100000000000000000000000000000000000010
1111001100001100111011101110101010100000000000000000000000000000000010
1110011011100101101101101010101001000000000000000000000000000000000010
1111110101111110001011110010101011100000000000000000000000000000000010
1111000100111101100101101010100111100000000000000000000000000000000010
1110101001001110111110100101100110000000000000000000000000000000000010
1111001110100011100101001100111001100000000000000000000000000000000010
1111011000110100010100000011111100100000000000000000000000000000000010
1111010000001101000010011011010111000000000000000000000000000000000010
1111010001000010100011100100101111100000000000000000000000000000000010
1111000000110001111101100010010010000000000000000000000000000000000010
1111101011110111101010001101001010100000000000000000000000000000000010
1111001000000101011001000111010111100000000000000000000000000000000010
1110011100100011110010101011111000000000000000000000000000000000000010
1110010011011000101001110111011110000000000000000000000000000000000010
1110001100011110110011001110000000100000000000000000000000000000000010
1110100010000000001000101000011111100000000000000000000000000000000010
1110111101000001100010101111000101100000000000000000000000000000000010
1110001101010110101000001110011010100000000000000000000000000000000010
1111000101001100100011011111101110000000000000000000000000000000000010
1110110100111100100001001100010101000000000000000000000000000000000010
1111110100011111111011111100111110100000000000000000000000000000000010
1110001110100011010101000110101100100000000000000000000000000000000010
1111000101000100010111000001101010000000000000000000000000000000000010
1111010111110010000001111110011111000000000000000000000000000000000010
1111100101010110110000100000100100100000000000000000000000000000000010
1110010000100000100000000011111101100000000000000000000000000000000010
1110010001101101000111001000000110100000000000000000000000000000000010
1111111111000000100110001010100110100000000000000000000000000000000010
1110111110000101100101100011110000100000000000000000000000000000000010
1110101100101100110001010100110010100000000000000000000000000000000010
1110011110101100100010000101110110100000000000000000000000000000000010
1110001000111000100100110100110010000000000000000000000000000000000010
1111100001001000000000110001100001100000000000000000000000000000000010
1111111000001110000010000010110000000000000000000000000000000000000010
1111100001011011010100100001110001100000000000000000000000000000000010
1111100001010111101111111110011110000000000000000000000000000000000010
1111100001000110000001111110110110100000000000000000000000000000000010
1110111001001110001010100110111110000000000000000000000000000000000010
1110101111111101100110010011111010100000000000000000000000000000000010
1111011101000011011111110000101111100000000000000000000000000000000010
1111110101111110111101110111101101100000000000000000000000000000000010
1110010001111100010011111010011010000000000000000000000000000000000010
1110001110000111111001100110110100100000000000000000000000000000000010
1110010010100110010000011000101100000000000000000000000000000000000010
1110110011110010010010000110100101000000000000000000000000000000000010
1110001000110110110000011000101011000000000000000000000000000000000010
1110111110010110010001101000100110100000000000000000000000000000000010
1110010111001001010100010011011000000000000000000000000000000000000010
1111001011011001010001010110011111000000000000000000000000000000000010
1111010011111001010011000101010011100000000000000000000000000000000010
1110001000110100111010001111100011100000000000000000000000000000000010
1111000000101101100100110001111100100000000000000000000000000000000010
1110001000001101110000101110011111100000000000000000000000000000000010
1111100011001100111010000100011001000000000000000000000000000000000010
1110110011011100111011100101001000000000000000000000000000000000000010
1111100110000100110100110011110001000000000000000000000000000000000010
1111011100001010010001001110001011100000000000000000000000000000000010
1111000100100110001111100010000110100000000000000000000000000000000010
1111111111101001011110011110100100100000000000000000000000000000000010
1110010100110100001111010101001110000000000000000000000000000000000010
1111001010011110100000011110101110100000000000000000000000000000000010
1111110011100010010110010100110011100000000000000000000000000000000010
1111000100100011011101011110100100100000000000000000000000000000000010
1111011110000100101011010011010000000000000000000000000000000000000010
1110010100001101001001001010111011000000000000000000000000000000000010
1110100011011110010010110101111100000000000000000000000000000000000010
1110110111100110110110110110101100100000000000000000000000000000000010
1111001111101101000010110111001010000000000000000000000000000000000010
1111011001100110101101010110110001000000000000000000000000000000000010
1111010000010100010100101001000010000000000000000000000000000000000010
1110110001010100010111001100001100000000000000000000000000000000000010
1110001001001100010011110001110000100000000000000000000000000000000010
1111001001001100101000101011101011100000000000000000000000000000000010
1111010101001010001001111101000100000000000000000000000000000000000010
1110110000111101100111001110001110100000000000000000000000000000000010
1111100110010101110110101011100110000000000000000000000000000000000010
1111111101101100101011111000011111100000000000000000000000000000000010
1110001100000000100010101111011101000000000000000000000000000000000010
1111110101010110011011001100101010000000000000000000000000000000000010
1110100010101001000000111001111010000000000000000000000000000000000010
1111000000111000101000111100000101100000000000000000000000000000000010
1110110001001010100001010111011100000000000000000000000000000000000010
1111111100000011101110001111100001100000000000000000000000000000000010
1110010010001010111011110000010011000000000000000000000000000000000010
1110100000100010100011001001000000000000000000000000000000000000000010
1111111000011100010010111011100000100000000000000000000000000000000010
1111000000011010010000011100001100100000000000000000000000000000000010
1110110100110110010001010001010000000000000000000000000000000000000010
1110101010110110100011101011101001000000000000000000000000000000000010
1110001100100001011110101001001100000000000000000000000000000000000010
1110110111011000101110001001001100100000000000000000000000000000000010
1111010101111011100000110011011010000000000000000000000000000000000010
1110110001111110111100001111001101000000000000000000000000000000000010
1111010111110110110110110001000110000000000000000000000000000000000010
1110100001001001100000011000011011100000000000000000000000000000000010
1111010000101101100001100011011100000000000000000000000000000000000010
1111100011111101001100000100010101000000000000000000000000000000000010
1111101000111100010100000001100111000000000000000000000000000000000010
1111001011001011100111111010001111000000000000000000000000000000000010
1110111110111101111011110010011101000000000000000000000000000000000010
1111110100111111110110011010011100100000000000000000000000000000000010
1111101011000000000000111101100001100000000000000000000000000000000010
1110110101010100111111110100100010100000000000000000000000000000000010
1111101001111111010001101010100100000000000000000000000000000000000010
1111100101010010101100011110000101100000000000000000000000000000000010
1111111110011001110000000101111001000000000000000000000000000000000010
1110011000000001111100100000110100100000000000000000000000000000000010
1111111010010100010101100111011010100000000000000000000000000000000010
1110111000101011000100100111011010100000000000000000000000000000000010
1111001100001111110101110111001101100000000000000000000000000000000010
1111010001001011011110000000011100100000000000000000000000000000000010
1111011011011001110110000000011111100000000000000000000000000000000010
1111110101100010000100010000100010100000000000000000000000000000000010
1111000011101100011001011101001111000000000000000000000000000000000010
1111010000110100001011100110100100000000000000000000000000000000000010
1110001011110001010101111111000001100000000000000000000000000000000010
1110110111010111001111110000111001000000000000000000000000000000000010
1111000100000011111001001010011110100000000000000000000000000000000010
1110100010110111111011101011011011000000000000000000000000000000000010
1110010001101010001011001011010100000000000000000000000000000000000010
1111110010000111000111110101010111000000000000000000000000000000000010
1111001110111101111000011000101011000000000000000000000000000000000010
1110001001100111110101100000011100000000000000000000000000000000000010
1111111011010010000001111010011100000000000000000000000000000000000010
1111001011000111000111110101101111100000000000000000000000000000000010
1110000100111011111000110000110011100000000000000000000000000000000010
1110001111011000000110011110111110000000000000000000000000000000000010
1110001100010101001010000001101101100000000000000000000000000000000010
1111111001001110010100100111111011000000000000000000000000000000000010
1110001000110011111101111110010101000000000000000000000000000000000010
1110001101111100011001010010010111100000000000000000000000000000000010
1111100001111111001001011001110010100000000000000000000000000000000010
1110111010101111101101010010111011100000000000000000000000000000000010
1111100110001100101010011011111110000000000000000000000000000000000010
1110000110100110110101111011111111100000000000000000000000000000000010
1111110001001111100111000111111101000000000000000000000000000000000010
1111100101110010000001101101110111000000000000000000000000000000000010
1111100010011111110000001001111101000000000000000000000000000000000010
1111100100110000100100000100000111000000000000000000000000000000000010
1110000110000111011010111100010100000000000000000000000000000000000010
1111011100111100101111001100011111100000000000000000000000000000000010
1111001011001111001110001011000101000000000000000000000000000000000010
1111001100010000000001111001100110100000000000000000000000000000000010
1110001101011110010110000010001100000000000000000000000000000000000010
1111101000110100001101000111001011100000000000000000000000000000000010
1110111011011010100011011001111100100000000000000000000000000000000010
1111010100001101011101111010111110000000000000000000000000000000000010
1111000011100110100010001001111001100000000000000000000000000000000010
1110011000000000001101111111111001100000000000000000000000000000000010
1111000001101110011001010101011001000000000000000000000000000000000010
1110000100010001001111011111101110000000000000000000000000000000000010
1110110010100010010110000000001111000000000000000000000000000000000010
1111110011010000101011101110111110100000000000000000000000000000000010
1111101101111010011000101101010010100000000000000000000000000000000010
1111100011100100011000001111000000000000000000000000000000000000000010
1110011010100011111111101000101111000000000000000000000000000000000010
1111111010010010101001101010011001100000000000000000000000000000000010
1110100110101011101100110010010010000000000000000000000000000000000010
1111110111100111001001111101111100000000000000000000000000000000000010
1111111001000111110111100001001010000000000000000000000000000000000010
1111000001100111100001011000011000000000000000000000000000000000000010
1110101010111010111110000000111011100000000000000000000000000000000010
1111011111100101001110001110010011000000000000000000000000000000000010
1111001011111101000010010000101100000000000000000000000000000000000010
1110110110111111010100000101110001000000000000000000000000000000000010
1110010001110111111001101000110000100000000000000000000000000000000010
1111000110101011110000001010000000100000000000000000000000000000000010
1110001110011100001010011010011000100000000000000000000000000000000010
1110100101101001011100010000110010100000000000000000000000000000000010
1111011110011011101010000011100001000000000000000000000000000000000010
1111001101101011100001110110010011000000000000000000000000000000000010
1110101010010111111110100011011110100000000000000000000000000000000010
1111001000001110011111001001001001000000000000000000000000000000000010
1110000001100001100110110001100100000000000000000000000000000000000010
1110111111100100110100100010010010100000000000000000000000000000000010
1111111010100101011000100110111100100000000000000000000000000000000010
1110000100011100000101100011111000000000000000000000000000000000000010
1111001110011111110001110101101101000000000000000000000000000000000010
1111110000100000100000101110100111000000000000000000000000000000000010
1111111011101111000101000111010110000000000000000000000000000000000010
1110101001111101100001110001100011000000000000000000000000000000000010
1111100010100010011111000110000111000000000000000000000000000000000010
1110111010000101010110101100010010000000000000000000000000000000000010
1110001000100101011000111011010000100000000000000000000000000000000010
1110000111010011000110010011101110000000000000000000000000000000000010
1111110111010000110101000111110000000000000000000000000000000000000010
1111010001010110010000001000111100100000000000000000000000000000000010
1111100011011011010110100101000100000000000000000000000000000000000010
1110000100011011101110000010100110000000000000000000000000000000000010
1111100000101101101100101110010001000000000000000000000000000000000010
1110011111000011010010111110100101100000000000000000000000000000000010
1111111111001100010110010110001001000000000000000000000000000000000010
1111101101001100111010111011100011100000000000000000000000000000000010
1111101001001011101010010010000001000000000000000000000000000000000010
1110110010100110111011101110001001000000000000000000000000000000000010
1111110001011010100111111001100101000000000000000000000000000000000010
1111111101011010010110100010111100000000000000000000000000000000000010
1110110001110110000110111101001101000000000000000000000000000000000010
1111010011110011110001001101011111100000000000000000000000000000000010
1110000110010000011110101110111011000000000000000000000000000000000010
1110101111101000011101001111001001100000000000000000000000000000000010
1111010010101000001010101111001001100000000000000000000000000000000010
1110111100011011111100101000110000100000000000000000000000000000000010
1111110011111011110001101011101000000000000000000000000000000000000010
1111001010101100011001110100011010100000000000000000000000000000000010
1110001000011011111001010101101110000000000000000000000000000000000010
1110010110010010000001011010000101000000000000000000000000000000000010
1111110000100011001010111011101101100000000000000000000000000000000010
1111000011100100011010101101110010000000000000000000000000000000000010
1110011010011100001111000010101011100000000000000000000000000000000010
1110000111001001000011000000000000100000000000000000000000000000000010
1111010001000001111101110100011101100000000000000000000000000000000010
1111011101100110100011100001011011100000000000000000000000000000000010
1110011110101101000010001000011001000000000000000000000000000000000010
1110011011010111110000011010110000000000000000000000000000000000000010
1111010011111101011010011000100001100000000000000000000000000000000010
1111100111011011011111010100110101100000000000000000000000000000000010
1111010011100011011011111101011111100000000000000000000000000000000010
1110000010000011100110111101011111000000000000000000000000000000000010
1110011100100110111000011111000011000000000000000000000000000000000010
1111111000001111001110100100100000100000000000000000000000000000000010
1110000001101101110001111000000010000000000000000000000000000000000010
1110011011001010111111110101001110100000000000000000000000000000000010
1111011111000010011100101000000101000000000000000000000000000000000010
1110010100111110011001000101001111100000000000000000000000000000000010
1111100110100000001010110011101000100000000000000000000000000000000010
1111011011000010001000000001010110000000000000000000000000000000000010
1110110111111011110100000100100101100000000000000000000000000000000010
1111011011110011101100100101100100000000000000000000000000000000000010
1110101010110011000000110101010100100000000000000000000000000000000010
1111000111101111001100000101011011100000000000000000000000000000000010
1110010010011000001001011110111100100000000000000000000000000000000010
1111011011011110111100100100000010100000000000000000000000000000000010
1110110100011110001010001011110100100000000000000000000000000000000010
1111011110110001100010010001011111000000000000000000000000000000000010
1110110011110011010111000000010100000000000000000000000000000000000010
1111100101011111011000101101000111000000000000000000000000000000000010
1111000000110001001110000111110110100000000000000000000000000000000010
1110011100011111000110001011110101000000000000000000000000000000000010
1111111001011101011001100110110101100000000000000000000000000000000010
1111111101110010100000001110101001100000000000000000000000000000000010
1111001000110110010111100101100001000000000000000000000000000000000010
1110010011000011111001100000110000000000000000000000000000000000000010
1111101111010101110111101100000011000000000000000000000000000000000010
1110110000011111100110110100100010100000000000000000000000000000000010
1111000110000010000111101010000011100000000000000000000000000000000010
1111011101011000001000000110101110100000000000000000000000000000000010
1111001011111000111001000001010111000000000000000000000000000000000010
1111010111100110101100101101000110000000000000000000000000000000000010
1110101100011010110111100101001000000000000000000000000000000000000010
1110011000011011010001000011100011000000000000000000000000000000000010
1111010100010001101011101001010010100000000000000000000000000000000010
1110110101101010101100100100010111000000000000000000000000000000000010
1110111010011000011000000010100111000000000000000000000000000000000010
1111001100111110000100010011100011000000000000000000000000000000000010
1110110011110010101011111010111011000000000000000000000000000000000010
1110010101111001101101010100100111000000000000000000000000000000000010
1110101101010000110111010110101010000000000000000000000000000000000010
1111110011101110110110111001001010000000000000000000000000000000000010
1110011010001010111011110100001100000000000000000000000000000000000010
1110111110111101100001111000010011000000000000000000000000000000000010
1110000011010100010101001001011010100000000000000000000000000000000010
1110011110111110010000101111010000100000000000000000000000000000000010
1110000110101011100000011001101010100000000000000000000000000000000010
1110101011010110111000111101001100000000000000000000000000000000000010
1111010110001111001110101010111001100000000000000000000000000000000010
1110011001101101110000100011100100000000000000000000000000000000000010
1110001010000010111100010111010110000000000000000000000000000000000010
1110001001011111101001110110110111100000000000000000000000000000000010
1111010110100011101110000010111111100000000000000000000000000000000010
1110000011011000100011001111010011000000000000000000000000000000000010
1111101001000001111000100011100000000000000000000000000000000000000010
1111101010010001111111001000110010000000000000000000000000000000000010
1110110111100111000110001100011111100000000000000000000000000000000010
1111010011011000011001111111110110100000000000000000000000000000000010
1111000101101001011010110010111110100000000000000000000000000000000010
1111111001011011111111001100110100000000000000000000000000000000000010
1111110110000011100111111110100001100000000000000000000000000000000010
1110101010000100010100011101000011000000000000000000000000000000000010
1111010101000100101111011001011000000000000000000000000000000000000010
1111111000011011001010011101000101000000000000000000000000000000000010
1111110001000100100000010000111011100000000000000000000000000000000010
1111101000101111010100000110110110100000000000000000000000000000000010
1111110011010110111110010000010101000000000000000000000000000000000010
1110010111101001001100101010100101000000000000000000000000000000000010
1111011001010101111110001111100001100000000000000000000000000000000010
1110111001000111011011111110111101000000000000000000000000000000000010
1111010110100110111110001111101011100000000000000000000000000000000010
1111000100111110011111010000010110100000000000000000000000000000000010
1110110011101110100010111111100100100000000000000000000000000000000010
1111101000100100101110011010110110000000000000000000000000000000000010
1111000001000100101101110111011110100000000000000000000000000000000010
1110110011001111110011100111010100000000000000000000000000000000000010
1111000001001111001010100010000101000000000000000000000000000000000010
1110111110011010001100011110011010100000000000000000000000000000000010
1111000111010011101010110101011110100000000000000000000000000000000010
1110001101010000101010001110011001100000000000000000000000000000000010
1111000000111010010000001001011110000000000000000000000000000000000010
1111100001111110101111111101101011000000000000000000000000000000000010
1111101101110010101010001111101111000000000000000000000000000000000010
1111000000001010001110000110100110100000000000000000000000000000000010
1111000100000100100101010110000010000000000000000000000000000000000010
1110110110111101110001001111101010000000000000000000000000000000000010
1110010100011011011110111010111101100000000000000000000000000000000010
1111000011100110010000100110000101000000000000000000000000000000000010
1111110100011101111110011000001000000000000000000000000000000000000010
1111011110110110001101010100111000000000000000000000000000000000000010
1110111011110010000011000001000000100000000000000000000000000000000010
1111101010000111101000101000011101000000000000000000000000000000000010
1110000110101111001010000001011100000000000000000000000000000000000010
1111001001011011011110011101011001100000000000000000000000000000000010
1111000110000110011101101111101000100000000000000000000000000000000010
1111111011010010101000010101100001000000000000000000000000000000000010
1110000110000111111011000101111100000000000000000000000000000000000010
1111001001011111010110010100011100100000000000000000000000000000000010
1110011111010000001000001000001000100000000000000000000000000000000010
1110011000110011101011001011000000100000000000000000000000000000000010
1110010101100101111001010110001111000000000000000000000000000000000010
1111011001000100111010001110100111100000000000000000000000000000000010
1110110010011100011011101001110000100000000000000000000000000000000010
1110000111000000111010101100100000000000000000000000000000000000000010
1110010000110111111111000000110110100000000000000000000000000000000010
1111101001111100010101010001001100100000000000000000000000000000000010
1110111011101110011011001111111101000000000000000000000000000000000010
1111000010110111010011101111011000100000000000000000000000000000000010
1111010000100010011001001000100111000000000000000000000000000000000010
1110110111000100000000101000000110000000000000000000000000000000000010
1111011000101001010001001110100111100000000000000000000000000000000010
1110111001011111111001000001111110000000000000000000000000000000000010
1110100110100100011111010101000111000000000000000000000000000000000010
1111001010000010110010101101110110100000000000000000000000000000000010
1111100010001110111010101011000011000000000000000000000000000000000010
1110111100101011011001000101100001000000000000000000000000000000000010
1110100111001101101111010100011010100000000000000000000000000000000010
1111010000111101100101000101011111000000000000000000000000000000000010
1111101100010110111111111010010011100000000000000000000000000000000010
1111110110110101010011010010000010000000000000000000000000000000000010
1110010100001011101001000101011110100000000000000000000000000000000010
1111100010011110110110001001111010000000000000000000000000000000000010
1111000000110010011111100010000100000000000000000000000000000000000010
1111110001111101101100111101000100000000000000000000000000000000000010
1110110111001110100000001110011110000000000000000000000000000000000010
1110100100110101110011001101111101100000000000000000000000000000000010
1110011010100000001010010010001110100000000000000000000000000000000010
1111011001001111111100011011101000000000000000000000000000000000000010
1111010000101100110011111011101011000000000000000000000000000000000010
1110000111111001100011001101110110100000000000000000000000000000000010
1110000010001011111111111010111100100000000000000000000000000000000010
1111101111000001000110101111111001100000000000000000000000000000000010
1111000110101111110000001111111001100000000000000000000000000000000010
1110011111110001011011010000101110000000000000000000000000000000000010
1110001001001110001111000110101111000000000000000000000000000000000010
1110110111011100110000110000001010100000000000000000000000000000000010
1111100000100100111010001001001000100000000000000000000000000000000010
1111111111111010001001000000111011100000000000000000000000000000000010
1111101111000010011001011111111101000000000000000000000000000000000010
1110111101000010000101111101001100100000000000000000000000000000000010
1110010000110000011001010011000010100000000000000000000000000000000010
1110111110100010100001000111101001100000000000000000000000000000000010
1110111111101000011000100001101001000000000000000000000000000000000010
1110111101011101010011110001101100000000000000000000000000000000000010
1110011100000001110011110110001010000000000000000000000000000000000010
1110101010100011100111101101000110000000000000000000000000000000000010
1111100010001100101010110001000010100000000000000000000000000000000010
1111101010111011011110010101100101000000000000000000000000000000000010
1110000111010110000010111010101111000000000000000000000000000000000010
1110010011000000001010111001101111000000000000000000000000000000000010
1111100001101100111010010010000000000000000000000000000000000000000010
1110111011111001100001111100101100000000000000000000000000000000000010
1111100101001111111000010100110111000000000000000000000000000000000010
1110000000001100011011100100000110000000000000000000000000000000000010
1110000011100011110010110111101100000000000000000000000000000000000010
1111101111111110010011101001000000000000000000000000000000000000000010
1111111001001000001100110010000010000000000000000000000000000000000010
1111011010001000101100001111000111100000000000000000000000000000000010
1110111011101101110100111111001010100000000000000000000000000000000010
1111001010001111010111000010001110000000000000000000000000000000000010
1111110111011000000100001001110110100000000000000000000000000000000010
1110110000111001001011110000000100100000000000000000000000000000000010
1110001000001000110010011101000111000000000000000000000000000000000010
1110100101000011010101000010011010000000000000000000000000000000000010
1110100100101000001100001011011100100000000000000000000000000000000010
1110010011100000101010000010001101000000000000000000000000000000000010
1111010011001100000110011001010000100000000000000000000000000000000010
1110101010001010111111101010011110000000000000000000000000000000000010
1110110101110001000010110001011000000000000000000000000000000000000010
1111010010100001100100001110100010000000000000000000000000000000000010
1111010011001100000011011001010001100000000000000000000000000000000010
1111100001101001010010011100001001000000000000000000000000000000000010
1111000010000101110100011100010111000000000000000000000000000000000010
1111101001101001000101001111101001100000000000000000000000000000000010
1110110010001001011101010101011010000000000000000000000000000000000010
1111110011100001100010011010010010000000000000000000000000000000000010
1110110111011010010101011000110111100000000000000000000000000000000010
1110001010111001110110101010100011000000000000000000000000000000000010
1111010111001101001111001100101000100000000000000000000000000000000010
1110100000101011011011110111111101100000000000000000000000000000000010
1110100110010010110100010011010010000000000000000000000000000000000010
1111000010110001111110101000111000000000000000000000000000000000000010
1110111000110000001111000001110000100000000000000000000000000000000010
1111100100010010001000100100011001100000000000000000000000000000000010
1111011011101110111111101111010111000000000000000000000000000000000010
1111011100111001000101011010000100100000000000000000000000000000000010
1111011000100011111000010100101000000000000000000000000000000000000010
1111100010100001001101111100100000000000000000000000000000000000000010
1111111101001111001111011001011011100000000000000000000000000000000010
1110011010010101000000100100011011000000000000000000000000000000000010
1110110011010010011110011100010101100000000000000000000000000000000010
1111011100010100111110101100101001000000000000000000000000000000000010
1110010000111100011011010100101100100000000000000000000000000000000010
1111111111110101000111010111001010000000000000000000000000000000000010
1111111000101111000111110001001011100000000000000000000000000000000010
1111000100000101001110110111111011000000000000000000000000000000000010
1111001000010110001101001110001100100000000000000000000000000000000010
1111010111100001101000000100100000000000000000000000000000000000000010
1110111101101111011100010100100110100000000000000000000000000000000010
1110101011101101100010100000010101100000000000000000000000000000000010
1111010000010000000111000000011000000000000000000000000000000000000010
1111000110111100010000100011111011000000000000000000000000000000000010
1110000011010100011010001001001111100000000000000000000000000000000010
1111110101100111000110110100101001100000000000000000000000000000000010
1111010001011111100001110010011001100000000000000000000000000000000010
1110001010100100110111010010110000100000000000000000000000000000000010
1111011111011100011000000010011011000000000000000000000000000000000010
1110101010101100110111001011101110100000000000000000000000000000000010
1111010110111000000011111100111101000000000000000000000000000000000010
1110010100000010010110010110111011000000000000000000000000000000000010
1110001110100001011110111010111010100000000000000000000000000000000010
1111111000110010111100110001100000000000000000000000000000000000000010
1111011001011111011001000110101101000000000000000000000000000000000010
1111011111111010010010010000000011000000000000000000000000000000000010
1110110101111100010011001011100011000000000000000000000000000000000010
1111101100110001110101000101001011000000000000000000000000000000000010
1111100001111111101000010101001010000000000000000000000000000000000010
1111110110010110001001101111010111100000000000000000000000000000000010
1111101101001110010101100001110101100000000000000000000000000000000010
1111101010011110110000101011101001100000000000000000000000000000000010
1111111011000010011100101110001011100000000000000000000000000000000010
1110001111111110110101110100010001100000000000000000000000000000000010
1111001001000110101010011011011110000000000000000000000000000000000010
1111011001010110111100000100001011100000000000000000000000000000000010
1111111000111100000000110101101001100000000000000000000000000000000010
1111010100101010010010100110010001100000000000000000000000000000000010
1111111010011110011010001000010011000000000000000000000000000000000010
1110011001011010111111001100001011100000000000000000000000000000000010
1111110000010010000011110111110010100000000000000000000000000000000010
1110010111101111101000011110100100000000000000000000000000000000000010
1110000111001100011011010001001001100000000000000000000000000000000010
1111001111111011000100000011101000100000000000000000000000000000000010
1110101010100110110011001110011111100000000000000000000000000000000010
1110010101111100000100111110001100100000000000000000000000000000000010
1111000100001100011101111111010100000000000000000000000000000000000010
1110101101100100101100011001011000100000000000000000000000000000000010
1111011101000111001110010000100100000000000000000000000000000000000010
1110000100010110110101111010010001100000000000000000000000000000000010
1111110011001111011101111110101000000000000000000000000000000000000010
1110011011101100110101101100000100000000000000000000000000000000000010
1111111001001000001011110001001011000000000000000000000000000000000010
1110110111000110111001110000000010100000000000000000000000000000000010
1110111010100111001101100010100111000000000000000000000000000000000010
1111001010100111010011010110010100000000000000000000000000000000000010
1110101110010101001101111011010011000000000000000000000000000000000010
1110110110010000101011100100100101000000000000000000000000000000000010
1110111011101110011000110010001100100000000000000000000000000000000010
1110101101110110010011011110000100000000000000000000000000000000000010
1110111110010000110010110111111110000000000000000000000000000000000010
1110111100010110010001011000000110100000000000000000000000000000000010
1110011111011000110101011010111011100000000000000000000000000000000010
1111100001011010101001110100110111000000000000000000000000000000000010
1111110011010100111110010010010011100000000000000000000000000000000010
1111010101011111100000101100000100100000000000000000000000000000000010
1111101010100111100000101000110111100000000000000000000000000000000010
1111111001111100001001000010110011000000000000000000000000000000000010
1111100001110001101110010001010101100000000000000000000000000000000010
1111001111011101111101111001101000100000000000000000000000000000000010
1110011011111111010111101110100110100000000000000000000000000000000010
1111011110010011001001111100010010000000000000000000000000000000000010
1110011111101111101100010000011011000000000000000000000000000000000010
1111110110000001100101001010100111000000000000000000000000000000000010
1111011000010111100011111100111111100000000000000000000000000000000010
1111111110100001000101000111010010100000000000000000000000000000000010
1110001010000000111011101000100011100000000000000000000000000000000010
1110100100010011101001110111100010000000000000000000000000000000000010
1110001001111110110110101110010110100000000000000000000000000000000010
1111111011101110001000100010100000000000000000000000000000000000000010
1110111100110110000011111000010111100000000000000000000000000000000010
1110010000001000100010010100001101100000000000000000000000000000000010
1110001100001110101011110011001100000000000000000000000000000000000010
1110100101100110100010101110101001100000000000000000000000000000000010
1110010010100000001011001010010010100000000000000000000000000000000010
1111010011001001001000100011001101000000000000000000000000000000000010
1110010001110000111100011000000010000000000000000000000000000000000010
1110111101010111010000000000101000100000000000000000000000000000000010
1111100010000010001110011110010010000000000000000000000000000000000010
1111001001110101101000111000001001100000000000000000000000000000000010
1111001001101011110000110101011011000000000000000000000000000000000010
1111110010111110110001110010010100100000000000000000000000000000000010
1110001111100011110111000011011010100000000000000000000000000000000010
1110100000011011011010010001100010000000000000000000000000000000000010
1111001011111110111101011011000110100000000000000000000000000000000010
1110010111101111000000011110101110100000000000000000000000000000000010
1110111110110001001001000000100011000000000000000000000000000000000010
1110000100010110010000001101000010100000000000000000000000000000000010
1110011000011110010100011100011000000000000000000000000000000000000010
1111000110011101001001000000100110000000000000000000000000000000000010
1111011000110100101000011111100011100000000000000000000000000000000010
1110001110110101110001000001100110000000000000000000000000000000000010
1110000111010110001100010111011011100000000000000000000000000000000010
1111010110110000010001101000001110000000000000000000000000000000000010
1110000000000000101101001110000010100000000000000000000000000000000010
1110100010110101110111110101110110000000000000000000000000000000000010
1111100000011111111011111010011001000000000000000000000000000000000010
1110011111011110110100011010100100100000000000000000000000000000000010
1111010111110101111011001000111100000000000000000000000000000000000010
1111110101100000001000001100000110000000000000000000000000000000000010
1111001111010110001101011100011101000000000000000000000000000000000010
1111101101101011110000101010111111100000000000000000000000000000000010
1110011110111110111010101010001101100000000000000000000000000000000010
1110110111100001111110110110111100000000000000000000000000000000000010
1111001000101000011001100100111111100000000000000000000000000000000010
1110110100111001000110110110100110000000000000000000000000000000000010
1110011110110110101110001010010110000000000000000000000000000000000010
1110011111000101010110000100000100100000000000000000000000000000000010
1110100010100000001101110110000010000000000000000000000000000000000010
1111000001001001011001100001101001000000000000000000000000000000000010
1111001110101100111010011011000100000000000000000000000000000000000010
1111010111001011011110110001011001100000000000000000000000000000000010
1110000100001011010100100010000010000000000000000000000000000000000010
1111010011010010111000101010110100000000000000000000000000000000000010
1111011100101111011100101001001111000000000000000000000000000000000010
1111011110000111010111100011100101100000000000000000000000000000000010
1111110111111101001001110101111110000000000000000000000000000000000010
