1011010010001001010001010011001011000000000000000000000000000000000010
1011000011011110101011101100011111000000000000000000000000000000000010
1010110010101110101111001110110101000000000000000000000000000000000010
1010110000010100000011101010100011000000000000000000000000000000000010
1011110110010011010111101110101010000000000000000000000000000000000010
1011001000100111101110011100010101100000000000000000000000000000000010
1011000101000111111000010001000101000000000000000000000000000000000010
1010110101100001101101111111001101000000000000000000000000000000000010
1011100011000011001001100001110110000000000000000000000000000000000010
1011001100101011000011010011011010100000000000000000000000000000000010
1010010100001011100111101111010101100000000000000000000000000000000010
1011100100001111000111110011010010000000000000000000000000000000000010
1011000011000101001111110110001011100000000000000000000000000000000010
1010000101100011101101110011001111000000000000000000000000000000000010
1010011100000001110101010001111100000000000000000000000000000000000010
1011011011100000011111011111101111000000000000000000000000000000000010
1011011011001100011111000011011001000000000000000000000000000000000010
1010001111010011100001110001011110100000000000000000000000000000000010
1010000111100011011101111110100010100000000000000000000000000000000010
1010100001011100000110101010110110000000000000000000000000000000000010
1010110011010101001011000110010110100000000000000000000000000000000010
1010100100101111110000011011101100100000000000000000000000000000000010
1010011000001001110111001011011101100000000000000000000000000000000010
1010110001011001111100011101111101000000000000000000000000000000000010
1011110111111000111110101100001101100000000000000000000000000000000010
1010000001110011010100101110100000000000000000000000000000000000000010
1010110101111010111010000101001000100000000000000000000000000000000010
1010000110100000001101101110010101100000000000000000000000000000000010
1011110110011010110111101000000110000000000000000000000000000000000010
1010001110011010001001111111110000000000000000000000000000000000000010
1011110011011100001101111111011111100000000000000000000000000000000010
1010100110010010101111011111000011000000000000000000000000000000000010
1010100110111011001100111011100101100000000000000000000000000000000010
1010001001100001001001010011100011000000000000000000000000000000000010
1011100001010001010001110101101010100000000000000000000000000000000010
1010111001100001001100111110011101100000000000000000000000000000000010
1010000001101101101110001011011100100000000000000000000000000000000010
1011101100000010110010111010111101000000000000000000000000000000000010
1010110111000011001100010010011101000000000000000000000000000000000010
1011010110100000001101100010011111100000000000000000000000000000000010
1011101111001111011000111110101110100000000000000000000000000000000010
1011111010100011000110011001010001000000000000000000000000000000000010
1011001000011111011000101110100011000000000000000000000000000000000010
1010011001010110001111111011011110000000000000000000000000000000000010
1010100001100100000001101010111110100000000000000000000000000000000010
1011000010000001011111111111101101100000000000000000000000000000000010
1011000100111101010101101000011101100000000000000000000000000000000010
1011110010001010011110000000001011100000000000000000000000000000000010
1011011101100001011101001101100110000000000000000000000000000000000010
1011000111010110000101010010011101000000000000000000000000000000000010
1010010100000010010001101110100110100000000000000000000000000000000010
1011011001110100100011110011011010000000000000000000000000000000000010
1011110001010111100100100111110110100000000000000000000000000000000010
1011101111010001011110011010110100100000000000000000000000000000000010
1011000000111111111101001001011110100000000000000000000000000000000010
1011000011001110010110100101101111100000000000000000000000000000000010
1011100100001001110100011100100101000000000000000000000000000000000010
1010001111110000011000011010110001000000000000000000000000000000000010
1010000111111000010011000010001010000000000000000000000000000000000010
1010011011100110110110010101010001000000000000000000000000000000000010
1010100010111100010100111110111010000000000000000000000000000000000010
1011010101011011100100111000111110100000000000000000000000000000000010
1010001110101100001011111000011100000000000000000000000000000000000010
1010101011000111010011010001110000000000000000000000000000000000000010
1010010110001100000101011111100101000000000000000000000000000000000010
1011000011111001110111101011111001000000000000000000000000000000000010
1010110000111100100011100110100001100000000000000000000000000000000010
1011010000110001111000100010111011000000000000000000000000000000000010
1010100010001000011111011111011010000000000000000000000000000000000010
1011110011000100111011110111011000000000000000000000000000000000000010
1010000001001011110001000011110110100000000000000000000000000000000010
1010000001100111011000011100001100000000000000000000000000000000000010
1010010110000101010110111111001111100000000000000000000000000000000010
1011011001001000101101001110011010100000000000000000000000000000000010
1010100100100001010100101011001100000000000000000000000000000000000010
1010010010000010100110000011111001000000000000000000000000000000000010
1010000110001000000001011110001011100000000000000000000000000000000010
1011000111001000011100011100011101000000000000000000000000000000000010
1010101101010001001101001111101011000000000000000000000000000000000010
1010111001000111000010101110011000000000000000000000000000000000000010
1010101001000101011011011110010101100000000000000000000000000000000010
1010111011010010011110101101011011000000000000000000000000000000000010
1011010001110100100110000111001010100000000000000000000000000000000010
1011111010111101110011110111111100100000000000000000000000000000000010
1010001100001011101100110101111111100000000000000000000000000000000010
1010000000101110010010110110010111100000000000000000000000000000000010
1010001110010110000011100111100011000000000000000000000000000000000010
1010001110111101011100000101010011100000000000000000000000000000000010
1010001101000001111111001110101010100000000000000000000000000000000010
1011011110101001101110100110000110000000000000000000000000000000000010
1011110100000101110110010110111111000000000000000000000000000000000010
1011110010101101011001111111100110000000000000000000000000000000000010
1011101111000101110110101010101111000000000000000000000000000000000010
1010101010000000010001011011111100100000000000000000000000000000000010
1010110100110111101001100001011100100000000000000000000000000000000010
1010001110111101000011100101111111100000000000000000000000000000000010
1010011010100100100101001101111010000000000000000000000000000000000010
1010011011011011001110100100001111100000000000000000000000000000000010
1010101101110011100110011110001111000000000000000000000000000000000010
1010010000100100101010101101111000100000000000000000000000000000000010
1011001000010101111100100110010000000000000000000000000000000000000010
1011001000010011011001111001110110100000000000000000000000000000000010
1010001000110001000011011101111111000000000000000000000000000000000010
1010001010110000001111010011111101100000000000000000000000000000000010
1011010100100010111111011111000010000000000000000000000000000000000010
1011111001111101101110100100010111000000000000000000000000000000000010
1011001011110100100001101000100110000000000000000000000000000000000010
1010010100001010001111000101000111000000000000000000000000000000000010
1010011100001011111111000110000110100000000000000000000000000000000010
1010100101000001010110001000111011000000000000000000000000000000000010
1011100001001001010011011101100111100000000000000000000000000000000010
1010000001110001001011110011110111000000000000000000000000000000000010
1010010100001100100110101110111001100000000000000000000000000000000010
1011111011100100100001100101001100000000000000000000000000000000000010
1011000011011010001010101100111011000000000000000000000000000000000010
1011000001010000000001011001000100000000000000000000000000000000000010
1011010100001001110010100000000111100000000000000000000000000000000010
1011101110100110110101101110011010000000000000000000000000000000000010
1010110101100001111101101101111110100000000000000000000000000000000010
1011100001001001000111111000111100100000000000000000000000000000000010
1011000010011000010101111100100011000000000000000000000000000000000010
1011100011001100100000001011110111100000000000000000000000000000000010
1011001100111111000111000101111000100000000000000000000000000000000010
1011111011110010001010111100110111100000000000000000000000000000000010
1011001001001111000101110011001111100000000000000000000000000000000010
1011001000000100110100110111101101000000000000000000000000000000000010
1010100110100100011010011100101000100000000000000000000000000000000010
1011100110000000001110110001110011100000000000000000000000000000000010
1011000001010011011110111001011101000000000000000000000000000000000010
1011010011010010110110000110110111100000000000000000000000000000000010
1010101001110001000111100111110100000000000000000000000000000000000010
1011010011010011100011001110100100000000000000000000000000000000000010
1011011111000100001100100100010001000000000000000000000000000000000010
1011101001000010110001111110001101000000000000000000000000000000000010
1010111110010010100010111111101011000000000000000000000000000000000010
1010100001100101101011011111011101100000000000000000000000000000000010
1011001111100011100111001111110111100000000000000000000000000000000010
1011110000110011001100011011001110000000000000000000000000000000000010
1011010101010001110100011111111111100000000000000000000000000000000010
1011010011100111101010010100110001100000000000000000000000000000000010
1011011110011000001101100011111101000000000000000000000000000000000010
1011011010001111001111100000110011000000000000000000000000000000000010
1011010110000010000110011100100001000000000000000000000000000000000010
1010001111000100100100100110111101000000000000000000000000000000000010
1010010000000011000001000000000100100000000000000000000000000000000010
1011001101010010101001011101010110100000000000000000000000000000000010
1011101100110000011100010011011011000000000000000000000000000000000010
1011010101100111000010001101001010100000000000000000000000000000000010
1010001000101010100000101000000100100000000000000000000000000000000010
1011011000110110011011101100110000100000000000000000000000000000000010
1010111010000000101100010111101111000000000000000000000000000000000010
1011011110011101010110011101110001100000000000000000000000000000000010
1010010110101101101000100111011101100000000000000000000000000000000010
1010000001111010000101010100011111100000000000000000000000000000000010
1011111010000010101110011010111100000000000000000000000000000000000010
1011110000010101001111011100110100100000000000000000000000000000000010
1010000100000101101110111111111011000000000000000000000000000000000010
1011010110000100000000100101111000100000000000000000000000000000000010
1011101001100100110100100001110100100000000000000000000000000000000010
1011011101001110001100111110000011000000000000000000000000000000000010
1010000001011000010011100000110100100000000000000000000000000000000010
1011100100110001111011011010001111100000000000000000000000000000000010
1010110100100010100101101011001010000000000000000000000000000000000010
1010110000111110011001101101111100000000000000000000000000000000000010
1010110100100100010111110011110101100000000000000000000000000000000010
1010010010000111110101111001110110100000000000000000000000000000000010
1010001001100000100001011010001010100000000000000000000000000000000010
1010110111101111011001011101110011100000000000000000000000000000000010
1010010011000101000011011010001110100000000000000000000000000000000010
1011011011000110110111001110100111100000000000000000000000000000000010
1011000110011000111111101111011111000000000000000000000000000000000010
1011101101100111011101101111101110000000000000000000000000000000000010
1011101101110101110011111101111001100000000000000000000000000000000010
1011000001000011111111011010010010000000000000000000000000000000000010
1011001101010101001101011001110001000000000000000000000000000000000010
1010011010001000110001100001100011000000000000000000000000000000000010
1010010011101011011010001101011010100000000000000000000000000000000010
1011001000101101100010110011100111100000000000000000000000000000000010
1011100001001100010000011101101000000000000000000000000000000000000010
1010011101101111011111001110011011100000000000000000000000000000000010
1011001001000110010011101001000101100000000000000000000000000000000010
1010010001101101011010001101001010000000000000000000000000000000000010
1010011110011111110101110111101010000000000000000000000000000000000010
1010110100110111100110111010000010100000000000000000000000000000000010
1010010101101011011110011100001101100000000000000000000000000000000010
1010101000110000100001110101000101000000000000000000000000000000000010
1010110001000111011011111110010101000000000000000000000000000000000010
1011100000011101101101101110011001100000000000000000000000000000000010
1011000110000010000101111101111110000000000000000000000000000000000010
1010010101110001001000111010010100100000000000000000000000000000000010
1010010100111101100101110100111101000000000000000000000000000000000010
1010100001000100001110001111111111000000000000000000000000000000000010
1010010111101100001010000101010111100000000000000000000000000000000010
1011000101111001010000111001111110000000000000000000000000000000000010
1011010001000100100100110100111111100000000000000000000000000000000010
1011110011001100100110110110001000000000000000000000000000000000000010
1011001000100111001110010011100111000000000000000000000000000000000010
1011010000011011111100111111011111000000000000000000000000000000000010
1010010110000111101111011000011101000000000000000000000000000000000010
1011011101101110011110000111110011000000000000000000000000000000000010
1010010100000101001010110111101101100000000000000000000000000000000010
1011010001101001011111111101010010000000000000000000000000000000000010
1011010110010100100101100000000011100000000000000000000000000000000010
1010001101100111110101000001111100100000000000000000000000000000000010
1011101001101001010101110101011101000000000000000000000000000000000010
1010000111110011101011011111000000000000000000000000000000000000000010
1010000000110000010110100101001011100000000000000000000000000000000010
1010011001111000011011000100001110000000000000000000000000000000000010
1010100100000010100011011111010000100000000000000000000000000000000010
1010011111110001000001000011101111100000000000000000000000000000000010
1011010110000000000100110001000110000000000000000000000000000000000010
1010010001111010000101100110010110000000000000000000000000000000000010
1010010011100100000100100001010110100000000000000000000000000000000010
1011110101000101100100001110010011100000000000000000000000000000000010
1010100000000000010101100110110001100000000000000000000000000000000010
1011000000011101110101110010111011100000000000000000000000000000000010
1011101110000100010001000100010011100000000000000000000000000000000010
1011101010010001000101110010111001100000000000000000000000000000000010
1011101101101110000001011110010110000000000000000000000000000000000010
1010010111101001010011100110101101100000000000000000000000000000000010
1011100001110010000101001101110111100000000000000000000000000000000010
1011011000110010000100101110110110100000000000000000000000000000000010
1011110011001011110111101010100010000000000000000000000000000000000010
1011010101101111001101001101101000100000000000000000000000000000000010
1011000011001010100010000010101001000000000000000000000000000000000010
1011000010111010000111000111100010100000000000000000000000000000000010
1010011101000011101001101110111101000000000000000000000000000000000010
1010001100011110101000111010111101000000000000000000000000000000000010
1011001101000101010111001101101000100000000000000000000000000000000010
1010110100010001100100011011101001000000000000000000000000000000000010
1010001010100000111111110110110101100000000000000000000000000000000010
1010110101100000001111010001111100000000000000000000000000000000000010
1010011001100000110111011001111110000000000000000000000000000000000010
1010100110101100100000011011111100000000000000000000000000000000000010
1010001001111111101111010100100100000000000000000000000000000000000010
1011001001011101110110111111100000100000000000000000000000000000000010
1010110111110101110110110101101000000000000000000000000000000000000010
1011111001000100010001000110001110100000000000000000000000000000000010
1010111111001010001001110001111111000000000000000000000000000000000010
1010111001000011110100110011111011000000000000000000000000000000000010
1011011001010000011101101101011011100000000000000000000000000000000010
1010001010000011000001110011001101100000000000000000000000000000000010
1011100001000001101001101100101011000000000000000000000000000000000010
1010101000101111001100000110011111100000000000000000000000000000000010
1011110010000010000011111101110110000000000000000000000000000000000010
1011011001110011111111100111110110000000000000000000000000000000000010
1011010100001111001111010000010001100000000000000000000000000000000010
1010100100110001010110011110100101000000000000000000000000000000000010
1011010111111100010110011011111110100000000000000000000000000000000010
1010000111100000100101110111100001000000000000000000000000000000000010
1011111100000100011011111101011111000000000000000000000000000000000010
1010100111000001101100011101011111000000000000000000000000000000000010
1011000000111110000111101011010110100000000000000000000000000000000010
1010011001011011110000011001001100100000000000000000000000000000000010
1010010111101110100111001101001010100000000000000000000000000000000010
1010001101101101000110101110111001000000000000000000000000000000000010
1011000111111100110111100010011010000000000000000000000000000000000010
1011100100001011110011000111100010000000000000000000000000000000000010
1011100110100001011110111001100010100000000000000000000000000000000010
1010111011101000100010000000001101100000000000000000000000000000000010
1010010010000111101100101000000110100000000000000000000000000000000010
1010000001000011000010011111110001000000000000000000000000000000000010
1011101000001000101110111000010101000000000000000000000000000000000010
1011000001110000000101001110100011000000000000000000000000000000000010
1010001000001111111010011001011100100000000000000000000000000000000010
1011110110111101011010100101011000000000000000000000000000000000000010
1010001100111111001101010110011001000000000000000000000000000000000010
1011111001001010000011001100100100000000000000000000000000000000000010
1010001010000000000000111111001100100000000000000000000000000000000010
1011011100110011000111001111101001100000000000000000000000000000000010
1011001010001001010000100111100111100000000000000000000000000000000010
1011000001110100000111001110111101100000000000000000000000000000000010
1010000010111010101111001000100011100000000000000000000000000000000010
1011010010101011101010011110111001100000000000000000000000000000000010
1010011001100110100001010000000011000000000000000000000000000000000010
1010100101001010101101010111111011100000000000000000000000000000000010
1011110000001100110111000110000100000000000000000000000000000000000010
1010100100101101100111110111011000100000000000000000000000000000000010
1010011110100101010011000011000100000000000000000000000000000000000010
1011100011000101000101011010010111000000000000000000000000000000000010
1011011110111010110101001000001010100000000000000000000000000000000010
1011001100111000111001011101110010000000000000000000000000000000000010
1011001001010111100001111011100111000000000000000000000000000000000010
1011011001101110100101010010100100100000000000000000000000000000000010
1010111100011000011001111010111100000000000000000000000000000000000010
1010101100100001101111111111111111100000000000000000000000000000000010
1010101011101000001100010110100111000000000000000000000000000000000010
1010110000101110011110001111111101000000000000000000000000000000000010
1011010011011110110010111110000111100000000000000000000000000000000010
1010100000111000101000011011011010100000000000000000000000000000000010
1011010101011000011101000010101100000000000000000000000000000000000010
1010000110101111111011010101010010100000000000000000000000000000000010
1010100001011110011101101100110101100000000000000000000000000000000010
1010001011110001001001101100000011000000000000000000000000000000000010
1010010111001001101001010110001010000000000000000000000000000000000010
1010110001100010000111010111011000000000000000000000000000000000000010
1010011101010110111011111011010011000000000000000000000000000000000010
1011100101000001000011011101011111100000000000000000000000000000000010
1011011001001011100111000110100110100000000000000000000000000000000010
1011000001101101101100111100111010100000000000000000000000000000000010
1010111100100000000010111110100111100000000000000000000000000000000010
1011001110110100100101011110101011000000000000000000000000000000000010
1010111000011011000011000110000010100000000000000000000000000000000010
1011011001110110001101111011100011000000000000000000000000000000000010
1011010111100000000101000110100011000000000000000000000000000000000010
1011101100010010000101100010000011100000000000000000000000000000000010
1011110010000011100111111011011110000000000000000000000000000000000010
1010110100011100111010111011110010000000000000000000000000000000000010
1011111001101000001001011111011101100000000000000000000000000000000010
1010001110101000110000000101101111100000000000000000000000000000000010
1011011011011001010000001101101110100000000000000000000000000000000010
1010011100010000010000111111100010000000000000000000000000000000000010
1010111010001001011011101000001010100000000000000000000000000000000010
1011010110111110101011100001011000100000000000000000000000000000000010
1010111100001101000111000011110110100000000000000000000000000000000010
1010001111010101001000001100010101000000000000000000000000000000000010
1011100001100001010101111100010000100000000000000000000000000000000010
1011011111110100011000011111000101100000000000000000000000000000000010
1010010010101100110101010001101111100000000000000000000000000000000010
1010000011010011001001001011100100100000000000000000000000000000000010
1010110100100011001110001011101110000000000000000000000000000000000010
1011110111000001101011111110100011000000000000000000000000000000000010
1010110010011000010100010111011000100000000000000000000000000000000010
1010010100010110110111100111111110100000000000000000000000000000000010
1010101100000111000001100010011010100000000000000000000000000000000010
1011110001010100100000101111010010000000000000000000000000000000000010
1011010011101001110111011001100100100000000000000000000000000000000010
1010101000111111000111101010011111000000000000000000000000000000000010
1010110110101000111110010101110111100000000000000000000000000000000010
1010000011100001110010111111001011000000000000000000000000000000000010
1010010110011110000001000000000111000000000000000000000000000000000010
1010010000010010001111010001011110100000000000000000000000000000000010
1011000110100100010001111111111101000000000000000000000000000000000010
1011000101001010010100011101001101100000000000000000000000000000000010
1011001100001101111100000000101111100000000000000000000000000000000010
1010010110000100101111101100001000100000000000000000000000000000000010
1010110011011010111011111110110010100000000000000000000000000000000010
1011100100011101100101111011101011000000000000000000000000000000000010
1010101011100000101000010000000100000000000000000000000000000000000010
1010000001101110001111011111011100100000000000000000000000000000000010
1011100100000110111111101110010101100000000000000000000000000000000010
1010101101101010011111011101100001100000000000000000000000000000000010
1011011010000010011101101010001110000000000000000000000000000000000010
1010100111100001110110011110111100100000000000000000000000000000000010
1011000010011001101101110011110000000000000000000000000000000000000010
1010101101000111100110101001110010100000000000000000000000000000000010
1011011110100100110101001000110000000000000000000000000000000000000010
1011001011100110110100011111101100000000000000000000000000000000000010
1011011010110001000101111000111001000000000000000000000000000000000010
1010101000001000011011011001000010000000000000000000000000000000000010
1010010101110110011110001011111100000000000000000000000000000000000010
1010010001010001011101001001101110000000000000000000000000000000000010
1010010010000110001111111001110000100000000000000000000000000000000010
1011010111100110110101111110110010000000000000000000000000000000000010
1011110011010010010001100101110100100000000000000000000000000000000010
1011011101100110101100010110101001000000000000000000000000000000000010
1011010111100010001000000001110101000000000000000000000000000000000010
1010110101000111000011011101000111000000000000000000000000000000000010
1010000111111010110111001010000101000000000000000000000000000000000010
1010100001010000011101001101011110100000000000000000000000000000000010
1011000110001100001101001111101011100000000000000000000000000000000010
1011110010101011001110100010100111100000000000000000000000000000000010
1011100010010100111000111100000101100000000000000000000000000000000010
1010100001100100011011101011100011100000000000000000000000000000000010
1011100011110011010001101010001101000000000000000000000000000000000010
1011101000000000000110000110001001000000000000000000000000000000000010
1011101110110110011000111110000111100000000000000000000000000000000010
1010001000100100000010011001100001100000000000000000000000000000000010
1010101000100010110001011110011001100000000000000000000000000000000010
1010010011000101011111011100110000100000000000000000000000000000000010
1010101110100001101101011100001100000000000000000000000000000000000010
1010011000111011000110101111111001100000000000000000000000000000000010
1011000111011010010010010100111111000000000000000000000000000000000010
1011001001011001011010110010110111000000000000000000000000000000000010
1010001100000001110010000101010011100000000000000000000000000000000010
1010101010010100101010100111111111100000000000000000000000000000000010
1010010000100001110010101001100011100000000000000000000000000000000010
1010010001111110010010100001010111100000000000000000000000000000000010
1010111010001011101100111101101101000000000000000000000000000000000010
1011000000110111001011011110111110100000000000000000000000000000000010
1011100110110000000110011110000110100000000000000000000000000000000010
1010101001000000100100010000101010100000000000000000000000000000000010
1010100010010011011111100111001111100000000000000000000000000000000010
1011101110011111101011000010110001000000000000000000000000000000000010
1010110010000101011001111111110100000000000000000000000000000000000010
1010110101011100011001010000010101100000000000000000000000000000000010
1011100111001111011011100001001001100000000000000000000000000000000010
1010010000111011101101111111111011100000000000000000000000000000000010
1011100111101101100011000001001011100000000000000000000000000000000010
1010100110110101011110010111111011000000000000000000000000000000000010
1010010011011111001101111101010100000000000000000000000000000000000010
1010010100111001001110000111001101000000000000000000000000000000000010
1011100110111110101110101100011111100000000000000000000000000000000010
1010111001100001001001111110100111100000000000000000000000000000000010
1011010001001011010010001101000000100000000000000000000000000000000010
1010001010100110011110110110111010100000000000000000000000000000000010
1011100100111000000101000100011110000000000000000000000000000000000010
1011110011001011101101111111011100100000000000000000000000000000000010
1011110110010011000001011001011111000000000000000000000000000000000010
1011100000100001000111011110001011000000000000000000000000000000000010
1010001011001000110101110001011111100000000000000000000000000000000010
1010011000011110001100000010000011000000000000000000000000000000000010
1011000000111011000110111011101011000000000000000000000000000000000010
1010000111110110010011000110110011100000000000000000000000000000000010
1010100100000000001101110011110000100000000000000000000000000000000010
1010110101000001100001111011010101000000000000000000000000000000000010
1010000010101010000100010110111001100000000000000000000000000000000010
1011111000111100000111111011110011100000000000000000000000000000000010
1010010011100101000001011101100110100000000000000000000000000000000010
1010011110101000110011001110101010000000000000000000000000000000000010
1010101111000011110000111111011011100000000000000000000000000000000010
1011111000010100001010111110010011100000000000000000000000000000000010
1010101010001110101001100011111101100000000000000000000000000000000010
1011011101100000000000000010110010000000000000000000000000000000000010
1011100001100101101110000111001101000000000000000000000000000000000010
1011111001011000000111110011100000100000000000000000000000000000000010
1010000101000100100001101011100110100000000000000000000000000000000010
1010101010101101011111001001111110000000000000000000000000000000000010
1011110100110011110110001010010000100000000000000000000000000000000010
1010101000110100101011110011110110100000000000000000000000000000000010
1011011101100110001110111101100100100000000000000000000000000000000010
1010010101111100010111110011101010100000000000000000000000000000000010
1010011010101111101111101111001011000000000000000000000000000000000010
1010010100111101011101001001101001100000000000000000000000000000000010
1011010100101111110011101100000011000000000000000000000000000000000010
1011101011101010111110010001011110000000000000000000000000000000000010
1011100001110101010001110101100111100000000000000000000000000000000010
1011000001110001100010111111110010000000000000000000000000000000000010
1010100001101110100100110010100001100000000000000000000000000000000010
1011000001001110110010001101101101000000000000000000000000000000000010
1010111101000001110010011111011001100000000000000000000000000000000010
1010010110100110100110101010000011000000000000000000000000000000000010
1011011100011001011000011011000111000000000000000000000000000000000010
1011001011100000100000111111010111000000000000000000000000000000000010
1011101000000001111010010101100010000000000000000000000000000000000010
1011111000100011110011110101101111100000000000000000000000000000000010
1011111000000110100010110011000100100000000000000000000000000000000010
1011011100100111111100001011100111000000000000000000000000000000000010
1010001010110110000001010111100001100000000000000000000000000000000010
1011100100010010010001110011110000100000000000000000000000000000000010
1010110010101100010000110111111011000000000000000000000000000000000010
1010101111011000000000111111010011100000000000000000000000000000000010
1010000111100000000100001010101111100000000000000000000000000000000010
1010100000100000011011101000010001100000000000000000000000000000000010
1010001010110011011111101010111010100000000000000000000000000000000010
1011101010001101011111011100110001100000000000000000000000000000000010
1010100000100000100011100011001101100000000000000000000000000000000010
1010110001110101010111010111010010100000000000000000000000000000000010
1010010000011011001011001110110101100000000000000000000000000000000010
1010111011111011011010001111100001000000000000000000000000000000000010
1010001010110000000101101101111000000000000000000000000000000000000010
1011011001101101001011101100010011000000000000000000000000000000000010
1011001110011000010011111000001101000000000000000000000000000000000010
1010011110010100001111010110110000000000000000000000000000000000000010
1010111110100001001011001001010100100000000000000000000000000000000010
1011110111000010111101110111000011000000000000000000000000000000000010
1010111101100111010001000110011010100000000000000000000000000000000010
1010101011101010000010011011010111100000000000000000000000000000000010
1010100100001010101101110111111111000000000000000000000000000000000010
1010001001000010001111001001011001000000000000000000000000000000000010
1011101001010001010011101000001011000000000000000000000000000000000010
1011001000100001000111101110100001100000000000000000000000000000000010
1010010111111010100000001010100001100000000000000000000000000000000010
1010001100000111011100111111011111100000000000000000000000000000000010
1011011000100100101000111000101001000000000000000000000000000000000010
1011110111111011010111011010101111000000000000000000000000000000000010
1011000110101000010100100011011001100000000000000000000000000000000010
1010111101000001010111101110111110000000000000000000000000000000000010
1010001101110011001001100111011101100000000000000000000000000000000010
1010110101000000100001111011110011000000000000000000000000000000000010
1010000101000100111001100011100000100000000000000000000000000000000010
1011000001101100110111111011001000100000000000000000000000000000000010
1011101100111010110000111111111110000000000000000000000000000000000010
1010100000110100111110001111001110000000000000000000000000000000000010
1010110000110111011010010110101100100000000000000000000000000000000010
1011100000000000010010011111001101000000000000000000000000000000000010
1011111101010001001001000010010100100000000000000000000000000000000010
1010000111000110110111000011111100000000000000000000000000000000000010
1010000100000001110101000101100011000000000000000000000000000000000010
1010100011111011000011111001011110100000000000000000000000000000000010
1010111011000000010000101110100100100000000000000000000000000000000010
1010110100011111101001011100110111100000000000000000000000000000000010
1010011100000110101111111011110111100000000000000000000000000000000010
1010000010100111101000001011001111000000000000000000000000000000000010
1010110101100101001111100011101001100000000000000000000000000000000010
1011100101110100010011110110100100000000000000000000000000000000000010
1011010001000011110111110101000011100000000000000000000000000000000010
1011101011110010011111000010101111000000000000000000000000000000000010
1010011101000011001111101111110010000000000000000000000000000000000010
1011010001100101111000110000100111000000000000000000000000000000000010
1011111011010010111100011110011000100000000000000000000000000000000010
1010011100010110101010111001110110000000000000000000000000000000000010
1011100101101001011110100011101111000000000000000000000000000000000010
1011100011010110000101110011110100000000000000000000000000000000000010
1011010010001010111110100010010111000000000000000000000000000000000010
1010001101000011101111000010111110000000000000000000000000000000000010
1011011111110010110111111100101000000000000000000000000000000000000010
1010110010001101101101010000111100100000000000000000000000000000000010
1011100010010000101111001010010110100000000000000000000000000000000010
1011001001110000001011111001010011100000000000000000000000000000000010
1011011110010111011100101011000000000000000000000000000000000000000010
1010001010000110000101101010010111000000000000000000000000000000000010
1011000001011010000011100101101100000000000000000000000000000000000010
1011101000000100010110100110111001000000000000000000000000000000000010
1011010011000010010110101000111101100000000000000000000000000000000010
1011100101110110110000000001011101000000000000000000000000000000000010
1010110010001001101111111100111111100000000000000000000000000000000010
1010101010001001100011101011110010000000000000000000000000000000000010
1011001000000111111100111111001011100000000000000000000000000000000010
1010101101000011000111010000001111100000000000000000000000000000000010
1011001001001011010111111011010000100000000000000000000000000000000010
1011110000000001100110100101000001100000000000000000000000000000000010
1011011001010110100110011101000011100000000000000000000000000000000010
1010001101001001001001110100110101100000000000000000000000000000000010
1010001111000001110111011110100110100000000000000000000000000000000010
1011111001001000010111111010111111100000000000000000000000000000000010
1010111100000101000011101100101101100000000000000000000000000000000010
1011001110111011010011010001011100100000000000000000000000000000000010
1011010011100001000110111110001110100000000000000000000000000000000010
1010000000111011111010001110010111000000000000000000000000000000000010
1010000100001100000101110011101101100000000000000000000000000000000010
1010000110100101010011010101110001100000000000000000000000000000000010
1010110110000100100001011010100110000000000000000000000000000000000010
1011111101100101010101111101000100100000000000000000000000000000000010
1011111001011000100111110101111110100000000000000000000000000000000010
1011101010010000100010011000011011100000000000000000000000000000000010
1010111101100000100010111101100101100000000000000000000000000000000010
1010010101100111110101101110110101100000000000000000000000000000000010
1011100100100000000011110110101110100000000000000000000000000000000010
1010001011011110100011010001010101000000000000000000000000000000000010
1010011100000101100000010111011100000000000000000000000000000000000010
1011100000101010110111110001100000000000000000000000000000000000000010
1011100110010001010011111010010100100000000000000000000000000000000010
1011101000001001010110101010111111000000000000000000000000000000000010
1011110100110101100000010010110000000000000000000000000000000000000010
1010110110001000010100100110011101100000000000000000000000000000000010
1011001000110000001011001100010000100000000000000000000000000000000010
1011101110101100111110001001110010000000000000000000000000000000000010
1010000101111000110101011111010110000000000000000000000000000000000010
1010101010101110101111110010101110100000000000000000000000000000000010
1010100010000000001010101001110100100000000000000000000000000000000010
1010001110011011011101010110100110000000000000000000000000000000000010
1011100100011100100000101100011110000000000000000000000000000000000010
1011101100001110101011101010000100100000000000000000000000000000000010
1010001010111000000111111001110001100000000000000000000000000000000010
1011000001000010111110010110010001100000000000000000000000000000000010
1011000100000011110110011111100001100000000000000000000000000000000010
1011110011101101011100000010101110100000000000000000000000000000000010
1010011101100110101101011000110011100000000000000000000000000000000010
1011011101001001001011100001001111000000000000000000000000000000000010
1011010000101001000110111001010100100000000000000000000000000000000010
1011000100000011001111001101011001100000000000000000000000000000000010
1010001011100000001001101111111001000000000000000000000000000000000010
1010000111101000010011011010110111100000000000000000000000000000000010
1011010110100000110011010110110101100000000000000000000000000000000010
1010001100111100100100101100100000100000000000000000000000000000000010
1011001000001100000101111110110001000000000000000000000000000000000010
1010000001011100010001111110111101100000000000000000000000000000000010
1011010011100000101100110010110011100000000000000000000000000000000010
1010111100100010100111100111101011100000000000000000000000000000000010
1011110101010101000010100100111100100000000000000000000000000000000010
1011011001010010011100111101010111100000000000000000000000000000000010
1010000000101101100000010111110000000000000000000000000000000000000010
1010011110011001010011100101000011100000000000000000000000000000000010
1010001110000100001010110100110110100000000000000000000000000000000010
1010011011000101111101101110101110100000000000000000000000000000000010
1011101111001001011001111100111100000000000000000000000000000000000010
1010111000100010100111000111000000100000000000000000000000000000000010
1010111001010100101001010111111000000000000000000000000000000000000010
1010000110010001001001111001100110100000000000000000000000000000000010
1010111111000011000010111111011111100000000000000000000000000000000010
1010001011111000101011101110001010100000000000000000000000000000000010
1011001001100110001110011111000010100000000000000000000000000000000010
1011101111100001110011001101010100000000000000000000000000000000000010
1011111100001011110111111111011001100000000000000000000000000000000010
1011000011100001001101100011100010100000000000000000000000000000000010
1011001000010100000011101111110010000000000000000000000000000000000010
1010010011001100111101011001001110100000000000000000000000000000000010
1011011001111000110110111100100000000000000000000000000000000000000010
1011000010100110110000010111110100000000000000000000000000000000000010
1011110000000010101101111011110110100000000000000000000000000000000010
1010000010001011011110011101110111000000000000000000000000000000000010
1010000100001110011001010000101000100000000000000000000000000000000010
1011001000001101110011010010111110100000000000000000000000000000000010
1010000001110100001010101000100001000000000000000000000000000000000010
1011011010011100011101010001010001100000000000000000000000000000000010
1010000000010010101010010010110000000000000000000000000000000000000010
1011000010110001101010100000000010100000000000000000000000000000000010
1010111000000011100110011101011011000000000000000000000000000000000010
1010010111110101010110111110111101100000000000000000000000000000000010
1010001100111101000001011110000001100000000000000000000000000000000010
1010001000001010101001110010001111100000000000000000000000000000000010
1010001011100110010010111111111010100000000000000000000000000000000010
1010000110010111101011111000011101100000000000000000000000000000000010
1011001000100001111110101010111101000000000000000000000000000000000010
1010110001011110110011101111100110100000000000000000000000000000000010
1010000100101011011111000000001101100000000000000000000000000000000010
1010100110010110000110110111010000100000000000000000000000000000000010
1010101010000111010001101111011101000000000000000000000000000000000010
1011110010001010101000000011111011000000000000000000000000000000000010
1011000110011001101110001000101100100000000000000000000000000000000010
1011000011010101101001011011111100100000000000000000000000000000000010
1010000001011010001001100101111111100000000000000000000000000000000010
1011101111000100010100001010110010100000000000000000000000000000000010
1010110010100101011101100010111011000000000000000000000000000000000010
1011010000100000000111001011011001100000000000000000000000000000000010
1010010011001110010010100100000100000000000000000000000000000000000010
1010000101000000001000000011000000100000000000000000000000000000000010
1010011100001110001101000101010001100000000000000000000000000000000010
1010100001000100101000000111110110100000000000000000000000000000000010
1010110010001011010101111100111001100000000000000000000000000000000010
1010010010101101111011011011101111000000000000000000000000000000000010
1010100001011001010011010011100111000000000000000000000000000000000010
1010100000000000110011101011110000100000000000000000000000000000000010
1010010110110100001110100111111000000000000000000000000000000000000010
1010110001010011100011111111101001100000000000000000000000000000000010
1010000100001000011001111001010101000000000000000000000000000000000010
1010111001011101101100101101010010000000000000000000000000000000000010
1010100100010011000110101111111011100000000000000000000000000000000010
1011000100110010011001110101010101100000000000000000000000000000000010
1011111111111001011001011001110011100000000000000000000000000000000010
1010001111000001001001001011000100100000000000000000000000000000000010
1011111010011100100101001110111101100000000000000000000000000000000010
1010110100000110000101111000011101100000000000000000000000000000000010
1011100010101010000000111110111011100000000000000000000000000000000010
1010001001100010101111110000100101000000000000000000000000000000000010
1010110110111111001010011100111110000000000000000000000000000000000010
1011100110101000101001101100010110100000000000000000000000000000000010
1011001001101000111101010101000110000000000000000000000000000000000010
1010011100000010101100000011010010000000000000000000000000000000000010
1011011111011100000100101110101111100000000000000000000000000000000010
1011000001011110010100101000011101000000000000000000000000000000000010
1010010100011000100011011110001111000000000000000000000000000000000010
1010100110101001001001111101100110000000000000000000000000000000000010
1011001000000000110110110100101110100000000000000000000000000000000010
1010010100000100001110000001111010100000000000000000000000000000000010
1011110010001100110101011101010110000000000000000000000000000000000010
1011110001011100010101101001111100100000000000000000000000000000000010
1011011110100000110001100011101010000000000000000000000000000000000010
1010111001101100001101111101000011100000000000000000000000000000000010
1011001001110111110010001001101011100000000000000000000000000000000010
1010111000111000000011010100100100000000000000000000000000000000000010
1011001101000001111011010110010010100000000000000000000000000000000010
1010111010010010110001101011101001100000000000000000000000000000000010
1011001100001011011001010111100100100000000000000000000000000000000010
1011010111001010000100101011000110100000000000000000000000000000000010
1011100001100110110100100100001100100000000000000000000000000000000010
1011101100101010001111111000010101000000000000000000000000000000000010
1011110000110101100001110011000010100000000000000000000000000000000010
1011100010100010111010010010100011100000000000000000000000000000000010
1011100001011001111111000110000110000000000000000000000000000000000010
1011101001111000001010111010101000100000000000000000000000000000000010
1010101001001001110110000011001011100000000000000000000000000000000010
1011110001001000100010111111001101000000000000000000000000000000000010
1010100101101010101100101010000100100000000000000000000000000000000010
1011101000011011000101111011101001100000000000000000000000000000000010
1010001000001110011001101000100001100000000000000000000000000000000010
1010000101010011011110010100100000000000000000000000000000000000000010
1010000000111100100010001111010110100000000000000000000000000000000010
1010110000100110101101011100111001100000000000000000000000000000000010
1011011100100001001000100111101011000000000000000000000000000000000010
1011111111101000110011111110111000000000000000000000000000000000000010
1011011101101110110011011010001010100000000000000000000000000000000010
1011001000000111001100101110001101100000000000000000000000000000000010
1010010011000110010001111100011001100000000000000000000000000000000010
1010001101000110000110111001110000100000000000000000000000000000000010
1010110111111000001010010001011100100000000000000000000000000000000010
1011100110001111100100011111010001100000000000000000000000000000000010
1011010010011111100110111011101111000000000000000000000000000000000010
1010110010110000110000011110111110100000000000000000000000000000000010
1010010010100110010110111101101000100000000000000000000000000000000010
1011101000010000110100011101001111100000000000000000000000000000000010
1011101111100110011010001101001101000000000000000000000000000000000010
1011000101111011001111001001010101000000000000000000000000000000000010
1011111001110010000100110111001011100000000000000000000000000000000010
1010101111011011100001111100011000000000000000000000000000000000000010
1011010000010111110101111010000001100000000000000000000000000000000010
1010000001111010010000010101101000100000000000000000000000000000000010
1011000111011010111000100110110101100000000000000000000000000000000010
1010101000010110000001111101100101100000000000000000000000000000000010
1011110100110110001111100100001111100000000000000000000000000000000010
1010101000110011100001010101010001100000000000000000000000000000000010
1010001010101111001011111011010111100000000000000000000000000000000010
1010011101010110110001000101110000100000000000000000000000000000000010
1011110001011001000000010101001101000000000000000000000000000000000010
1011011010011001000000000011010001100000000000000000000000000000000010
1011111111101000101100010110000111100000000000000000000000000000000010
1011100000010100110011101100101000000000000000000000000000000000000010
1011111001010000001100111100000001100000000000000000000000000000000010
1011001101100011000101000010111111000000000000000000000000000000000010
1011110000010001010011100010110110000000000000000000000000000000000010
1011111111011101000100100111010100100000000000000000000000000000000010
1010100101000100110111100101101101000000000000000000000000000000000010
1010110011001011101001111011101011100000000000000000000000000000000010
1011101100000101010111100111001001100000000000000000000000000000000010
1010001010110000100011101000100100000000000000000000000000000000000010
1010110011101110100000101001110000000000000000000000000000000000000010
1011001000110111110101100010001010000000000000000000000000000000000010
1011110111110010011000100000111011000000000000000000000000000000000010
1011101100101001010011011110100100100000000000000000000000000000000010
1010111110000000010101110100110110100000000000000000000000000000000010
1010001010011100001011101010100011000000000000000000000000000000000010
1010100100110100001111100111100110100000000000000000000000000000000010
1010101100011110000100011110011111100000000000000000000000000000000010
1011110010101100110010101101101001100000000000000000000000000000000010
1011110011110000110101011010011010000000000000000000000000000000000010
1011001010101111110101011100101111000000000000000000000000000000000010
1011011101100101110010001001101001000000000000000000000000000000000010
1011010010110111011110010100111110100000000000000000000000000000000010
1010010100010001111101100011110111100000000000000000000000000000000010
1011010110010101010001111100011111100000000000000000000000000000000010
1011101110000011001100011000000111100000000000000000000000000000000010
1010000011110010111011011111111101100000000000000000000000000000000010
1011010011100110101110000001110010000000000000000000000000000000000010
1010001011011111111100111001001010100000000000000000000000000000000010
1010101010000100101011110101101110100000000000000000000000000000000010
1011110000001001111111111111110101100000000000000000000000000000000010
1011100110110101101100111001000111100000000000000000000000000000000010
1010010000011101100001010101110111000000000000000000000000000000000010
1010010000000011001111010111110111100000000000000000000000000000000010
1011110011111100000111000111111101000000000000000000000000000000000010
1010000101110000000100101010001000000000000000000000000000000000000010
1010100011010100011010010001101010000000000000000000000000000000000010
1011001001010010111110110110011000000000000000000000000000000000000010
1010111010000011101100011101101101100000000000000000000000000000000010
1010010000110011111010011101100011100000000000000000000000000000000010
1011110000111101100100011010010110000000000000000000000000000000000010
1010101011101000011111110101111011100000000000000000000000000000000010
1010100000101101011001110011001011100000000000000000000000000000000010
1011111000101000110000111100011111100000000000000000000000000000000010
1010100110001011011001110001001100100000000000000000000000000000000010
1010110100111011000110111100110000000000000000000000000000000000000010
1010010100010110000110010110011011000000000000000000000000000000000010
1010000111100010001100101100111001000000000000000000000000000000000010
1010011001011010100010100011111110100000000000000000000000000000000010
1010111110011100100011110111111001100000000000000000000000000000000010
1010111110001010000001110110001101000000000000000000000000000000000010
1010101000000010100110110000110011000000000000000000000000000000000010
1011011110100001101111100010011011100000000000000000000000000000000010
1011001001000001000110011101101011100000000000000000000000000000000010
1011010011001111010000010111001000000000000000000000000000000000000010
1010011000000001100110011010111110100000000000000000000000000000000010
1011000101010101100100101111101011100000000000000000000000000000000010
1010000010011010101011011001000001000000000000000000000000000000000010
1010100010000000010011100110010011000000000000000000000000000000000010
1010100100000100110010000000010111000000000000000000000000000000000010
1011100001000000010111010011111111000000000000000000000000000000000010
1011001001001010001011110001001010000000000000000000000000000000000010
1011110000000001010011100001100011100000000000000000000000000000000010
1010101010111011011111101000101111100000000000000000000000000000000010
1010000011010111111001101111010000000000000000000000000000000000000010
1010011010001000100110111110001101100000000000000000000000000000000010
1010101100001100011010010111001110000000000000000000000000000000000010
1011100000010001000011101111011010100000000000000000000000000000000010
1010010001100010111001110110101000100000000000000000000000000000000010
1010100110010100111010011101110111100000000000000000000000000000000010
1011110111111001011011111111010111100000000000000000000000000000000010
1011011001110010010001010111110001100000000000000000000000000000000010
1010001100100000111100101011111000000000000000000000000000000000000010
1010010000010001010011101110010110100000000000000000000000000000000010
1011101000100000100000001111011111000000000000000000000000000000000010
1011000000110101101010011101000111000000000000000000000000000000000010
1011111011100100010111001001110101100000000000000000000000000000000010
1010010110100100000001110010000001100000000000000000000000000000000010
1010000001110010100011111000111111100000000000000000000000000000000010
1011000110111001000011111111111000100000000000000000000000000000000010
1010010100100010011000110101001001100000000000000000000000000000000010
1011000110110010010001000011000110100000000000000000000000000000000010
1010001000001001101111100101111111000000000000000000000000000000000010
1011001101011011001011010011001011000000000000000000000000000000000010
1011000011101001010110111000111011000000000000000000000000000000000010
1011010010011000101000101001011001000000000000000000000000000000000010
1010000011100100000111100110011100100000000000000000000000000000000010
1010001111100010011110111011000101100000000000000000000000000000000010
1010011111111000010010010101011100100000000000000000000000000000000010
1010001001000111000000100001101111100000000000000000000000000000000010
1011001000001010101101110111101100000000000000000000000000000000000010
1011100100010101101110011111011010000000000000000000000000000000000010
1010101010001010000101101110001011000000000000000000000000000000000010
1011110101111111001101100111010101000000000000000000000000000000000010
1010110011000010001010110100111110100000000000000000000000000000000010
1010000011000101100001011011000111100000000000000000000000000000000010
1010011111100111011111100001000110000000000000000000000000000000000010
1010000101011111010000100000000101000000000000000000000000000000000010
1010010010010000111011100011001011100000000000000000000000000000000010
1011001100000010000101101010011001100000000000000000000000000000000010
1010110000101100101101110010111101100000000000000000000000000000000010
1011011100100110100110001111110000100000000000000000000000000000000010
1010100000010001001001010011001111000000000000000000000000000000000010
1010111100110000010000111111001100100000000000000000000000000000000010
1010100001110011010100010001100011000000000000000000000000000000000010
1011001111011010001111100011101100000000000000000000000000000000000010
1011010111101100101000110110101010100000000000000000000000000000000010
1011100000001000010101011011100010000000000000000000000000000000000010
1011101001100100110111110101010001100000000000000000000000000000000010
1010001000111001110010111000110101100000000000000000000000000000000010
1010100010010101001011111100100101000000000000000000000000000000000010
1010011110101111101100001111010100100000000000000000000000000000000010
1011110000101010110100010001100001000000000000000000000000000000000010
1011001010100110111011100111000111100000000000000000000000000000000010
1011111000101100001110110111101111100000000000000000000000000000000010
1011001011001000100011000100100011000000000000000000000000000000000010
1010011001001101100011101100001100000000000000000000000000000000000010
1010111011101101100011101001001111100000000000000000000000000000000010
1010110110000010111010001101100110100000000000000000000000000000000010
1011011110110011111111000011110010100000000000000000000000000000000010
1011001100101000001010010101111011000000000000000000000000000000000010
1011101001100111011001101100110010100000000000000000000000000000000010
1010001100101111010000101110111111100000000000000000000000000000000010
1011011010000000000001110101111111100000000000000000000000000000000010
1010100001111101000111000001100001100000000000000000000000000000000010
1010110000001110010011000001001101000000000000000000000000000000000010
1010101111100110101100101110011110100000000000000000000000000000000010
1010001100110000100101001010111110100000000000000000000000000000000010
1011111011011010001000111001001000100000000000000000000000000000000010
1010000001000100011000011001111000000000000000000000000000000000000010
1011010001001100110111001110011100000000000000000000000000000000000010
1011010101000110100001110110001101100000000000000000000000000000000010
1010110100011000001110111010000011100000000000000000000000000000000010
1011100110000010100110011011111111000000000000000000000000000000000010
1011111100110000110101001011010010000000000000000000000000000000000010
1011110000111110111011011111011011100000000000000000000000000000000010
1010110110000111010011110101101001000000000000000000000000000000000010
1010000110010110010010010010011000000000000000000000000000000000000010
1010100000011000000010100100111111100000000000000000000000000000000010
1011000110101000110001110011011011000000000000000000000000000000000010
1011000010111111100101101010001101100000000000000000000000000000000010
1011111011101011010110011100001001100000000000000000000000000000000010
1011010000100010110000010011011011100000000000000000000000000000000010
1010010001110111000101101000011100100000000000000000000000000000000010
1011100011011010111110011100001110000000000000000000000000000000000010
1010010100001011100010011011000011000000000000000000000000000000000010
1011100011011010010001111010011110000000000000000000000000000000000010
1010111101010001110011100111101010000000000000000000000000000000000010
1011011111110001000011010100110011100000000000000000000000000000000010
1011001110100111011111100110111010100000000000000000000000000000000010
1011000101111011010010100111101010000000000000000000000000000000000010
1010010100010010110101110000011101100000000000000000000000000000000010
1010101010110010100100010110001011000000000000000000000000000000000010
1010001110000010110011001111011010000000000000000000000000000000000010
1011010111101110000101110111010111100000000000000000000000000000000010
1010001111000110000110100110111110000000000000000000000000000000000010
1011010101111011000110000110111111000000000000000000000000000000000010
1010001011011010010011110100010001000000000000000000000000000000000010
1010101000011010101110111111010011100000000000000000000000000000000010
1011110001011010100111001101010111000000000000000000000000000000000010
1011011000111011000110000101001111100000000000000000000000000000000010
1010010100101111000111001110100000100000000000000000000000000000000010
1010101010001011110010000110110110100000000000000000000000000000000010
1011000100010010000101000100111111000000000000000000000000000000000010
1011001001101101011011000110100110100000000000000000000000000000000010
1011111111000011000110010001101010100000000000000000000000000000000010
1010010100100110100111100100111001000000000000000000000000000000000010
1011111100000100010101011111011011000000000000000000000000000000000010
1011000011111010111000111110110010100000000000000000000000000000000010
1010111001001110110011011111011110000000000000000000000000000000000010
1010011000000011000011101101011011100000000000000000000000000000000010
1010110011011110110111110001111011100000000000000000000000000000000010
1010001011110011110001001001100110000000000000000000000000000000000010
1010010110010101000101111000101111000000000000000000000000000000000010
1010010010100111001011011110111011000000000000000000000000000000000010
1010110011110011110101111011010001000000000000000000000000000000000010
1011001000010011000111111011100011100000000000000000000000000000000010
1011011100101110010011010011000010000000000000000000000000000000000010
1010001100100111100111101001101101000000000000000000000000000000000010
1011001000010000101100101100100110000000000000000000000000000000000010
1010000010100011100101111010100110000000000000000000000000000000000010
1010011100011111000110101010111111100000000000000000000000000000000010
1010000100100111111011001100110011100000000000000000000000000000000010
1010000000110011101101000010011001100000000000000000000000000000000010
1011010100101110010111111100100101000000000000000000000000000000000010
1011111001100111011011011010011000100000000000000000000000000000000010
1010110010100110100011111110100001000000000000000000000000000000000010
1010101000100111000010001111011000100000000000000000000000000000000010
1011010011001000101011011011011010100000000000000000000000000000000010
1011010100110010111101011111001011100000000000000000000000000000000010
1010100011000100110011111100101010100000000000000000000000000000000010
1010101011010001110011000011001100100000000000000000000000000000000010
1010011011000101001111110100111001100000000000000000000000000000000010
1011100111101000010010111111011101000000000000000000000000000000000010
1011100101100000001110111001001001100000000000000000000000000000000010
1010101000000001000111011011001010100000000000000000000000000000000010
1010100101001001111011111010011011000000000000000000000000000000000010
1011011010110010000101111001111111100000000000000000000000000000000010
1010101000001101101010100011101101100000000000000000000000000000000010
1010101000000011000011101011110111100000000000000000000000000000000010
1010000010010011101110111000001110000000000000000000000000000000000010
1010111100100011011110110101011100100000000000000000000000000000000010
1010001001111001101111001001001110100000000000000000000000000000000010
1011100100111101010000010101101110000000000000000000000000000000000010
1010110101100100100001111110100110000000000000000000000000000000000010
1011110100110110001111011101110100100000000000000000000000000000000010
1011011100001000001011101111001010100000000000000000000000000000000010
1010100111001111101011001100011111100000000000000000000000000000000010
1010000011000000000110011001100111100000000000000000000000000000000010
1011000111000111000110110101000101000000000000000000000000000000000010
1010000110000111100010100110000110000000000000000000000000000000000010
1010101001000001110110110101111000100000000000000000000000000000000010
1011001011110010110110100111000111000000000000000000000000000000000010
1010010000101101010110001101111111000000000000000000000000000000000010
1010100101011100001000010000010011100000000000000000000000000000000010
1011000110111111110001011011010110100000000000000000000000000000000010
1010100000011111010111101100000110000000000000000000000000000000000010
1010100000000101100001100101111011000000000000000000000000000000000010
1010100100001001100011011001010001100000000000000000000000000000000010
1010100011001010110110000001111111000000000000000000000000000000000010
1010101010110111101111110111011101100000000000000000000000000000000010
1010010010101000010100000100001010000000000000000000000000000000000010
1010100001001000001011011100111111100000000000000000000000000000000010
1010100000101011011001100011101011100000000000000000000000000000000010
1010111100010100101011001110011111000000000000000000000000000000000010
1011000000111010101100000100111000000000000000000000000000000000000010
1011010101101001101110011011001111100000000000000000000000000000000010
1011010011110101001010100001111010000000000000000000000000000000000010
1010010101110100100101011111001001100000000000000000000000000000000010
1010011011000110010101001011101111000000000000000000000000000000000010
1010001111011000001101111100100011000000000000000000000000000000000010
1010000010101011001000101001100110000000000000000000000000000000000010
1010010101000100000011010110000011100000000000000000000000000000000010
1010010010100100001000111111000100000000000000000000000000000000000010
1011111100011001100111010101000111100000000000000000000000000000000010
1010111011000001010110101101110011000000000000000000000000000000000010
1011010100111111001111101011111000100000000000000000000000000000000010
1011111111100110101011110110100100100000000000000000000000000000000010
1010001001110111010110011110100110100000000000000000000000000000000010
1011010001001001000110111101000111100000000000000000000000000000000010
1011011101010110001000111101111100100000000000000000000000000000000010
1010101110001001110111010011100001000000000000000000000000000000000010
1011000100110010000110011010100000100000000000000000000000000000000010
1010111010110001110110000111000011000000000000000000000000000000000010
1011010110000110100111101111110010100000000000000000000000000000000010
1011101011001000000100001111100011100000000000000000000000000000000010
1010000111100100101110110001100001100000000000000000000000000000000010
1011010001000011100100110101110001100000000000000000000000000000000010
1011010011011110100010011100100111100000000000000000000000000000000010
1010100100110010000001000101110101000000000000000000000000000000000010
1011101110001001110101110111111001100000000000000000000000000000000010
1010110001100111010111010100000110100000000000000000000000000000000010
1010000100000100100111110111111010100000000000000000000000000000000010
1011101000100001010100110001111001000000000000000000000000000000000010
1011011001000000001001011111101011100000000000000000000000000000000010
1010001000010000111000010101111010100000000000000000000000000000000010
1010011111010001110111111001010111100000000000000000000000000000000010
1010001011010100100110101011100010100000000000000000000000000000000010
1011010010000101100101001011111110100000000000000000000000000000000010
1010110011100100010110110110101100000000000000000000000000000000000010
1011011100111000010100110001011011100000000000000000000000000000000010
1011000001111110010101101110100011000000000000000000000000000000000010
1010010101000000101001010100011011000000000000000000000000000000000010
1010111010111011110011111101101110100000000000000000000000000000000010
1010011000010101011001100110111101100000000000000000000000000000000010
1010111000011101011100101001111000000000000000000000000000000000000010
1010011011000101000111100111110111100000000000000000000000000000000010
1010100111010000010100101011101100100000000000000000000000000000000010
1010100101001000001111111010001110100000000000000000000000000000000010
1011010000011001101000000110000001000000000000000000000000000000000010
1010010101010111101100111100110010100000000000000000000000000000000010
1011000110101011110101111100001100000000000000000000000000000000000010
1011111110001001100000100111000110000000000000000000000000000000000010
1010010010001111100101110000010001000000000000000000000000000000000010
1010011100000000110010110000010101100000000000000000000000000000000010
1011001111001101110111100001011011100000000000000000000000000000000010
1010100111010100100111011011001010100000000000000000000000000000000010
1010010110101100100000001110101111100000000000000000000000000000000010
1011101101101111111101000110001111100000000000000000000000000000000010
1011010010111110011111011011101111000000000000000000000000000000000010
1011101011001010010000101011000100100000000000000000000000000000000010
1011000100100100001111111100011111100000000000000000000000000000000010
1011111100101010011110001101011111100000000000000000000000000000000010
1011000000010001011111011111000010100000000000000000000000000000000010
1011010001100100011110110010010011000000000000000000000000000000000010
1010111011000010011001100010001010100000000000000000000000000000000010
1010011101111001011101111001101110100000000000000000000000000000000010
1010001111001110000100100001100010100000000000000000000000000000000010
1010011011111001000011001110110101100000000000000000000000000000000010
1010001101001001100010110111111000100000000000000000000000000000000010
1010100011011001001111101000101100100000000000000000000000000000000010
1010010100100010111111000011101110100000000000000000000000000000000010
1011101001010001000101100010100011100000000000000000000000000000000010
1011111110110000010110111110111000100000000000000000000000000000000010
1011000001110001100010111000101000100000000000000000000000000000000010
1010001000000101001101100011101011100000000000000000000000000000000010
1010011101001001111100010101111101000000000000000000000000000000000010
1011110101101111111101100111110000100000000000000000000000000000000010
1010010001100010100111000100001000100000000000000000000000000000000010
1010010000011100110110010011010110100000000000000000000000000000000010
1010010000111001101111111100010100000000000000000000000000000000000010
1011111000100100001010011010010010000000000000000000000000000000000010
1011000111110010000110010111101100100000000000000000000000000000000010
1011000000111000000100000011001111000000000000000000000000000000000010
1010100011110111000111000001111001000000000000000000000000000000000010
1010111111000101101011101011111111100000000000000000000000000000000010
1010010100101111111000100000110011000000000000000000000000000000000010
1010000000000001111001011111100110000000000000000000000000000000000010
1010000111111101100000110010110011000000000000000000000000000000000010
1010000100011000111111001111001000100000000000000000000000000000000010
1011010101110000110111010100010100100000000000000000000000000000000010
1010011100111111010010001100010100000000000000000000000000000000000010
1011101000001100000110111110110000000000000000000000000000000000000010
1010110111100101110010101110100010000000000000000000000000000000000010
1010111011010011100100100011110001100000000000000000000000000000000010
1010100000101010100110010111001011100000000000000000000000000000000010
1010101100110100001101010101100111100000000000000000000000000000000010
1011001010101100100101010111101111100000000000000000000000000000000010
1011100100110001101100001111110100100000000000000000000000000000000010
1011100010010100010111011011000101100000000000000000000000000000000010
1011100101001011011011000010101010100000000000000000000000000000000010
1011000010011000100011001000101011100000000000000000000000000000000010
1011111010000001100011110001001001100000000000000000000000000000000010
1010110010101001000101001111110010100000000000000000000000000000000010
1010000110010010011111111011110111000000000000000000000000000000000010
1011010001000001100101111011000101100000000000000000000000000000000010
1010000010001000000001001100110101000000000000000000000000000000000010
1011001010010100010110111100000010100000000000000000000000000000000010
1010000011110011100011110010111100000000000000000000000000000000000010
1011111011001001011011001100111010000000000000000000000000000000000010
1011001000100110000101110100000011100000000000000000000000000000000010
1011011110101100100001100010000000100000000000000000000000000000000010
1011110111001111010010110111111110100000000000000000000000000000000010
1011000011100000100101111010100101100000000000000000000000000000000010
1010011000011101110000001111001101000000000000000000000000000000000010
1010001010010100100101000110101010000000000000000000000000000000000010
1010011001011100010101100101101110100000000000000000000000000000000010
1011101011000000000111000001111111100000000000000000000000000000000010
