1011111111110010111111100001001100000000000000000000000000000000000010
1011111110000011111010001000001100100000000000000000000000000000000010
1010110001010110000010001110000101100000000000000000000000000000000010
1011111111011101011011011111111000000000000000000000000000000000000010
1010001100100000100010000011011011100000000000000000000000000000000010
1010111001000011111010001001100010100000000000000000000000000000000010
1011101110101000110010010111110011100000000000000000000000000000000010
1010001101010001101000110010100001100000000000000000000000000000000010
1011000001011001101000111101101110000000000000000000000000000000000010
1010100000001001100100000101001010000000000000000000000000000000000010
1010000001000001111001101011101110100000000000000000000000000000000010
1011011101111011111011100101101111000000000000000000000000000000000010
1011100100100011111101111001001011000000000000000000000000000000000010
1011110110010110010101101101101111100000000000000000000000000000000010
1011110000001011110001100010101000100000000000000000000000000000000010
1010111011000000110100000011000110000000000000000000000000000000000010
1011001101100111000110101011101010100000000000000000000000000000000010
1010111001001110100100101010001000000000000000000000000000000000000010
1010001001010110011001000011101111100000000000000000000000000000000010
1010001001100010011000001111100101000000000000000000000000000000000010
1010001101110111111111000001001000000000000000000000000000000000000010
1010110000000111000011101001111001000000000000000000000000000000000010
1011111001101000010100011000001110000000000000000000000000000000000010
1011000001111011011111001111100101100000000000000000000000000000000010
1011100110011001001001001010110001000000000000000000000000000000000010
1010100101101101000101100001000111100000000000000000000000000000000010
1011110100100110001011010011101111000000000000000000000000000000000010
1010001100110101101000101000110001000000000000000000000000000000000010
1010010000011010011010001101110010100000000000000000000000000000000010
1011011111101100111111100010001000000000000000000000000000000000000010
1011000011100011100110000110101100000000000000000000000000000000000010
1010111001011100010110110000100000100000000000000000000000000000000010
1011101001000110110101111010101010100000000000000000000000000000000010
1010000011111111100101011010001001100000000000000000000000000000000010
1011010011101010010000011111101001000000000000000000000000000000000010
1010011010011001010001000101110101000000000000000000000000000000000010
1010100001100000101111111100101010100000000000000000000000000000000010
1010111101100101000001111000010011000000000000000000000000000000000010
1010001101011001001110000000000110100000000000000000000000000000000010
1011100101001110010000011011011110100000000000000000000000000000000010
1010111001011000011111011000011010000000000000000000000000000000000010
1011000101011001110011011100001110000000000000000000000000000000000010
1010110000101100110001111100110001000000000000000000000000000000000010
1011110000001011001110000100101101100000000000000000000000000000000010
1011011110011001011011000010010110000000000000000000000000000000000010
1010111010111010111110100111010001000000000000000000000000000000000010
1011000011001010001010010101011001100000000000000000000000000000000010
1010010101000011111001101001100001000000000000000000000000000000000010
1010000111000011110100100000100100000000000000000000000000000000000010
1011101000111011010011010001010000100000000000000000000000000000000010
1010100110010010010100101111001100000000000000000000000000000000000010
1011010001000000011111101101100001100000000000000000000000000000000010
1011111110001000011111010000111000000000000000000000000000000000000010
1011101000010111000101001000010011000000000000000000000000000000000010
1010101100111001011000000000000101000000000000000000000000000000000010
1010001011111010001000011000001010000000000000000000000000000000000010
1011011101000001010010101100100101000000000000000000000000000000000010
1011010000110001100010101110100100000000000000000000000000000000000010
1011101110101011111110111110011001000000000000000000000000000000000010
1011111101010110111000110101000110100000000000000000000000000000000010
1011011100010010111001011101101001000000000000000000000000000000000010
1010111110001010111000111001100111100000000000000000000000000000000010
1011011111010001101111101101011010000000000000000000000000000000000010
1011100000011011001001000111010000100000000000000000000000000000000010
1011000111010011010101111011100111100000000000000000000000000000000010
1011001000110101100010111010110111100000000000000000000000000000000010
1010010100110011010010111101110001100000000000000000000000000000000010
1011010111001011110010011101001111100000000000000000000000000000000010
1011100101010001001011111111100110000000000000000000000000000000000010
1010100110100010011000001001101100100000000000000000000000000000000010
1010111111111010111000111000001111000000000000000000000000000000000010
1011111011101011001110000000010100100000000000000000000000000000000010
1011111100110000010110000000000011100000000000000000000000000000000010
1011011110110011100001110011001111000000000000000000000000000000000010
1010101111100000010110101100010010000000000000000000000000000000000010
1010111111000111011011010101010110000000000000000000000000000000000010
1010100111111011000000001011101101100000000000000000000000000000000010
1010110100100110010011101001011010100000000000000000000000000000000010
1010111100101010000101100011111110000000000000000000000000000000000010
1010101001111000010111011010100001000000000000000000000000000000000010
1010100010111110110100011011101110000000000000000000000000000000000010
1010100000010101011011010101010110100000000000000000000000000000000010
1010101011110101010000011111110111100000000000000000000000000000000010
1011010111100001110000011111001100000000000000000000000000000000000010
1010100110101010001010111000111110100000000000000000000000000000000010
1010110110100110110100001100011111100000000000000000000000000000000010
1011000110011111000010100100110111000000000000000000000000000000000010
1010001010111011011001111100011111000000000000000000000000000000000010
1011101010010010010010110001011101100000000000000000000000000000000010
1011000011010100111111111101111101000000000000000000000000000000000010
1011010001100101100111101101000011000000000000000000000000000000000010
1011110100110101101110000101101001000000000000000000000000000000000010
1010001100110101000101111101110010000000000000000000000000000000000010
1011101010101111001111000011000100000000000000000000000000000000000010
1011010101001010001100111011111100000000000000000000000000000000000010
1011100111111100000110010010011000100000000000000000000000000000000010
1010100111001010010110001011111010000000000000000000000000000000000010
1011100010111100011101001000111011000000000000000000000000000000000010
1011101101011101100010111001101001100000000000000000000000000000000010
1010001011100000101000110111100111100000000000000000000000000000000010
1011110000111111010010010011111111100000000000000000000000000000000010
1010001000100011001100000100000111100000000000000000000000000000000010
1011101000011000111001100111001011100000000000000000000000000000000010
1010011011010101001001000100110011100000000000000000000000000000000010
1011000010001111101011110100010001000000000000000000000000000000000010
1010110010001110110100110011100111000000000000000000000000000000000010
1010001101011000010001010000000111100000000000000000000000000000000010
1011110011100101101010111000101011100000000000000000000000000000000010
1010001010111001010101101110110111000000000000000000000000000000000010
1011101010000111110011010100010010000000000000000000000000000000000010
1011000101001001111110110011010110100000000000000000000000000000000010
1011110101010110000110111001110001100000000000000000000000000000000010
1010110011100000010101110010100111100000000000000000000000000000000010
1010001111001010010111101001100110000000000000000000000000000000000010
1010110110011011100111110001011001000000000000000000000000000000000010
1011001011111111101010010011000111100000000000000000000000000000000010
1011100111001010000101001011101111100000000000000000000000000000000010
1010010011110110010101110000100000100000000000000000000000000000000010
1010101010011000010101101111111011100000000000000000000000000000000010
1011001011100101111111001000100011000000000000000000000000000000000010
1011111010101011100100010000000101000000000000000000000000000000000010
1010001010011101100101010000110011000000000000000000000000000000000010
1010100101011110000010111000001111000000000000000000000000000000000010
1011110111101111101101101111100111000000000000000000000000000000000010
1011000001111001001100101110110111100000000000000000000000000000000010
1010100001101111000101010111110101000000000000000000000000000000000010
1010010001011011010001011110110111100000000000000000000000000000000010
1010100100110110010011100010010101100000000000000000000000000000000010
1011111110110100000011000110100100000000000000000000000000000000000010
1010001111011000100000111010001110100000000000000000000000000000000010
1011111111110001000100100010110010100000000000000000000000000000000010
1011101011010111011100011011000110100000000000000000000000000000000010
1010111010111100010000101110100111100000000000000000000000000000000010
1011011001000000101001110010101110100000000000000000000000000000000010
1011000000011101010101110101011010100000000000000000000000000000000010
1011100001001100101101010101000011100000000000000000000000000000000010
1010001101010100110000111100001011000000000000000000000000000000000010
1011011000100010111000010100010110000000000000000000000000000000000010
1011001111110100110100011100010100000000000000000000000000000000000010
1011011101110111011111101011000111000000000000000000000000000000000010
1010001001110011011011100101010110100000000000000000000000000000000010
1010101110101011000011010100100111000000000000000000000000000000000010
1010011101101000100010011101011011100000000000000000000000000000000010
1011000011101111110011100011001010000000000000000000000000000000000010
1011010110110111010000010110000101100000000000000000000000000000000010
1010010100011001111110001110001000100000000000000000000000000000000010
1010011111111000010100111000110111100000000000000000000000000000000010
1010101011100000101111101010010110100000000000000000000000000000000010
1010111111101110010101111110000101000000000000000000000000000000000010
1011100010101101101110010101010110000000000000000000000000000000000010
1011000000010101010101111111011111100000000000000000000000000000000010
1011101011001101111110110010110110000000000000000000000000000000000010
1010100000001110000100100000001000000000000000000000000000000000000010
1010000100110010011000101101000111100000000000000000000000000000000010
1011110010000000100001100111001001000000000000000000000000000000000010
1010111110100011101010001001110000100000000000000000000000000000000010
1010011001111010001001010001011001000000000000000000000000000000000010
1011000101011100101101110010000110100000000000000000000000000000000010
1010011100100101010101110100000010100000000000000000000000000000000010
1010101001001001100001000011010011000000000000000000000000000000000010
1011010011111101110101100100101101100000000000000000000000000000000010
1011001101010111011001010000101110000000000000000000000000000000000010
1010001100011011000111100100011101100000000000000000000000000000000010
1010111011111001100010100011111101100000000000000000000000000000000010
1011110100000010011110011100101110100000000000000000000000000000000010
1010111110010110011001001011010000000000000000000000000000000000000010
1010010101110010000000011101000100100000000000000000000000000000000010
1011011010011101010110111100111100000000000000000000000000000000000010
1010000101100110001001101010111010000000000000000000000000000000000010
1010010100110110001101111100010001100000000000000000000000000000000010
1011111100111001100101001111011100000000000000000000000000000000000010
1010010111101111010011101010011100000000000000000000000000000000000010
1010111000011111000101011100101001100000000000000000000000000000000010
1011001010110001111110110000011010100000000000000000000000000000000010
1010000011101011001011100110011011000000000000000000000000000000000010
1010001001100100100111011010110001000000000000000000000000000000000010
1011011001100100000101110110010111100000000000000000000000000000000010
1011100001110101010110110111001111000000000000000000000000000000000010
1011110111000110111101100001011101100000000000000000000000000000000010
1010110011011101010011000001001010000000000000000000000000000000000010
1010100010010010101001111010100100000000000000000000000000000000000010
1010011100001111011011010100000001100000000000000000000000000000000010
1011000000101111100111001101101110100000000000000000000000000000000010
1011111100111101111111001000100110000000000000000000000000000000000010
1010100101100001101001101100111101100000000000000000000000000000000010
1011000010100110100011101100110101000000000000000000000000000000000010
1011010000110110110110001100111010100000000000000000000000000000000010
1011100100101110100110100000011110100000000000000000000000000000000010
1011111101100111101001011100010011000000000000000000000000000000000010
1010110110101100010010000100111011100000000000000000000000000000000010
1010000111101011101111101101010110000000000000000000000000000000000010
1011110011111010101111000101001001100000000000000000000000000000000010
1011110010000010001100110000111101000000000000000000000000000000000010
1011100010110001111100011110010010000000000000000000000000000000000010
1011000010101101100111100001010010000000000000000000000000000000000010
1010111110000000110101011101101001100000000000000000000000000000000010
1010100100001000111101111000101110100000000000000000000000000000000010
1011101111100010010100100010101110000000000000000000000000000000000010
1011011000010011111011001110001011000000000000000000000000000000000010
1011110101000011001100000011000010000000000000000000000000000000000010
1010101111100011111001101100110100000000000000000000000000000000000010
1011101001111011100001110111101111100000000000000000000000000000000010
1010111000010110110000110110011000000000000000000000000000000000000010
1010110111011010001010101101001011100000000000000000000000000000000010
1010100000010011101001011000000011100000000000000000000000000000000010
1010111110001011011011110101100010100000000000000000000000000000000010
1010110010100110111111101000001000000000000000000000000000000000000010
1011011001111010101111011001010101000000000000000000000000000000000010
1010010110001001101100101110110001100000000000000000000000000000000010
1010111011111001011001110010101101000000000000000000000000000000000010
1010010101010010010110001001001100000000000000000000000000000000000010
1011111010001101010011011101001111100000000000000000000000000000000010
1010111100011001000101110001111111100000000000000000000000000000000010
1011001101001000011100000110100100000000000000000000000000000000000010
1010001100101010010011000010000100000000000000000000000000000000000010
1011100001101100001001001001110011100000000000000000000000000000000010
1011100110111011001111000101010001100000000000000000000000000000000010
1011000000011001101101100001110000100000000000000000000000000000000010
1010001010101010001000111010010101100000000000000000000000000000000010
1010001100011010110100100100000101000000000000000000000000000000000010
1010101100000011000110011010110110000000000000000000000000000000000010
1011011001100111111101001000110101000000000000000000000000000000000010
1011111011001100011101010000000111100000000000000000000000000000000010
1011011101110111001111110100010111100000000000000000000000000000000010
1010101010010000001011001101110100000000000000000000000000000000000010
1010001111011010110011110011000111000000000000000000000000000000000010
1010000110010101010110111000000100000000000000000000000000000000000010
1010000001010001010101100001000111100000000000000000000000000000000010
1010000010000101100000111100101011100000000000000000000000000000000010
1010001111110001001010011001110010000000000000000000000000000000000010
1010101010101000000011010011001101100000000000000000000000000000000010
1010101110000011110000001010111111100000000000000000000000000000000010
1011111110011110001100011111101011100000000000000000000000000000000010
1011011110001001100010111110101011000000000000000000000000000000000010
1011000100001000001110111001000100100000000000000000000000000000000010
1011111011111001100110010010100000100000000000000000000000000000000010
1010010101001101101001001010111010000000000000000000000000000000000010
1010110000011001110001011100101011000000000000000000000000000000000010
1011000010000110110111010101010000100000000000000000000000000000000010
1011001110011001000111111010101110100000000000000000000000000000000010
1011101011101111110000110111000100100000000000000000000000000000000010
1011101011100000001101000010000000000000000000000000000000000000000010
1010111111001011011010001100011100000000000000000000000000000000000010
1010110101111001101000011100100110000000000000000000000000000000000010
1011110001000110101010100011000001000000000000000000000000000000000010
1010111101010001111010000000000100000000000000000000000000000000000010
1011001010011111000101010111000101100000000000000000000000000000000010
1011000001001111100000100100111010000000000000000000000000000000000010
1010101101101110011111111110001100100000000000000000000000000000000010
1011001001111110100110011110100001000000000000000000000000000000000010
1011011011101100010110010101000110000000000000000000000000000000000010
1010111100111001010100110110010100100000000000000000000000000000000010
1011011101110010010010101010010111000000000000000000000000000000000010
1010010011010010000100110001100100000000000000000000000000000000000010
1011111011111010001100111101011011000000000000000000000000000000000010
1010100000011110100010111010000011100000000000000000000000000000000010
1011000001100100111010100010110111100000000000000000000000000000000010
1010101000111111011011100010001101100000000000000000000000000000000010
1011000100101011000100111101110110100000000000000000000000000000000010
1010111010000101001100001100000011000000000000000000000000000000000010
1010011000011110100110011110011010100000000000000000000000000000000010
1010001101010010110111111100000010000000000000000000000000000000000010
1010100010011111000111000101000111100000000000000000000000000000000010
1010000001000100110110001100011111000000000000000000000000000000000010
1011111110010111111010100000111110100000000000000000000000000000000010
1010110110011100101010010100100100000000000000000000000000000000000010
1011010011101100010001111101010000000000000000000000000000000000000010
1010011010010111001100110101010100100000000000000000000000000000000010
1011110100101011110110000110110100100000000000000000000000000000000010
1011110111110100011000000000101010100000000000000000000000000000000010
1010010011101110001011001011001000100000000000000000000000000000000010
1011100111111000110101011011101011100000000000000000000000000000000010
1011100100001110011010100000100011000000000000000000000000000000000010
1011101110000100101111001101010110100000000000000000000000000000000010
1010001010111001100111001101000000100000000000000000000000000000000010
1011100010000100111000110110100111100000000000000000000000000000000010
1011110001001010010110111001010010100000000000000000000000000000000010
1011000011110101100110001100100110100000000000000000000000000000000010
1010100100000110101101001010111110100000000000000000000000000000000010
1010101010011100011001010110011101000000000000000000000000000000000010
1010110111100100111111010100101111000000000000000000000000000000000010
1010100100101000000111110101001111000000000000000000000000000000000010
1011100000011000101011010110111101000000000000000000000000000000000010
1010111000011010101010011000001110100000000000000000000000000000000010
1010000111011000011000100010111110000000000000000000000000000000000010
1011110111000110000100000011011101000000000000000000000000000000000010
1011001010010000101001001101000101000000000000000000000000000000000010
1011011010100100000000110000001101100000000000000000000000000000000010
1010111110000111001001011111111111100000000000000000000000000000000010
1011110100001100010101101001010101000000000000000000000000000000000010
1011000011100011001110110111111000000000000000000000000000000000000010
1011001010000111011101101100101010100000000000000000000000000000000010
1010110110001001001110101111010000000000000000000000000000000000000010
1010101101011000011010011111111110000000000000000000000000000000000010
1010010101100111001001000101100111000000000000000000000000000000000010
1010101011001110001100000011010011000000000000000000000000000000000010
1010111100110101000101100010010011100000000000000000000000000000000010
1011010111110011000110110011010111100000000000000000000000000000000010
1010100000111000100101111111011010000000000000000000000000000000000010
1011010110101100110001010010000011000000000000000000000000000000000010
1011101110000010011101011101011100100000000000000000000000000000000010
1011001011001001010011001100011101000000000000000000000000000000000010
1011100010100010010000011011001011000000000000000000000000000000000010
1011000100110100000010001101000000100000000000000000000000000000000010
1011010100101001010111111011111011100000000000000000000000000000000010
1010100101100101111111011111101000100000000000000000000000000000000010
1011101001010000001101111011001100000000000000000000000000000000000010
1011100010110011001111111001101010100000000000000000000000000000000010
1010011110001011001101111101001100100000000000000000000000000000000010
1011011101111010110010010110000100100000000000000000000000000000000010
1011101010110101111001000011001000000000000000000000000000000000000010
1011101110110010110111001000011011100000000000000000000000000000000010
1011100001111000111000010011100110100000000000000000000000000000000010
1010100100110111111001001010001101100000000000000000000000000000000010
1010001001111011101000000101010011100000000000000000000000000000000010
1011001011000000011010000110111100000000000000000000000000000000000010
1011111101011101001100011001111101000000000000000000000000000000000010
1010001000100010111110100000110101100000000000000000000000000000000010
1010111000001110110000011011010001000000000000000000000000000000000010
1011000110110010110100100101001011100000000000000000000000000000000010
1010011011111101110110010100100011100000000000000000000000000000000010
1011000010101111111100010111101111100000000000000000000000000000000010
1010000101000101100001110001100010000000000000000000000000000000000010
1010110000111100110011010011111011000000000000000000000000000000000010
1010011101101000000011110101011111100000000000000000000000000000000010
1011010100011100001111001111101110100000000000000000000000000000000010
1011001000000001101000000111011000100000000000000000000000000000000010
1010110111101101100110010000101001100000000000000000000000000000000010
1011100001110111001011000110100101100000000000000000000000000000000010
1011100000001001101100110110001001100000000000000000000000000000000010
1010101101010000001100110001110010100000000000000000000000000000000010
1010000101111011001011111111101100100000000000000000000000000000000010
1010000110011101111100111111001111000000000000000000000000000000000010
1011100000111000010010000100100010100000000000000000000000000000000010
1011111000001010101011101010101011100000000000000000000000000000000010
1010010011011000111111000110010010000000000000000000000000000000000010
1010101001110100101110100101100001000000000000000000000000000000000010
1011111000101000111001101001100110100000000000000000000000000000000010
1011011010010111001101100001010100100000000000000000000000000000000010
1010111110100100001111101000111110100000000000000000000000000000000010
1010001101101001010111101101101111000000000000000000000000000000000010
1010010110110110101010000111111101000000000000000000000000000000000010
1010101110100000000010111110000110000000000000000000000000000000000010
1011111101001010100100001001001011100000000000000000000000000000000010
1011100000101010110110111101111001000000000000000000000000000000000010
1010101001001111110011100010001101100000000000000000000000000000000010
1011110001000000011000011111110101000000000000000000000000000000000010
1010001010110100111101110101110000100000000000000000000000000000000010
1011011110011100101100101001001110100000000000000000000000000000000010
1011000011110010111001110010101101000000000000000000000000000000000010
1011001110001010101101111011111101100000000000000000000000000000000010
1011011110011010010010010010111000000000000000000000000000000000000010
1011000100001010001000110100011010100000000000000000000000000000000010
1010101110100010011011000110011000100000000000000000000000000000000010
1010111010111110000001110001011101000000000000000000000000000000000010
1011010110000001110111001011111111100000000000000000000000000000000010
1010001011100011110001010001101101000000000000000000000000000000000010
1010001011110011111110111100100111100000000000000000000000000000000010
1010001011001011001010000100000111000000000000000000000000000000000010
1011110000011000000011000101011101100000000000000000000000000000000010
1010000111010010110100111001000011000000000000000000000000000000000010
1011010001110011111010010100011111000000000000000000000000000000000010
1011010101011101110000010010110011000000000000000000000000000000000010
1011110000111010100001011011111001100000000000000000000000000000000010
1011100000010000111100011000000100100000000000000000000000000000000010
1010001001001100100001100010110101000000000000000000000000000000000010
1011010101000101100000011010111001000000000000000000000000000000000010
1011010000010110101011111001000101100000000000000000000000000000000010
1010010110101001111000000101111101000000000000000000000000000000000010
1011000100110000110000011000001110000000000000000000000000000000000010
1010000000010111101011010100010110100000000000000000000000000000000010
1011100100100001110100011110011111100000000000000000000000000000000010
1010111001010000100100011010110001100000000000000000000000000000000010
1010000011110101111000001000010001000000000000000000000000000000000010
1010000100010100101100101101001001000000000000000000000000000000000010
1011110000010110111100011001011100000000000000000000000000000000000010
1010000000001110101111011110011001100000000000000000000000000000000010
1011000001100011011011010110100101000000000000000000000000000000000010
1011010010010011011010100100010111000000000000000000000000000000000010
1011110101101010010111000111011110000000000000000000000000000000000010
1010111000010111001101101100001100100000000000000000000000000000000010
1011111010011101111000000010000011000000000000000000000000000000000010
1011110111010010000000111110111000100000000000000000000000000000000010
1011111100100100100101110110011101000000000000000000000000000000000010
1011000110100000110010110111111011000000000000000000000000000000000010
1010011110010000110001111110010110000000000000000000000000000000000010
1010100001100001110000101101010001100000000000000000000000000000000010
1011011100010011100011111111000101000000000000000000000000000000000010
1011011101000001011100000011000111100000000000000000000000000000000010
1010111001010111001101001111100100100000000000000000000000000000000010
1011100001110010100110001010101011100000000000000000000000000000000010
1011011000101110100100110110111001000000000000000000000000000000000010
1011000111011011101110111010101100100000000000000000000000000000000010
1011101000001101111111101010101001100000000000000000000000000000000010
1010011111001111100111001011001101100000000000000000000000000000000010
1010011110100110110101001000011111100000000000000000000000000000000010
1010011000010111001111111011100001000000000000000000000000000000000010
1010010110100101111011100010111101000000000000000000000000000000000010
1010110001000110111110101010110101000000000000000000000000000000000010
1011100100001010001010010000000100000000000000000000000000000000000010
1011000000010000011010100100101111100000000000000000000000000000000010
1011101100011001000001111011011010100000000000000000000000000000000010
1010100101001100100110110110000101000000000000000000000000000000000010
1011000011100100101011111101011110000000000000000000000000000000000010
1011010010000101011100001010111001100000000000000000000000000000000010
1010101000101110001101100010010111000000000000000000000000000000000010
1011110010011000110001001101111111100000000000000000000000000000000010
1011101010001011000110001101110011000000000000000000000000000000000010
1011000111010110110101110101111011000000000000000000000000000000000010
1010100100111010010011000100111001000000000000000000000000000000000010
1010100011011111110001101111101000000000000000000000000000000000000010
1011011110000100100111101110111111100000000000000000000000000000000010
1011000111110001001111100110100110000000000000000000000000000000000010
1011010101000010100001000111011101100000000000000000000000000000000010
1011111010001100110000011010010100000000000000000000000000000000000010
1011011100100001000110000010100000100000000000000000000000000000000010
1010110010111010001011111111100000000000000000000000000000000000000010
1011100010001010101111010011010001100000000000000000000000000000000010
1010101111000000100111001010010101000000000000000000000000000000000010
1011100111010010001100101101001010000000000000000000000000000000000010
1010111111010000011001101001110001000000000000000000000000000000000010
1011000110111001011110010100100001100000000000000000000000000000000010
1010010010100101100001010100110010100000000000000000000000000000000010
1010010110100101110110000111011110000000000000000000000000000000000010
1011111101011011001011110010011000000000000000000000000000000000000010
1011001001010101101011000011000100100000000000000000000000000000000010
1011010100111010101011101111100111100000000000000000000000000000000010
1011001100010010011101100101000101100000000000000000000000000000000010
1010010011111100100000110100100011000000000000000000000000000000000010
1011000101000100010001110111110110000000000000000000000000000000000010
1011111001100011010100101011011111000000000000000000000000000000000010
1011001101100001111111110111000001100000000000000000000000000000000010
1011111011111111010110011011110111100000000000000000000000000000000010
1010100010000111011110001001010100100000000000000000000000000000000010
1010111101001001010011000000110110000000000000000000000000000000000010
1011010101000001010001100110001101000000000000000000000000000000000010
1010100111011100001011101101101000100000000000000000000000000000000010
1010100110011110010011001011000000000000000000000000000000000000000010
1010000001000111000101000110000001100000000000000000000000000000000010
1011101011001010111100001110110100000000000000000000000000000000000010
1010001011100111111111111100110110100000000000000000000000000000000010
1010001001011000010111101011100011000000000000000000000000000000000010
1010100000101001100010010100111011100000000000000000000000000000000010
1011101001110001010111101001001111100000000000000000000000000000000010
1010001100110110001110110100101110000000000000000000000000000000000010
1010110100100101000000001110000000100000000000000000000000000000000010
1010011001000011011100110010100111100000000000000000000000000000000010
1011111100111000100100110110011011000000000000000000000000000000000010
1011111000111011111110101111010111000000000000000000000000000000000010
1011001100010100001010011001100111100000000000000000000000000000000010
1011100101100001100000111000110101100000000000000000000000000000000010
1010010000000111000000011111001000100000000000000000000000000000000010
1011110011101001000111101110101001100000000000000000000000000000000010
1011011001010100001101110010000111100000000000000000000000000000000010
1010101101000100000001111010111101000000000000000000000000000000000010
1011001000100001010100111011011111000000000000000000000000000000000010
1010010001101000000001110111011100100000000000000000000000000000000010
1010110010101011000100111000001011100000000000000000000000000000000010
1011011001101001000000111101010110000000000000000000000000000000000010
1011110111100001010111111101001111100000000000000000000000000000000010
1010010001100010011110101010011101100000000000000000000000000000000010
1010110100011000001001110110110000000000000000000000000000000000000010
1010000001011001110100110000001011000000000000000000000000000000000010
1010000000011110011110011111110100000000000000000000000000000000000010
1010110101100001001001101011111110000000000000000000000000000000000010
1011001110001101010110011111010111000000000000000000000000000000000010
1010000101100101101001110100111000100000000000000000000000000000000010
1010001010000001101110001001010110100000000000000000000000000000000010
1011000011110101101111111101111000100000000000000000000000000000000010
1011011101111111000101011001000100100000000000000000000000000000000010
1010101110000101010000100111011101100000000000000000000000000000000010
1010000001101010001011111100011101100000000000000000000000000000000010
1011000100000010011010101111011111000000000000000000000000000000000010
1010110011111000011011001101001100000000000000000000000000000000000010
1011111101011000011000000010101001100000000000000000000000000000000010
1010001100110011000100110010100101000000000000000000000000000000000010
1011110100011011111100110011101000000000000000000000000000000000000010
1011100100110000010111001111001101000000000000000000000000000000000010
1010000000110000111010010010001011000000000000000000000000000000000010
1011101110111100111001001110011101000000000000000000000000000000000010
1010000001110101110111011101111011000000000000000000000000000000000010
1010110011011100010001110011011010100000000000000000000000000000000010
1011011011101010110100100101001000100000000000000000000000000000000010
1010001100111111000111101011010011000000000000000000000000000000000010
1010111010011110100011001001010110100000000000000000000000000000000010
1010111100000000100111011010001000100000000000000000000000000000000010
1011111010111011001010101111001101000000000000000000000000000000000010
1010110000010010100011110001111100000000000000000000000000000000000010
1011101001100001111010110110100110100000000000000000000000000000000010
1010110011101100010000111011101000100000000000000000000000000000000010
1010011110001111111111111010100000100000000000000000000000000000000010
1011001101110011111011101011010101000000000000000000000000000000000010
1010000111111000010111110111000010000000000000000000000000000000000010
1010111011100010001000010011101000100000000000000000000000000000000010
1010110010110100110011111011001111000000000000000000000000000000000010
1010110000011010101011100000001100100000000000000000000000000000000010
1010100001111110011010001100000111100000000000000000000000000000000010
1011101110010011011101011111110110100000000000000000000000000000000010
1011011000111101111001001000101101100000000000000000000000000000000010
1011111101011111100100101010011011100000000000000000000000000000000010
1011001100101010000011101000011000000000000000000000000000000000000010
1010100000100111110000000011110101100000000000000000000000000000000010
1010101111100010100011100110000011000000000000000000000000000000000010
1011111011000001100011110100011011100000000000000000000000000000000010
1010010001100000100000110011110000100000000000000000000000000000000010
1010000011100101000111010010111111000000000000000000000000000000000010
1010100100100111110111110001111000100000000000000000000000000000000010
1011110111101100100101100101001101000000000000000000000000000000000010
1011011001010001001110101000001010100000000000000000000000000000000010
1011110001000101010110100001111011000000000000000000000000000000000010
1011100111010000100011110001010100000000000000000000000000000000000010
1010110101011100101110111100011111100000000000000000000000000000000010
1011110011001101001110011011100110100000000000000000000000000000000010
1011010100101001100000000011100111000000000000000000000000000000000010
1010001000111110001011011110001001000000000000000000000000000000000010
1010110001100000101110111010010011100000000000000000000000000000000010
1010000001000000010011100001011001100000000000000000000000000000000010
1010111010001111000010110011001111100000000000000000000000000000000010
1010111000001010100110111011011111000000000000000000000000000000000010
1011100010100111111111100101111111100000000000000000000000000000000010
1010100000111011101001111011111101000000000000000000000000000000000010
1010101010110001000011000100010101000000000000000000000000000000000010
1011010110110101110111101000000111100000000000000000000000000000000010
1011111010101010010010100111110111100000000000000000000000000000000010
1010110000000001001110111001110011100000000000000000000000000000000010
1010110100111011011011100011010100000000000000000000000000000000000010
1011000100110111110111110110100101000000000000000000000000000000000010
1011000010110111101110100010111101000000000000000000000000000000000010
1011111001100011000011110101001010000000000000000000000000000000000010
1010111000111110000001110001010100000000000000000000000000000000000010
1011011001001111001110100010001000000000000000000000000000000000000010
1011011011111110010100001101111010000000000000000000000000000000000010
1010110000100011100001111110000101100000000000000000000000000000000010
1010010011111111000010110100010011000000000000000000000000000000000010
1010110101100110000011111011101000000000000000000000000000000000000010
1011111010101111001111101110101011100000000000000000000000000000000010
1011100010111011100100111001010000100000000000000000000000000000000010
1010001100000011011001011001001101100000000000000000000000000000000010
1011110000010100111011000010110011000000000000000000000000000000000010
1010010011001001001100111000011001100000000000000000000000000000000010
1010011001001010011111110100000100000000000000000000000000000000000010
1010011110111100110111111011100000000000000000000000000000000000000010
1011001101011011110101111000011010000000000000000000000000000000000010
1011101010010100100101110000001101100000000000000000000000000000000010
1011101000011101100100011100110010000000000000000000000000000000000010
1011010101110001111011000101110101000000000000000000000000000000000010
1010111001001010110101000110001101000000000000000000000000000000000010
1010101101001101100000110011100011100000000000000000000000000000000010
1011001010011011000011011000100101000000000000000000000000000000000010
1011100011100110100001101101110010000000000000000000000000000000000010
1010100000111111110111011100011101100000000000000000000000000000000010
1010010011111101001100000000100111000000000000000000000000000000000010
1011101001001101100011011011111011000000000000000000000000000000000010
1011100000110010001001100001100111100000000000000000000000000000000010
1011001011101111001100101001110100000000000000000000000000000000000010
1011100101001010101100000010110011000000000000000000000000000000000010
1011101111001011111111000010111011100000000000000000000000000000000010
1011001010101000001100101001110101100000000000000000000000000000000010
1010000100110000011110111010000110000000000000000000000000000000000010
1010011010111000001110000111111010100000000000000000000000000000000010
1010100110001010111010100001101110100000000000000000000000000000000010
1011010011001001110101000011011100000000000000000000000000000000000010
1011011100000000010111111010111001000000000000000000000000000000000010
1010011100011100010101011010111010000000000000000000000000000000000010
1011111000011010101101010001100111100000000000000000000000000000000010
1011000100101111010000100110100110000000000000000000000000000000000010
1010001101010001011011000110101110000000000000000000000000000000000010
1010011100101011110111001101001101000000000000000000000000000000000010
1010101001000101110100000100111101100000000000000000000000000000000010
1011101000011001100001011000101011100000000000000000000000000000000010
1011111101110101101111010101110110100000000000000000000000000000000010
1011111011010001010001000010111111100000000000000000000000000000000010
1011100100110011010110100000000001100000000000000000000000000000000010
1011101111001110000101101100110110100000000000000000000000000000000010
1011100100101011000100000100000100100000000000000000000000000000000010
1010011110100101100100010110001100100000000000000000000000000000000010
1010111010110010010100001011100110100000000000000000000000000000000010
1010100100000001001101011000001101100000000000000000000000000000000010
1011111101100011010111010000100001100000000000000000000000000000000010
1011110010110101010011011001110010100000000000000000000000000000000010
1010111011111010010100110111101100000000000000000000000000000000000010
1011101001101110111011110101110011000000000000000000000000000000000010
1010111100110101110001111001001100000000000000000000000000000000000010
1010011011110110001011000110011100100000000000000000000000000000000010
1011100101100001111100011010111110100000000000000000000000000000000010
1011100110100100111001101110110101100000000000000000000000000000000010
1010111011000000000010011011000111100000000000000000000000000000000010
1010010000110100100010010000100100100000000000000000000000000000000010
1010110110111011010010101001110111000000000000000000000000000000000010
1011011110000101100110110001110110100000000000000000000000000000000010
1010010011011011011011010000100010100000000000000000000000000000000010
1011101101101000100011011111000111000000000000000000000000000000000010
1010110100000110000100111001000101000000000000000000000000000000000010
1011010100110111100010000010100011000000000000000000000000000000000010
1010111000100001001111110001110000100000000000000000000000000000000010
1011100101100011010101011010000110100000000000000000000000000000000010
1010001110011100111001101001111110000000000000000000000000000000000010
1011110111111110000011101001000111000000000000000000000000000000000010
1010010011101100110001100010100111000000000000000000000000000000000010
1010101011100000010101010010001010100000000000000000000000000000000010
1011110011101110010101011011100110100000000000000000000000000000000010
1010010111001010100101011110101001000000000000000000000000000000000010
1010011101111100011110001100111101000000000000000000000000000000000010
1010000011001111111111001011011000000000000000000000000000000000000010
1011110101000001010010101001011111100000000000000000000000000000000010
1011100001010111001001011010111010000000000000000000000000000000000010
1010110001101011101111100010010010100000000000000000000000000000000010
1011110111100101101110011010111101000000000000000000000000000000000010
1010111110100000100000111011000001000000000000000000000000000000000010
1010110100011001100111000111000011100000000000000000000000000000000010
1010111110110111001010111100111001100000000000000000000000000000000010
1011101101010110100111111110001111100000000000000000000000000000000010
1010000111010100001001100100111110100000000000000000000000000000000010
1010110000101001100001111111011011100000000000000000000000000000000010
1011111011111100000011001000000000000000000000000000000000000000000010
1010100000101100110100101100010010000000000000000000000000000000000010
1011000000001100000110001110110011100000000000000000000000000000000010
1010001000000110100010111110101110000000000000000000000000000000000010
1011010001110110111110101111111110000000000000000000000000000000000010
1011011100100111100010101001000100000000000000000000000000000000000010
1011100001010001011110110101000111100000000000000000000000000000000010
1010101010000011010001000010010111100000000000000000000000000000000010
1011011001000011001001101011111111100000000000000000000000000000000010
1011011110000010011111011110001101000000000000000000000000000000000010
1011100110101110001110001011011010100000000000000000000000000000000010
1010110001000100110111010111101001000000000000000000000000000000000010
1011101111010000010111111111101101000000000000000000000000000000000010
1011101010000110100110110010110100000000000000000000000000000000000010
1010011011010000010101111000001100100000000000000000000000000000000010
1010011111110001100000011000111111100000000000000000000000000000000010
1010111111100111110111010100101010100000000000000000000000000000000010
1010001110100011010110010000000110000000000000000000000000000000000010
1010101001100001000001001100111000100000000000000000000000000000000010
1011001100001111000011100100000110000000000000000000000000000000000010
1011010111110001001110000000101101000000000000000000000000000000000010
1011101011010001011001010001101101000000000000000000000000000000000010
1010011010010000010100111011001111000000000000000000000000000000000010
1010001110001101000000011011010100100000000000000000000000000000000010
1010011010000011101011000100100000100000000000000000000000000000000010
1011001000001010001001001000000010100000000000000000000000000000000010
1011010111011110011111110111011010100000000000000000000000000000000010
1010110001011101010101010010111111000000000000000000000000000000000010
1011010110101001001111111101010111000000000000000000000000000000000010
1011000010011000110110010000111110100000000000000000000000000000000010
1011010110110101111100111110010001100000000000000000000000000000000010
1010100011010001000000100100011111000000000000000000000000000000000010
1010110000100001010100011101111110100000000000000000000000000000000010
1011011010001110010101001010001010100000000000000000000000000000000010
1010110001011111111010100010111110000000000000000000000000000000000010
1011111101100101110010110010110000000000000000000000000000000000000010
1011100111110000011010010101111011100000000000000000000000000000000010
1010100011001001010101110001010001000000000000000000000000000000000010
1011000100111111111111011000010111100000000000000000000000000000000010
1011011010000000011011011100010000000000000000000000000000000000000010
1011011111010010111110000101111010000000000000000000000000000000000010
1010110111000111010110100100111011000000000000000000000000000000000010
1011010011001100000001010101111110100000000000000000000000000000000010
1011000111110100010000001000110100100000000000000000000000000000000010
1010000111000111011010101000001011000000000000000000000000000000000010
1011000011101010100111100010111001000000000000000000000000000000000010
1011110001000010010000011000100011100000000000000000000000000000000010
1011111000110111010110001000001111100000000000000000000000000000000010
1011000011010011011011001111100010100000000000000000000000000000000010
1011100010011110111111101010001000000000000000000000000000000000000010
1010000100110101100101101010100010100000000000000000000000000000000010
1011110001001010001101100000110000100000000000000000000000000000000010
1011000111011010010001111000010010100000000000000000000000000000000010
1010001000001001011100110000001010100000000000000000000000000000000010
1011010110011100001011100011010111000000000000000000000000000000000010
1010011011010000101000001010010110100000000000000000000000000000000010
1010101000001010001110000011110000100000000000000000000000000000000010
1010010100000110001100001101111100100000000000000000000000000000000010
1010110010101111101100010111110101000000000000000000000000000000000010
1010110000101000011011001001101011000000000000000000000000000000000010
1010000001101010000101101001101010100000000000000000000000000000000010
1011101000111111000010011101111110100000000000000000000000000000000010
1011111110011011001010101000000101000000000000000000000000000000000010
1010110010111110010101000010110010100000000000000000000000000000000010
1010101110001110011011001001000100000000000000000000000000000000000010
1011100000110111100001101010100111100000000000000000000000000000000010
1010001100111000000111111110100011100000000000000000000000000000000010
1010110111011000110101100100111000100000000000000000000000000000000010
1011100001001100111111001001100010000000000000000000000000000000000010
1010001111000011100001110010010101000000000000000000000000000000000010
1011011011101101001000010111011000100000000000000000000000000000000010
1011011001010000001101111011000011000000000000000000000000000000000010
1011110010100100111100000100100101100000000000000000000000000000000010
1010010110100110100000011101101101100000000000000000000000000000000010
1010001010111100000100010001001100000000000000000000000000000000000010
1010010001010000000100010101011101000000000000000000000000000000000010
1010001011001010101001100010101001000000000000000000000000000000000010
1011101100100111100011000011110110100000000000000000000000000000000010
1011001100000101101000100110110101000000000000000000000000000000000010
1011010010111110101101111111000111000000000000000000000000000000000010
1011001010000110011001010111001110000000000000000000000000000000000010
1010110110001110000001101000001100100000000000000000000000000000000010
1010010101101001111100001010101010000000000000000000000000000000000010
1010110110000011010100000100011100100000000000000000000000000000000010
1011101000101001101011010000100101000000000000000000000000000000000010
1011110011000111111000100101001101100000000000000000000000000000000010
1011110100000101011000001110111110100000000000000000000000000000000010
1010000110110000000000001011111111000000000000000000000000000000000010
1010110110011100010100110100001101000000000000000000000000000000000010
1010100011110001111101110001100001000000000000000000000000000000000010
1011011111100110011110111011000110000000000000000000000000000000000010
1010000101110101110001001101111100000000000000000000000000000000000010
1010110110011111111001100011000010000000000000000000000000000000000010
1010100000100110011011111100110110000000000000000000000000000000000010
1010000111101111001110111010011001000000000000000000000000000000000010
1011000111011001000000010110001001000000000000000000000000000000000010
1010110110011001010010101010111101000000000000000000000000000000000010
1010110111011000100010010010011100100000000000000000000000000000000010
1010110001000001101110001110110011000000000000000000000000000000000010
1010110101101101001010010011101001100000000000000000000000000000000010
1011100100100100101010100001010100000000000000000000000000000000000010
1011111010011011111011101110110011000000000000000000000000000000000010
1011111011101101111100101101000000100000000000000000000000000000000010
1010111011110111000000111100001111000000000000000000000000000000000010
1010111001111110101001111010011001100000000000000000000000000000000010
1011101100010101000110100111110111100000000000000000000000000000000010
1010010000111111010110010011101111000000000000000000000000000000000010
1010111011111100100001101111111000000000000000000000000000000000000010
1011010010101110010100101001100000100000000000000000000000000000000010
1010000010101000110110001101110001100000000000000000000000000000000010
1010010110101100010101101100011101100000000000000000000000000000000010
1011100000011110001100001001001101100000000000000000000000000000000010
1011111000110111011010010001111100100000000000000000000000000000000010
1010110011100100101011110101000010100000000000000000000000000000000010
1011010100010000110100000001000101100000000000000000000000000000000010
1010011101100111010001000010011101000000000000000000000000000000000010
1011001110111000100100000010111011100000000000000000000000000000000010
1010110010100111010110010011100010100000000000000000000000000000000010
1010110110101010110101100001100101000000000000000000000000000000000010
1010110101101101000100110111111010000000000000000000000000000000000010
1011101001001111010000111000000100100000000000000000000000000000000010
1011111100000111110101010000110110100000000000000000000000000000000010
1010110001001111011010000000000010100000000000000000000000000000000010
1010001110100000101111001010011010000000000000000000000000000000000010
1011111110110000111111111111011000100000000000000000000000000000000010
1010001110001011100111001100001000000000000000000000000000000000000010
1011000111011100000111110001011011000000000000000000000000000000000010
1010110001011010101001100001000011100000000000000000000000000000000010
1011110110011010000110111111110101100000000000000000000000000000000010
1010100011111001011101100101111110000000000000000000000000000000000010
1011000000001001110001110010010100000000000000000000000000000000000010
1010000111110010000010000101011000100000000000000000000000000000000010
1011100000011110100101001010011100100000000000000000000000000000000010
1010110110111011000101110011100001000000000000000000000000000000000010
1011000010110110001010111111011110100000000000000000000000000000000010
1010001010010001000110010011110001100000000000000000000000000000000010
1011010000011101100000111111001001100000000000000000000000000000000010
1010101101010001100111111000011100000000000000000000000000000000000010
1010110000000101111011100110011010000000000000000000000000000000000010
1010101111110001111011011000010010100000000000000000000000000000000010
1011110111000001100010011010110100000000000000000000000000000000000010
1011101110001101101010001111010000000000000000000000000000000000000010
1010110100010110010111101101000111100000000000000000000000000000000010
1011110001110100000010010000010010000000000000000000000000000000000010
1011111110101000101110010101101000000000000000000000000000000000000010
1010000110100100111100000001010010000000000000000000000000000000000010
1011011010011100010011001011000010000000000000000000000000000000000010
1010010011010010101110010010010001000000000000000000000000000000000010
1011000000011001110000010000000100100000000000000000000000000000000010
1010001101101010001011011101101000000000000000000000000000000000000010
1011001010110110101100100010001010000000000000000000000000000000000010
1010110001101110011111010010001100100000000000000000000000000000000010
1010011010010011110100010001001011000000000000000000000000000000000010
1010001110110110000111110101011001100000000000000000000000000000000010
1011011101111100000000001111100100000000000000000000000000000000000010
1010100101110001100010011100010001100000000000000000000000000000000010
1010101100001101001100101100101110100000000000000000000000000000000010
1011001011010110111110110101010111100000000000000000000000000000000010
1010001111001101001111010000101110000000000000000000000000000000000010
1011011011110101011000010000101110100000000000000000000000000000000010
1011000000101101100111110111100101100000000000000000000000000000000010
1011100000010101000100010110000100100000000000000000000000000000000010
1010101110101010100001000001101011000000000000000000000000000000000010
1010101010101110101101111001011000000000000000000000000000000000000010
1011111101010100111011110101110101100000000000000000000000000000000010
1011111101101000000001011000000100000000000000000000000000000000000010
1011001010110111110000001011000100000000000000000000000000000000000010
1011000111010101011001000011110100100000000000000000000000000000000010
1010110011101010111011111010101000000000000000000000000000000000000010
1010110010111111111110010100011111000000000000000000000000000000000010
1011110100001111101111101110000011000000000000000000000000000000000010
1011000011001111010000001111100111100000000000000000000000000000000010
1010111000011100000000101011101111100000000000000000000000000000000010
1010011011011100010011100010001100000000000000000000000000000000000010
1010010100010010111010110001100010000000000000000000000000000000000010
1011001001010101110001011100100100100000000000000000000000000000000010
1010000010101000011111110111101110100000000000000000000000000000000010
1010100110100011000011001110100110100000000000000000000000000000000010
1010011000010110111100110110000000000000000000000000000000000000000010
1011101000000100101000101000011111100000000000000000000000000000000010
1011111100110000111110011011100101100000000000000000000000000000000010
1011000100110011101011001101100100000000000000000000000000000000000010
1011011101010000001011011100111101000000000000000000000000000000000010
1010010000111101111001000001000010000000000000000000000000000000000010
1011000010110001010001000011110100100000000000000000000000000000000010
1011000000100001011101001111011111000000000000000000000000000000000010
1010101111101001010110111001111101000000000000000000000000000000000010
1010011001001010101111110111101101000000000000000000000000000000000010
1010001101001010011110111000111010000000000000000000000000000000000010
1010111001100010110110100000011110100000000000000000000000000000000010
1010001011001110001100001000101000100000000000000000000000000000000010
1010101000001001101001101010000100000000000000000000000000000000000010
1010101010010001011111001010011000000000000000000000000000000000000010
1011000000001000011000010110001101000000000000000000000000000000000010
1011010010111110110100011110101000000000000000000000000000000000000010
1011101101110111001000000010000110100000000000000000000000000000000010
1011010101010111101001010010011110100000000000000000000000000000000010
1011001101101011001111111100000111000000000000000000000000000000000010
1010000011010111101011100101111011100000000000000000000000000000000010
1011101110111101001000010101000010000000000000000000000000000000000010
1010010000011101001010101100011001100000000000000000000000000000000010
1010000010110011101000100111101001000000000000000000000000000000000010
1010000101000000110000101111010011100000000000000000000000000000000010
1011100100011110000010100111100110000000000000000000000000000000000010
1011101011011110111000011011100001100000000000000000000000000000000010
1011000000001111010100001100100110000000000000000000000000000000000010
1010000111101011110100000010111101100000000000000000000000000000000010
1011111011110101000010101001010100000000000000000000000000000000000010
1010111111001010101110010110001001100000000000000000000000000000000010
1011011101100000011111011100010000000000000000000000000000000000000010
1010000110001100100001000111010110100000000000000000000000000000000010
1011101011111000101111000111100110100000000000000000000000000000000010
1010111110101011010100001101111011000000000000000000000000000000000010
1011000110111110101111011101111110100000000000000000000000000000000010
1011000100110101011011000010001101100000000000000000000000000000000010
1011000010011110001100101110001000000000000000000000000000000000000010
1010000000101001101000111000011011100000000000000000000000000000000010
1011000101000010001001100111001100000000000000000000000000000000000010
1011010111000110010000001010000101000000000000000000000000000000000010
1011011100000011000110010100000101000000000000000000000000000000000010
1010111100100000100000010001001001000000000000000000000000000000000010
1011001011010101110110111000110011100000000000000000000000000000000010
1010011101100001010110000001011011100000000000000000000000000000000010
1010011000101111110110011001001101100000000000000000000000000000000010
1010011011110101110101011101101010000000000000000000000000000000000010
1011111110001000110111111110001110000000000000000000000000000000000010
1010000010101001101101001101111101100000000000000000000000000000000010
1010111011010000010110110101110000100000000000000000000000000000000010
1011010101101001001111000101001111100000000000000000000000000000000010
1010111001110010111011101010000001000000000000000000000000000000000010
1011000001110110000101011110000111000000000000000000000000000000000010
1010011110000111101001010111001011100000000000000000000000000000000010
1010100001100001100000000000000000100000000000000000000000000000000010
1010001110100100011100101011100111000000000000000000000000000000000010
1010010101101111011101100000100111100000000000000000000000000000000010
1011000011100011011010100100110110100000000000000000000000000000000010
1011011101110111111101010101011100000000000000000000000000000000000010
1010101000000010100010000101101111000000000000000000000000000000000010
1010110101110001010010000000110111000000000000000000000000000000000010
1010000010000111110010000011000101000000000000000000000000000000000010
1011011111001100111000111001001010100000000000000000000000000000000010
1011111100010000100001100100010100100000000000000000000000000000000010
1011111111100011011000001101101110000000000000000000000000000000000010
1011010011110011110001000011000001000000000000000000000000000000000010
1011010011001001101000110100110001100000000000000000000000000000000010
1011100000101001000110000010100001100000000000000000000000000000000010
1011000011111111110110010101000011000000000000000000000000000000000010
1010001110000011010110100110011111100000000000000000000000000000000010
1010011010101110001011001101010111100000000000000000000000000000000010
1011001001011100000010001010100010100000000000000000000000000000000010
1011011010101101010100100110110011000000000000000000000000000000000010
1010111100110000111010010100001011000000000000000000000000000000000010
1010110111111100111111001010100000100000000000000000000000000000000010
1010101110010110101111100001101010100000000000000000000000000000000010
1010011101101010010100101000001111000000000000000000000000000000000010
1011000000011100010100101111000101100000000000000000000000000000000010
1011101101011001110110101000100101100000000000000000000000000000000010
1010011111010101001100101011000111100000000000000000000000000000000010
1011011000011111011000110100110111000000000000000000000000000000000010
1011100110100101010010010111110100000000000000000000000000000000000010
1010110010101000001010111110111001100000000000000000000000000000000010
1010000001001000100011101111010100100000000000000000000000000000000010
1010111101110110010011111010101101000000000000000000000000000000000010
1010001000101100010111110110101001000000000000000000000000000000000010
1010011000010101111111001111111011000000000000000000000000000000000010
1010100001010000111001011010001001100000000000000000000000000000000010
1011100011100011100100110010101101100000000000000000000000000000000010
1010001010011011001100000111110001000000000000000000000000000000000010
1010100001100100001010001100000100100000000000000000000000000000000010
1010000110100010001101100001110100100000000000000000000000000000000010
1011001100110011100110000000000010000000000000000000000000000000000010
1010111010000110001001011000110111100000000000000000000000000000000010
1011110010100011100001100000110001000000000000000000000000000000000010
1010100100100011100100111000000100000000000000000000000000000000000010
1011011000101111100100001001100110100000000000000000000000000000000010
1010100100110110111110001101101011000000000000000000000000000000000010
1010111100111010100100100111000000100000000000000000000000000000000010
1010110001100001111010011001000110000000000000000000000000000000000010
1010010101011010010001010011110000000000000000000000000000000000000010
1010001001110001001110110010111101000000000000000000000000000000000010
1010111011011100001110000000010111000000000000000000000000000000000010
1010100011111101111000010000011100100000000000000000000000000000000010
1010001011011011001010000010011010100000000000000000000000000000000010
1011101000100011001000110100100001100000000000000000000000000000000010
1011101010011101101101000101000010000000000000000000000000000000000010
1011100010011100111110011101110001100000000000000000000000000000000010
1010100111000111110001000010001011100000000000000000000000000000000010
1011100001000100011000101110011100100000000000000000000000000000000010
1010110110010100011011011010110010000000000000000000000000000000000010
1010011010100110100101101001010001000000000000000000000000000000000010
1011101010111111100011101000101010000000000000000000000000000000000010
1010101100000100101010000111111110100000000000000000000000000000000010
1011000111110101010000101111001100100000000000000000000000000000000010
1011110010101111111100111111100000000000000000000000000000000000000010
1010001110100110011001010010001000000000000000000000000000000000000010
1010011110001110100101111001100101000000000000000000000000000000000010
1010010100100101011100001100000111100000000000000000000000000000000010
1010110100000010110111010110100010100000000000000000000000000000000010
1011000011011000111000010111101100100000000000000000000000000000000010
1011000110111101001110010010001010000000000000000000000000000000000010
1011001011011111000000010100010001100000000000000000000000000000000010
1011100001011011010111101011011001100000000000000000000000000000000010
1010101010000111010001000010000101100000000000000000000000000000000010
1010001000001010001110101101110100000000000000000000000000000000000010
1010001111001100000001111110010010000000000000000000000000000000000010
1010011101111000111101111010010000000000000000000000000000000000000010
1011010001001111011111100011011001000000000000000000000000000000000010
1011001000110011010101001011011100000000000000000000000000000000000010
1010000111010101010111110011001000000000000000000000000000000000000010
1010011111110101101011001110011010000000000000000000000000000000000010
1011110010000110101100011101101100000000000000000000000000000000000010
1011010011011110001000110110100011000000000000000000000000000000000010
1010010100101011011000010110011001100000000000000000000000000000000010
1010001100010110011010010110110011100000000000000000000000000000000010
1010100110000000110111111110110110000000000000000000000000000000000010
1011000000110000100001101110010100000000000000000000000000000000000010
1011000011010011000010111111101011100000000000000000000000000000000010
1011011100000110001101011110101011100000000000000000000000000000000010
1010100000001100110111000111101001100000000000000000000000000000000010
1011101000110001000101011000001100100000000000000000000000000000000010
1011000000110111000100101110000010000000000000000000000000000000000010
1011001010001111101111101110101101100000000000000000000000000000000010
1011101011100111011011011111011001000000000000000000000000000000000010
1011001111011100011111111101000000100000000000000000000000000000000010
1011000110010111011001000110001011000000000000000000000000000000000010
1010000000010110111010101101110100100000000000000000000000000000000010
1011100110101000101111111000100010100000000000000000000000000000000010
1011001010011000110000101000110001000000000000000000000000000000000010
1011001101010000001000010011110010100000000000000000000000000000000010
1011000011100000100101100101011110100000000000000000000000000000000010
1010010111000010000001001100110101000000000000000000000000000000000010
1010101101000010011101010110010111100000000000000000000000000000000010
1010001111110011010001001110001111000000000000000000000000000000000010
1010001000010100110101011001111001000000000000000000000000000000000010
1010001100010010011001011001001001000000000000000000000000000000000010
1010000110001011010101000100110000100000000000000000000000000000000010
1011101011011101001111100100011011100000000000000000000000000000000010
1010011011101001011000011100100101100000000000000000000000000000000010
1011100001111100011010011011111000100000000000000000000000000000000010
1011101100111100111001111101100110100000000000000000000000000000000010
1010100101110000011111100011011101100000000000000000000000000000000010
1011000010000110001000100100010111000000000000000000000000000000000010
1011110100100011111010001000111101100000000000000000000000000000000010
1011001100111000010011001001000000000000000000000000000000000000000010
1011100011010011000001101011010010000000000000000000000000000000000010
1010001010011100101010111011011111000000000000000000000000000000000010
1010010101000101100110011110010101000000000000000000000000000000000010
1010001011011000001000101101010001100000000000000000000000000000000010
1011100111011111101001110111111000100000000000000000000000000000000010
1011110111110110110001101111011100100000000000000000000000000000000010
1011100011110000010101011111111100100000000000000000000000000000000010
1011100111110010110101011111011111100000000000000000000000000000000010
1011111000010101101110011111111000000000000000000000000000000000000010
1010011100011101101110111110101111000000000000000000000000000000000010
1011110101001010000010100001011000000000000000000000000000000000000010
1010001011001111010010100101111101100000000000000000000000000000000010
1010000010111111011011011000011100000000000000000000000000000000000010
1011011010000110010001111000000011100000000000000000000000000000000010
1010101101001101011010100001110001100000000000000000000000000000000010
1010000100100100100111010111110100000000000000000000000000000000000010
1011101111000011001011111111000101100000000000000000000000000000000010
1010100010111011101011011010101001100000000000000000000000000000000010
1011001111000000110101111110000111100000000000000000000000000000000010
1011011110110001001100011101000010100000000000000000000000000000000010
1010000010010100001110000011111100100000000000000000000000000000000010
1011001110110100100101011000001001100000000000000000000000000000000010
1010010001110101110000100111100110000000000000000000000000000000000010
1010000111110011101000011110011010000000000000000000000000000000000010
1010101001000110001111111110100101100000000000000000000000000000000010
1010101101011011100110001110111010100000000000000000000000000000000010
1011110011110001010001110000001100000000000000000000000000000000000010
1011111101011111110000100110011010100000000000000000000000000000000010
1010011000110100000000110000110101000000000000000000000000000000000010
1010000101111101110011100010101110100000000000000000000000000000000010
1010110000110000110110111010110001000000000000000000000000000000000010
1010110100001000111001101000101111100000000000000000000000000000000010
1011001110001111000110011001110110100000000000000000000000000000000010
1010101010110001111101010100011001000000000000000000000000000000000010
1010001111111011011000001110110011100000000000000000000000000000000010
1011011011111001011100011001100101000000000000000000000000000000000010
1011110001111010100100111000000000000000000000000000000000000000000010
1011001110011100010101001101100001000000000000000000000000000000000010
1010101000000000110100000010010010000000000000000000000000000000000010
1010000110001010101000011110011000100000000000000000000000000000000010
1011010100100100001101010100000000100000000000000000000000000000000010
1011010101101101111001100001100111100000000000000000000000000000000010
1011111111101010000110100101100110000000000000000000000000000000000010
1010111011011100000010110000100011100000000000000000000000000000000010
1011011000101110011000011011011110000000000000000000000000000000000010
1010101001111100010100100110000110100000000000000000000000000000000010
1010100101011000000110001010011111000000000000000000000000000000000010
1011010111001111011100111011110010000000000000000000000000000000000010
1011100100001111011000001001000010000000000000000000000000000000000010
1010101101010010101101101101100111000000000000000000000000000000000010
1011010011111000101010011101110001100000000000000000000000000000000010
1011001100111110001100110000110101000000000000000000000000000000000010
1010000001001010001001011101100101100000000000000000000000000000000010
1010100110100110011000100111111000000000000000000000000000000000000010
1011101110111010101000100101011100000000000000000000000000000000000010
1011000101111110001101000110111011100000000000000000000000000000000010
1010000000000011101001111010010101000000000000000000000000000000000010
1011100000101011101110000111110011100000000000000000000000000000000010
1010111110011100110110001110000101100000000000000000000000000000000010
1010001001011100110010010011101110100000000000000000000000000000000010
1010011010101011000001010010001010100000000000000000000000000000000010
1011111000010100111000110101011011100000000000000000000000000000000010
1011110101011001010110011000010101100000000000000000000000000000000010
1011110001101010100101001010110011000000000000000000000000000000000010
1011111101011110000101011101101110100000000000000000000000000000000010
1011110000101101011110001110101001100000000000000000000000000000000010
