1011011000000001110011100111111001010011001110111100011001101000000010
1010010110011100111111010011000111100001000011111000000010011000000010
1011111100101101000001100010100111100011000001110110101001111000000010
1011011011111011001001110000111110011100011010001100111111010000000010
1011001001100010011001100011111011100111011100010100010111000000000010
1011000101111010110000010100101011100110011001000111110111011000000010
1011100110110001100010110100000011100001100010011101101101111000000010
1011111001011100001010001100100011100100001101001101010001010000000010
1010111001001010110001101000111101010011101100110010101111110000000010
1011010010111100011101101011110011001111011001110101110111001000000010
1010101101101010000011000100110111000110111100000111000110000000000010
1010101010101101001100011100101010110010000110001110110110001000000010
1011001110110110000111001011011000110010111000100010011110010000000010
1011000011111100010101000111001010111111110000101000111101001000000010
1011011101111011011011101101111101111111001100011111110001010000000010
1011000011000110001000010111110001011000010101001010111000011000000010
1010011111110100101110000010010011101111001110101111101001101000000010
1010010101010101100100111000110000100110011101000110100001110000000010
1010001011111100100010001010101001110011111110011111000110000000000010
1011101010110100110100101001001100100010001000111110001101110000000010
1010110111111001011110100110010011101100101000001000010101111000000010
1010000110111111111010110010110101110101101100011000100110101000000010
1011010001100010110010011110010111011100111100011010100000010000000010
1011011011001101001100111000111010111011101000101110001100110000000010
1010110010011010000101010011000110111101111101101100110000010000000010
1010100100111000010000010101101000110111111011101000100110010000000010
1010011101000011111100010111110101001110111010000001011001000000000010
1011011111011100010101110011101001001100011100010000110100100000000010
1011110001110011001110001111101101000000111110110000001000001000000010
1010101101000011111011111101111000110110100011111010000101110000000010
1011100101110011110101010001011111011110101100111000101000010000000010
1011110100010000010000001010111110110001111101000110111000000000000010
1010110111011011111001011101011010110100101100101100110011001000000010
1010011000101010000111110100110111011010010110010111001001111000000010
1010111001101111110101111010101010110000100110100001011100110000000010
1011001010100010010100100101001010110110010100001010101001111000000010
1010101001000010101000100000011000110010100001100010101010100000000010
1010011000010000000001001010010011111110010101000001101000010000000010
1010110000011011110011000100100111000001000010101010001011110000000010
1010000110001000000110111001101111000010010100010110000110100000000010
1011110101100101010010000111111010111100010000100110100011001000000010
1010100100001010101010010111111101001111111111010010101101011000000010
1011011011111110110110010110000100010000101011110010100100010000000010
1011001001010011000110111101001011101101011111011100100011101000000010
1011010111000111100010001101010011000110001100111110100001101000000010
1010011001111101100011100010101000110101010011010001101110100000000010
1010101011010010110010010001001000010000101010110010101001100000000010
1010011100001101001110011100010101110010001110110000000010011000000010
1010100111001011001001010000111011010110111110100101011101100000000010
1011001100100111011110111100001010010111011010001000110001010000000010
1010101101100100101100011000110001100001001010100000000100010000000010
1011010000001001000110101101010011110001000110101101000010010000000010
1011000111000110010111010111110101101101001010110010011101101000000010
1010100010100011010000000111000101010001011011001011111110111000000010
1011100110110001101101010010111001101100011110101000001110110000000010
1011011001001100101111100010000100101010011010011100001110011000000010
1010000010011110011011100011011111000000100001111001000011010000000010
1011101010011100111000100011011000000001001001110001110111000000000010
1011011010000010111111001011101011100110100101001111101101010000000010
1011011110101111001001100100000110011101100000111000010101101000000010
1010011110000111110010101010110101100010000001001000010000011000000010
1010000101111011011101111100100010001111101111101001010110011000000010
1011000010000001011101100100101010010111110001010110100111011000000010
1011000010101111010100101000101100100110010110110010100001010000000010
1010100111111000100001001001010101111011001000011100000001110000000010
1010100100100101001111101100000000011111110100110001110111001000000010
1010010101010100111000100000011110110000101001110110111111010000000010
1010111101101001101100000000101101111111000000011010101110010000000010
1010111111100001100110101101010011111001110000101010110001100000000010
1011000010111110000100010011101100011111010000010000100000001000000010
1011011101011101110001010001001110111000010011000100010001010000000010
1011110000011101101010100110000100100110010010010100000111001000000010
1010101010000111000010010000101000101111111001100010100010110000000010
1010101001110001110001111111000011100000101101110110100000111000000010
1011010110010001001011111010111110001010100010000011100001111000000010
1011111001110000100110100010101001100111011101010010111111011000000010
1011101000001110111001001101001001101111110110010001001111001000000010
1010010110100011010011011000100111011100000011100000011100011000000010
1011100111000110111100101101111110010100010010001011110110101000000010
1011100111000111110100101010011101010000011010000001101001110000000010
1010001001001010010110010100111010111010101111001110110101010000000010
1011010010001011100010101001110000101110100100011010000110000000000010
1011010010010100000100101010111011011000100111100000100110110000000010
1011010001101101010111111010001111110111111000101110101110100000000010
1010000000101110000100101101011101110110100001000011011110011000000010
1010010101110111001001010000000001110111101111000010100000110000000010
1011011111101000101101011110011010110101000111001011100011010000000010
1010001101100100111011100110010010001001111000110110001011111000000010
1011001101011100011101101011010011111101111110010111001001010000000010
1011010001101110011111010000101011011110010111010111011101001000000010
1010111101010111110110100000011100011000101011010111111100010000000010
1010111010111101110001001000111011010010001000101100010111100000000010
1011011101100100001111011000110111101101001011000111011010101000000010
1011111000110100011010101100100000111100001110100101111100101000000010
1010111110001011100110101010001111101000001000001010011111001000000010
1011111100111001111100100010101000010000001010111110101011010000000010
1010111101000101110001101100110001101111010001010011100101011000000010
1010010110010000001100001001001101001101100001010000100110011000000010
1010011101110010100111100100001000010001010011000111001100000000000010
1011000110011111010100001101011010101010101110101100111110011000000010
1011111111010110101101011000000101100110010011101101100100000000000010
1011001010110010000001000001101000100111010001011010101011101000000010
1010110011110111010000001101001010111101000101011011100011100000000010
1011010100011000101000111101000011111010100011101010111010011000000010
1010011110101011001110110011010101010111111110010001001000011000000010
1011111111111101110111111001011100100100011011001011101110100000000010
1011011100001110110101001110000011001110011111010001000110100000000010
1011000110101111010001101101011000001111100011101110101110010000000010
1010010110100101001110010100000101001010111010111111100010001000000010
1010001011000100110010110110010111001000001101000010011010110000000010
1011010000111001111111110010011001001011111000110111100100010000000010
1010101001110000010001010010000100010101110110110010001000010000000010
1011111101101011101111001001111110010111011100000010011101101000000010
1011000101011001110101111110011011011011111101010001011011100000000010
1011001101100001111110111011110001110110111010011000010011010000000010
1011100011111010000100000011000001001110110000100001100010111000000010
1010110110110010000100100110110001000101011100001010100111010000000010
1011001100000101101000001000101011010010001101011010000000010000000010
1010010111101000011010000011000001000010010110110110010100000000000010
1011110100111010000001101111010011011001001111001010101111010000000010
1010111001000111110101000100011010011100101010011111011001110000000010
1011011100001100010000110110100110100101011001001010001010001000000010
1011101110010000001011100111100001000101111100110111111011100000000010
1010110011011101000001100101000100001101011101010001110101000000000010
1010011010100001100111110010001100101011001100111010100011000000000010
1011010010100010100110111011110001000000101011111010111100100000000010
1010110011010101011111011011100011010001111000001111011001101000000010
1011001100010000001111100101001111100101100101111011011000011000000010
1010111101100001001110101011101010001111001010000110100100101000000010
1011010000000111100011000111000110010100101101110010011000011000000010
1011110110010011111000011101100100111110111100011100010001100000000010
1011101111110000000101101100101111100001000000001000111000110000000010
1010001001000111011110011110011000111111011100010111111000010000000010
1010111101101101001110000000110000110100101000011000010100100000000010
1011000010101011001001001000000101100111101011101011011110110000000010
1011101000011101110100010110001011001101110110010001110000110000000010
1010001000101010001000000110111101001001010110000000101001001000000010
1011011000010100001011011110000011110110010001010101100111000000000010
1010101010001100010011000111000110101101111110101111001111001000000010
1011010000101111100110101011111000000000110011111001110101000000000010
1011110011101100111111011000010000010001110111001000100011001000000010
1011011110100110011111101011111101000001000110001011101001010000000010
1011010110111111100010000111110110011011110110110010110111111000000010
1011111011100101100000001111101101101010101101101111001101010000000010
1010110111001110101011110001100011000000010001101010010100101000000010
1010100100100101010100000111001111100111101000011110011001100000000010
1010001110011100111010001000110011010011100000100000000111100000000010
1011010011001000111110000100000101110110100000001011010010011000000010
1011100111000001011011000110011001000111010110011001010011010000000010
1011100001101011010101011010100000000011010100111110101000010000000010
1010100010111010100100110101111001001001011010101001111001101000000010
1010100001101100101100111110000100000101010110010011110100000000000010
1010101001000000101110001101010110111010000011101010000110001000000010
1010010111100001001101010100010101011111001010001011100000010000000010
1010101010100010001100100000101101000101101000110101101100001000000010
1011011000111100000111010110000110110110010000100000001000010000000010
1010111110110001011111100101011110110111010000001110110010110000000010
1011011010100011000110110101101001011000101100011111110001110000000010
1010111010100011010000100000001011110111011010001001001110110000000010
1010011011011001001001100010000000100000111000110000001111101000000010
1011110010101110110001100110001000001111000101011101001101011000000010
1010011011011101100111110101111000110110000110100110010111101000000010
1011100000000101100000001000000111010101100000101101110001001000000010
1011100111011010101011100011001001101011001100010010001011111000000010
1011110110111100010101100100001100001110101010110110010000111000000010
1011010101111000001011010110001110010100100110011101101010011000000010
1011110001100110101101000111111011010110110000011000010011010000000010
1011010110010001001010001001001100101000100011110010001111110000000010
1011110100101100111111001101011001110001000000111111001001101000000010
1011110011011111011001001101100101101000111011100101011010000000000010
1011110100100001100011000011001110000101111000100011100010110000000010
1011111011010111011110001111101000000100001010100110111100000000000010
1010101100010101010101111010001000101101110001101011101101111000000010
1010001010000100101010110111111001001111111001101100111110010000000010
1011000011111110011110100011001110110101010101100010000010101000000010
1011010001010011100100001110111000000111001001001011101100010000000010
1010011101011000010111111111111110111000001101010001111011101000000010
1010101001111110101010101110100001101111111101011010010110101000000010
1010010111000110011101011011110000111010101010101100101011010000000010
1011010010001101110011101001111111001100101011001101101101011000000010
1010011011000100011110111001010001011001101110011011110011100000000010
1011101000110110000000101011011000111100010111001111110101000000000010
1010100011111101000100100010001101101011000001101101100011010000000010
1011111100001111101000011101110101101001110110100000001101010000000010
1010110110001110001100011100111000001001001111110101110110101000000010
1011110000010110001101010001001011111111000010100111000101011000000010
1010100100011101111101100110100011000011101001000010101000011000000010
1011101000001101011100110101110010101001110101000101111011111000000010
1010000111101110010000001101001001010111011100010101111110110000000010
1011011111011010010010001100001111011011101110111010101011101000000010
1010111101111111111010101011001011100011010011100000000010110000000010
1010000111011001010100000000100010111111101100111100000010111000000010
1010010101011001000011000011011001111010010110110111101000100000000010
1010011111110011010110011110001010011111001010100011110011001000000010
1011100010111111011000101011101000000110101111100010101111111000000010
1010011111111010000011100000011110000011101100000011110001000000000010
1011100000000110000001010001000000110101100010101001001001100000000010
1010001101111101110001001010000110101101000010100010101101101000000010
1010010011111010011011101111001010101110011011110110010011010000000010
1010000101011110111011111111111111010101011011110110111011001000000010
1011001110001111011110110111001010111100110111101101110110000000000010
1010001111100000101011001111100011101100101100011111100101110000000010
1011000101100110001010111010010101111100100010000010111001100000000010
1011101101100111111010010011001110101101001011110111111001101000000010
1011010111111000010011100001001011100101100101110101000100110000000010
1010101111111100011110100110111110000001011111010010001101100000000010
1011011000101000100010110111010111011010101101010110001001101000000010
1010001101110110110100110010111110011100111000000010100011100000000010
1011000110000100010110001101010101000111011000101010111111001000000010
1011101111101001011000001010101011010001110100001001101001101000000010
1011011101001100010100011011101110111101000000001011011010011000000010
1011110010011111101110110100110100011001010010111100101111110000000010
1011110111111110110001100000101011001111001011101010111111100000000010
1011101011111000101000111000010101111010110000001010100001100000000010
1011000110111111111010010111010100100111001101001011110001111000000010
1011011011010100111011000101010011111011010110011011101001010000000010
1010101011100000011000001011001001110011101010000101011010000000000010
1010011100101011101001111000001010000111011110100101000101111000000010
1011000110111000110000000111000001101000010100011000010110000000000010
1010001011011011111110010101111000011111111000010101000110111000000010
1011001011100001000111101111001111000001000101010001111001111000000010
1010111111101010000101110100111111001100101101100011110111000000000010
1011110010110011010000110100100001100001011111101010010010000000000010
1011110110101010111100001011111111100000011110010001001000111000000010
1010000101101000100100111011101111110100101110101100110010101000000010
1011000000101011101110111000000001010101100000111000111001011000000010
1011110001110101011010010010101111100110011100000111110011001000000010
1011111001100111010101001011111000011111011101011011101010001000000010
1011101101010011111000011110110100000110110100111100011010111000000010
1010101110101010110101111110001111000001100000011000111110101000000010
1010100111011110010010010011100011101100010011010100000010011000000010
1010001011010100010010011011000110010100011111110010001100101000000010
1010100011110110010100110111110001001001100001110101111000111000000010
1011010011101110111001000100110000100100111000101111110101000000000010
1010110111001111110111000010100101000000111010110110100000111000000010
1010010000101010010010000101010010000101110001110000100000001000000010
1011111111011110000110000110110100011010110001001011011101111000000010
1010010001100101110011110011110011001101011011100111001111001000000010
1010101001001010011110001011110111100001111101111100010100101000000010
1011101011100111000100010111000101111100100011000011011011101000000010
1011011110000110000011110011111101100010010011101000011001000000000010
1011111000010110001000011110111110101111101011101000110101001000000010
1010010010010100001000001010010111010001111000000010111100110000000010
1011111100100101011100101111011111000101101010001100110010110000000010
1011011111101100101000111011100101111111110010001000010001000000000010
1011111111111000010110000100111000001110100101011110000000001000000010
1011100001111110000000100010100111100001010011010110110011011000000010
1010101011010100111000000010001011000110000101000100101111000000000010
1011111110100100000000110110110111010001100011111001110000110000000010
1011001000101011011110010010001110100101010111111010001000000000000010
1010110101101010010011111010100001110000100111001110110011100000000010
1011100010101100001011000010111111011100000100110101111000110000000010
1011111001111101011010000000101011111000110010111111110001011000000010
1010101000101010111101000000010011111010101010001011011111010000000010
1010010111100000000010100010011001011110000110101100100100010000000010
1011001101010100111101001100111111010001101011100101010011010000000010
1011010111010010000011000101011101111010101110101011101001101000000010
1010100011000110011111010011100110111010100101111011110111011000000010
1011010000011010110011010001011111000100001111101011000101101000000010
1010110101000001100010110100001001100010010000110101101110001000000010
1011111010101010111101100100011110111011110011100101101000101000000010
1010010111101100001100101000101110100110011101100011010110100000000010
1011001100111010001111010000110100010101110011010000100000000000000010
1011000011111010100100001100011011100000001010100111010000111000000010
1011110001101100001001101000101001011101101011001011100100011000000010
1010100110011101111111001100101110101100011011110110101111111000000010
1011101000100111011111000110101001011101100001100000100010010000000010
1010001101010100010011000110100111101110001111101110110000001000000010
1010000101001000011011101111111000000010110001100111011100011000000010
1011010110010101100100001011100101111011000010011001011000000000000010
1011011101111111000111100001011110001000010010100110001000111000000010
1010101101100101001100110111000010000001000001111100111111101000000010
1010110110011000111111110010011010100011000001001010111101110000000010
1011111110101000000100000010001100001010001101010010011111000000000010
1011000111000010011001010110000111001101000011000111011100110000000010
1010001101010101000010010001101100101100101000010110011100110000000010
1011111010100010010000100000011000010001100010001111101011001000000010
1011011111111010110010110010011000111011001000110110110100010000000010
1010011111101101111111000000111110010010001110000101010000010000000010
1010100100100101100111110001101000000011100111100111011111110000000010
1011010110111110011000111011011101100110000001101010101101011000000010
1011010101111111111100101011111010001011101001100100000010110000000010
1010001000101000000000010010110110011111010100000110000010110000000010
1011010101111000010000100111101101010100000110010111111100101000000010
1010110111001010110101000000001001100111111010011001100011000000000010
1011110111101101110111100010100101010001001000100000111110000000000010
1010000001110110101010101100000110010110110001110000000111111000000010
1011101011011010000101010111101001001001110011001011011010000000000010
1011111001101111011100000010100111001011011010000100010100111000000010
1011010001101111100100100101110110000100111010111010010111110000000010
1011000000101010000010110111000100000111111010001010000000100000000010
1011000100111000101101010011000100100001011011111110001101100000000010
1010010100010111011101010110101111100011000001000100110011001000000010
1011101101111111001010010101111001110100101011100111101001000000000010
1011111011111000000001110111100110001011000011010100100001110000000010
1011100111110100010101101111110101000100100101010100000100110000000010
1011011111010110000001001001100011010011101010101010000011011000000010
1010001011011101110111000110011100111111010100001000111001010000000010
1010010000111101011111110100101101010001111010100011000101010000000010
1011111111011011100100011011101011010100110010100010111100100000000010
1010010000011111111100101111010010101001101011100111010001001000000010
1011111110001010101010100100010001110000000010011010001001111000000010
1010100100110110001011100000111110011111110010001000100101000000000010
1011100011110000011000110001011000101010100011010001001100001000000010
1011101001001100100000001000001100011010010101010001000010100000000010
1011101101000010111001111001010010100010011011111100010101101000000010
1011011100001001100110111001101100111111010011110010111100001000000010
1010100111111000100000100111101011001100110001110010011011100000000010
1010000111011101100100111100010100011010100000011101111000111000000010
1010111001011011101000100100110101110001100011110101110010111000000010
1011111000100100001111001111011010000011100110001100110100011000000010
1010111011101011100111011001001010101001010001011101010001101000000010
1010001010001100110001000100111100111110010101001001010101100000000010
1010110010011110110111100000011110110001011010010110000010000000000010
1011100100111101111110001111001110000001001110000100010101011000000010
1010011110101101110111010011001100000001101110110000011110111000000010
1011110011100100001011000100010000100111000101010011011001101000000010
1010111000011110111111100111010010000111010001111001101000000000000010
1010111111000100101110101000000101011011111011110010101000011000000010
1010001010110111110101010000001100101101110110011001011001000000000010
1011100111100110011111000100010000101100001101111111111110110000000010
1011001001101001001111100001011101110111101011111111001100011000000010
1011010010000100101000011100000101100111110100100110001011101000000010
1011011000110101011000010011101100001101111111011100011101111000000010
1011000110101101110110010100001001101001100110110000001101000000000010
1010010000001011110010001000110110010100101000010101011110000000000010
1011000110000010111110001111110000110000100100100101101101010000000010
1011111111101001011110001011110010101110001111111010001110110000000010
1011001001111110110010110101110100010110111100110011000110011000000010
1010010001010100101010000001101101111101001000100001111010000000000010
1010000000010010110110000100000010010101010101010011011101100000000010
1010001010000011111100111111100011111010100010001110010110011000000010
1011010100110101100111100110100100010101110101111000100010110000000010
1011010110001100111011011100010100111011111101010000101001010000000010
1010110101110000000111101011100110100100011111010100101001100000000010
1010010101010010111101000001011011110001100000001001100111110000000010
1010110110000100100101101010010010010011000011001100111010011000000010
1010011011110000001011100101000111101111000111101000001011010000000010
1010100110101000011110100001100101101101100011100000010001100000000010
1010000001100010110001011000110111111110110110101001001101000000000010
1011111110000110110000010010111011001101111010010101101100000000000010
1010010111000101101010011010101101111010100011101110000111010000000010
1011000010000001001000100001000000010001001000100001010011110000000010
1011011101110011100110001100001111011010101100001001011000111000000010
1010001001011100011011000001111011100111101101001010000110110000000010
1010011111011000101010111011011000111110110011011101001011100000000010
1010010011111011010010010100101010010000101000110011100100110000000010
1010110001100101110000011101100110101011011001011011000000111000000010
1010100101100001010100000000100111110100100110010011000100111000000010
1010110001000000100001100111111100010101101011111101011000001000000010
1011010011011010100000111111000011100010010010100001110101101000000010
1010110101001001000001110010111010001010110010010111001000111000000010
1010110111101001001000111100110011010011001010100001000010110000000010
1010000000000111100011101011110100011111111111011101000101100000000010
1011010011011000010000001101011111101011110011000011010100101000000010
1011001111111101110001000110110110101000110011110010111110010000000010
1011011011100001000111110111000111010000011110110111101101110000000010
1010100101111010101010101101110110000001110101010011110111100000000010
1011101000011101110101011100000011101011101001010101011010010000000010
1011110111110111111101011111101100100101100011001011110110100000000010
1011101111000000100100110010000110000011101100110101000011110000000010
1010000000111000111010010001000101011011111111001110010011001000000010
1010111000110111100000010000101000111001001100011010101010000000000010
1010110000100011100011111111110110111010011011110111010101000000000010
1010010111000100110100110001101000001001111011011010100100100000000010
1011000010110000111001000101010001001000100010010010001001111000000010
1011110110101010011010101110111101111001100110011011000011010000000010
1011001110101111110011011101101101001001111111101100011001110000000010
1010101111001100000001000110010000100000111001001001100010101000000010
1010000010101010101110001101100001000001010001001100010100111000000010
1010101101110000001011110111111110101011011110111110011000010000000010
1011001111110101110010001110111110111011001100001110011000001000000010
1011100110001001000100101110001100100010110101000100110011101000000010
1010001010001110111110111001101010101001111000000001101100100000000010
1011111110111010101111001111111001001111101011101011000110011000000010
1011000111111110100000101111100101011001011101011100011101101000000010
1011011100001100101101101010000100101100011100000111011111010000000010
1011100111000111111010111100101000010001101001010011011010010000000010
1011101010001111111111000100101101110011011010001101100000110000000010
1010000100011111001110000101101011001110110111111011100000110000000010
1011100001011111111000111011000100000010001111011000010001001000000010
1011101100111110100010000110000100000010100011110101001111011000000010
1011110110001001011011111000111001110001101011101101110101011000000010
1010000001100011111111010101011011100110001100110101000111001000000010
1010101001001010111101111000110001100000011101111010110111110000000010
1011110000110100011110110001000010101011010100100011100111011000000010
1011010110111000000010010000001010000100101101111101110010011000000010
1010011001001000101101111100000111000011000100101000111010001000000010
1010010110010100101010000111011001110000111000100111110001110000000010
1011010011100000000110101010010001101110110010000010110100000000000010
1010010110010110111010100111100011100101011101011101110100010000000010
1010100111011111010000110111011101110110000001001101100000100000000010
1011010011111111000000101010010010011100011110110101000011101000000010
1011000001011101111010011001101000011011000100011110010110011000000010
1011111001011001101010110011010110010111001010101100000011011000000010
1011100110011101000111101000011100011100100000001000011001011000000010
1010010001000111001111101111011010000100101111011111011000111000000010
1011010101101001011001111011111100101100100100000000000010011000000010
1010011101001110100010110111010111001011110001110001100100110000000010
1011101110101100010011100000011011111010000111010110101000101000000010
1010001011001001001011101001101001000011110000011000011001011000000010
1010000100010000010011010100010100111110110111010101000110111000000010
1010110100111100101101010010111100001101010110001010110110101000000010
1010000000000000111101010011111011110111011100010111100110100000000010
1010010001010100100011110101010011110110001000101000110101010000000010
1011011010100111100111101001000110111001011111000001110011110000000010
1010100111101111001011010110001111000000111110011111010101101000000010
1011000110000010011010101011110101001011101110011100101010000000000010
1011100001010100111010001010001101001010100111101110101000001000000010
1011100001011110000100001110110010100000000111111111110110101000000010
1011100000011010011001010010111111000000000100100111100111101000000010
1011100101110110010000100111010101111000001101100100111100010000000010
1010000000110110100000011110100011100110101110111100110010110000000010
1011100100110101110000111010100111010000100111110000001100010000000010
1011101001100001110011101101100001010001101010001100110100011000000010
1010000001111101011001001011011100001011011101110100010100101000000010
1011101011100010100110110010100101000000111110101000010000010000000010
1011101011001000110110000111110101001101010011100101100111101000000010
1011101001000100110000011011000000010100101001000100010000011000000010
1010001000110101010101010110000010011010010111111100110011001000000010
1011111101010111111001011101001101100111111110001101110111001000000010
1010100110001011110001111000100111001101001100010100110001110000000010
1011111110001001010110110010110101001110001001110110111000000000000010
1010011000010100111111011101001111111110101111100101111111100000000010
1010010111010010001100001010001001100010011000101110011000100000000010
1011001111011110110011111010001010101100101011110100000011011000000010
1011001010111101110011011100111011011000111011010100011001100000000010
1011100010001101110101110101100000111110100011110100010001010000000010
1010110000110100101011000001000000100011000110000100011100011000000010
1010011110001110100100111010011111110100110001011010000101100000000010
1010010100001000101100010111110110110011111110100000001010100000000010
1010101010001101111111010100110110011000001000001010111001010000000010
1010011001010011001011000010001110111001110011011110111101101000000010
1011011100111000100101111010111001011101111010110011011111101000000010
1011000111001101011011001011110000110011011111010001100100000000000010
1011010000100000011110110101111001110110001001101100110111001000000010
1010011100011110001110100010000100011000110011110000011101111000000010
1010111000110110010111100001110001111011110001110000000111000000000010
1011110100101001000001111111110001011111100010111101111000101000000010
1010011000010111111010100100100000111110101111100001010011000000000010
1011011111011010100110000010010100110001001110111000010100100000000010
1011001101110001110000010111000011011111010101100100010111101000000010
1011000011100101100011000111100101110011001101110111000110001000000010
1011111000100001011011100101110000111111101110100101100110111000000010
1011000001111001010100000001001001010111011100011110111101011000000010
1010011011110000011111000011101000011111110000100001000110011000000010
1010010011010011011000100001000110101000001111010101000110101000000010
1011111000100100111100100010011001110101100111011101110001010000000010
1010010101111001001110001010001000111001001000111101001111000000000010
1011011011101100111001101010110011000111110100110001101111101000000010
1011001001010111000101100001100111100101101101101101111000101000000010
1010010111010010000011000010001111011011101101001101010011010000000010
1011111101011110011111000110101000001111111101000001000010110000000010
1010110011101011000100100111010001110101111101110000101111111000000010
1010100011110000011010010000111010110010011101111000101000110000000010
1011000110110010001111010011111100110101011010111110111111000000000010
1010111110111111110011010001100010111011010111001111011001111000000010
1011101000011110101001000101100001111000000111100011100110101000000010
1011001100101000111011011110111110011101010100011100010100110000000010
1011010110011011101010011110001000010110011111101101010010000000000010
1011101110011101010101011111001010111000010011001111010011000000000010
1010010011111010001001110000110010100000010100110100100100100000000010
1010001111100101100001011101111000110010010111111000100100010000000010
1011101101000011000010011101001100000111111010111101100000100000000010
1011011001000000100101111110001010101000010101101010101011011000000010
1010111001011000111011011010111100100111100100010001101110100000000010
1011000011101111010110010010001000110011010011000011001110101000000010
1010100111110000011101001010111111110110111010000100110011010000000010
1010011001000111101111111011001110110101100100000110101101011000000010
1011000100001110010001011010010110111011011000000011100010100000000010
1011100001110101000110101001111110000111111110100001001101011000000010
1011010010101001110101000111000111111100110101110100111101111000000010
1011110100000111001111110111101111001000110101011011000101001000000010
1011001010010101011111011011011000110011110100101100001010000000000010
1011100011100001010111101101111010000010100110001010101001000000000010
1011010011111001111101100100110001000001110100011001100001100000000010
1010100101001111011110001101101101111001110111010011100000110000000010
1010110100100011001000011010010000000100011010100100000010010000000010
1010010111010100111101110000101110010010111001001110111011101000000010
1010011101110001100001100110100100011100110110110100101011111000000010
1011110001000100010001101111111101101111011100010011111001001000000010
1010111001100111010001010100001001010101100000110000100010101000000010
1011000110111010111000000000001100100110100101001110011001110000000010
1011100110110100000000010110001100100001011101100110010001100000000010
1011000011011100011001010100010011001111110100101011000101010000000010
1011000111100100000000011100100001101110010000100000010011000000000010
1010101111111001001111100001101111001110011111101100011111011000000010
1011100010011001100000110111110110001111100000000010100000111000000010
1011100010001000000001111001101011101000001001100000001010100000000010
1010011101001110111011101011001011101110101000101011010001011000000010
1011010110111110110110001110100010000000101111111001011011101000000010
1010100000011010111010110111011101100110111001000111011111101000000010
1011100011001111000101110111000101001101110000011000000111110000000010
1010001110010011010000000100101100001011011111111011110011001000000010
1011100011110100011111001101100010011100100001111100100011000000000010
1010000010100011101000110100010101101101000110101110011111100000000010
1010010100001000001011010100000100011111010001010100001011010000000010
1010111010000010010110111000110101101000011011000111000011011000000010
1010111100011101100011000001000000011000001001001101100111000000000010
1010010000011111111110111110111110000101110110100100111001111000000010
1011000011010111000011000001101001111101111001001010101000111000000010
1011001001000000101100011110110100100001001000010101110000001000000010
1011101000011011001101001111101100100011011001010111000011101000000010
1010010000110010110111001010100110011101011101100110010001110000000010
1011000000110101011111000010100010110000111011110010000010010000000010
1011100100000111010000001001101001101100001110011011010111011000000010
1010100001111110101011100011110100111100111111110001001001011000000010
1010111110110110010010110011011010111101010100111001100100111000000010
1010101110110111011010010100110000101001010011001110000001100000000010
1010010001000000111110001011011100000101100100001101010111010000000010
1011111011101010100111100001010010010101001111111111101001100000000010
1011100111011101100010011010010110100111100001111011000010001000000010
1010001010111010001110010101011011101010010111011000011011111000000010
1011101100101011011011010110001011000101010000100001100011100000000010
1011010000000111110111101111011000111110110101011011110001111000000010
1011101100001110011100000100001111100000100110011100100110011000000010
1010001000111101100111011001110100100010110000110001010011101000000010
1010000110011111011010011000000100001001111000110101000011101000000010
1011010100111001101111101010010101011101111100100011111101111000000010
1010110100111010000001100110101100110101111011111011101100101000000010
1011000010110111001011110110111000000000010110001010101010100000000010
1011001011110101001000111110011010100001000011000110001010100000000010
1011100000101101000010001101011111000000100100010011011100110000000010
1010000000001101100100001001110101101101010100110011000110110000000010
1011011100101111110110100000111100111000111100110000101111101000000010
1011101110010111110110001001110000111000110011001111101110001000000010
1011010110111001110110111100000001101011110111111111010110100000000010
1011100011100001101000111011000100100010110100111010001110110000000010
1011111010100111011111100000110110011011100111011010100101001000000010
1011110000011101110000001101110110011011100101000011110101011000000010
1010100110001100111111100110000101000001111100000101100100001000000010
1010010011010000001000100100110100101000101000110011011000010000000010
1011001110001010010110110100001000011001111101010010011100000000000010
1010000100000011011010000011011111010110010100101000000100001000000010
1011010100010111010100010001101001110001010110010000001001011000000010
1010010101101000011010000000100010100001011100100010101011100000000010
1010011111100011000100000001000001010000110101000110010011010000000010
1010010110110101011111001101010111111001100110010100001101111000000010
1011111110101110011001000010110011001000000010110000010011010000000010
1011010100010101011000001000101111001010011011101111010110000000000010
1010110011010101001111100001010110010110110100000001101000111000000010
1010110101000001101111000001110010010001100100001101101101100000000010
1010010000011011011001010010100011011010101011000101101101111000000010
1010011101111000000010101100100110101001100010101001010000010000000010
1011101011001000101111111111010101100011010101100001111101110000000010
1011110001100001110111100100101010010100100000100000001111011000000010
1011010001001100100100001010100011101110010011001111111000010000000010
1011101011011100111001101010111111101011101110010001000001111000000010
1010001110001100011101000011011000111011010101101000111010111000000010
1011000011111101011111100101101000010000000001110001000111110000000010
1010100010000000011001011001001101111010110010100111111010111000000010
1010001100111111111000001000000011110010010100110110100100101000000010
1010101101101001011110000101010100111110001110000100000101110000000010
1010010100011101111111100000110101011001101100101111111001000000000010
1011101101010000110111111110011010010001000001000100000110101000000010
1011101101011011011111111101001011110110011100001011000110011000000010
1011100000110000100101101111010011110110110111000011000101100000000010
1010111000110010101001100001010110001001011101111100001010110000000010
1010011000000101110000111110001111001101011011001101001110111000000010
1011100111011100011011011111100110000110000100010111000011011000000010
1011101000110010011101101011101111010000100010110011001110110000000010
1010000111110100110001110000010010100011000001111100110010110000000010
1011001101001010010010111110101101000101000101011000001110110000000010
1011000010100100110001100010010100101100101000000010001100001000000010
1011111010100010111100001101010111111000001000111011010010100000000010
1010001111011111010100111000001001100001001001011001100010001000000010
1011001011101100110110111011110001001010111110000101010000101000000010
1011110001101000011101000100110100000011111100110000010100100000000010
