1010010001001100110011000010011000101111111100000000000000011101101010
1010111101010001111111011111111101000000000000110110100001011011010010
1011101000111000100110000100111100010010101110101011111101100110100010
1010001101101010111011110111111110111101000010001000000101100101000010
1010111110101000001111010010100000010110111000001001111111111001111010
1011111001011101001101001010111111111101111101001001010000011000110010
1010011011001010000111000010110100110011101110101010101011010001010010
1010100111101001101100111011111101011010000001110010010000101100000010
1011110110001101001000011000010110111111110111101010110110101101100010
1011101011111010010111111001101001100010100000000000001000111110000010
1010110100000000000001000100110101010111010010011110010100111011101010
1011101110111010011111101010110001001000101110011000000001011000100010
1010111010100110010010000000110010001000010001110011110000110011100010
1010111000101011101101110100001011001010111110101100100101000101000010
1010000100110001101010011100011010101101100010101011010010011001000010
1011001111111110010010100110111011100011011100000010100100010001000010
1011110000000001100011010110001011110010110100111011110111110111101010
1011100000111010010101101101100110000001010110001000000111000011001010
1010001101110001100011110100000111110110101011101111011000011110001010
1010111010111001111001100110011010000100000000000000000000010000110010
1010010001001000100000100010011011110001001111111111111000111010110010
1011110001110111111111111101010011101101110100000110110101000000111010
1011101000001101000011010000101011010110111011111011110110001110000010
1011111101101010011111110111110101011110010100101011000110110001011010
1011100001000011100011001000100101100000000000000000000000000000000010
1010111001110110111111010111100001100110100011100111100110000001110010
1010010100011100010101001001101100101111000111110001100100010011010010
1010110111001110100110010111101011110101000010011010000001100110000010
1011000011011100011110100000010110010111111011000011110110011000011010
1010011011111010110001110001011110110101011011110011100010110000010010
1011001111000000000110010101001110010111011001000111110110011001011010
1011111010000110111111101111011001110101000010100000100001110001011010
1010011010000010011001000101111010101000001111100001111100000110000010
1011011000001000111111101000100000100010000000000000010000001010000010
1010110000100010000110100000101000000110110111010010010010110101011010
1011011111011110011111011111101111101000101000000011101001010000000010
1010011110100110010010110000001000110111000010110110111011100010111010
1011111001001101110110001010000000000100001010011001010010010011100010
1011110000101100001011010100001110111111111011011001010010111011001010
1010010001111100111001011101011111101000111011000001100000110010010010
1010000010111100100011010001010100000111111010110111000111111011110010
1010001111110110111100001101010110100001010011011101100100100110001010
1010011001100101000000000010111011110110000101100111100001011100001010
1011110001110100110101110100011101000010110101100110010100000100001010
1010100100110001101110110100001001011011110101110011110011010011010010
1010001010100111110000001110101111111001010010111001010100000101001010
1010101110010001110010000011000100110110111101011010110010000101011010
1011110101101111111111011111011110101101100101000001001100101101110010
1011101100000000111010111111001010011010111011100111101110001101111010
1011001001110111100001010101111011100110100111000000000101000011101010
1010101101010001001100010010101100011111001011000111111100100101011010
1011111010111001000111011000110011010001010000000101000000010011001010
1010000000010000001001010100011000010011100111100111100100011110110010
1011110011101111000011011110111111111011011101001100100010000101000010
1011010000010000101101011110001101011010110010000111101110111110101010
1010100101101011101111101100110001100110110010111010001001001011001010
1011100000000100101110101010110011001111101101111010101101111110000010
1011010001110011111001101100110000100110011100000010001101010010011010
1010010001000100001010011100011001011111011111011011110101100011111010
1011010011010110011111001001110010100010001000100001000100100010000010
1011010111011001001100100000011000110110111100011011111100010011111010
1011010101000111111111011010011111110110001001000001000100010101011010
1010100100010000111000001001011010010111101000010110111111101000010010
1011110100111011000101101110111011110000000000100010000110110000001010
1011001000010001000011010000001011111011100010100101100011010101001010
1010111111010111001101011111100101100101010111100000111000000100100010
1010010111000010001010001001110000010111100101011111100010011110111010
1011110111111111000010001110011111101000100110011000010011001110001010
1011000001011110001100101001110010010010100010011100000101101111001010
1010111100011001010000010100111100111101101000100001000001100111110010
1010000101101010010110001100010001011110000001011001001010011010000010
1011111001011001101000000110110111110001010100001000001110100011110010
1010000101011010011010010000100000101101100000101100111110110101011010
1011101111100011110001110111111100100101010100010010001000111010001010
1010110100111110110010111001001011110010010100001101110011001011110010
1010111011110100011111010111110111000001011100000011000010111110000010
1010100011111000011000110001011010001001010110100010110101110101101010
1010111111001001101111000101110000100101001100001010011100101000000010
1011111101010110111101010100011111001110111100100001110111110001010010
1010111110111000001011011111000100000010001000000010001000000001100010
1010011000110100110100001010010000001110111111111110111110100111101010
1011100000111010100100010111011010100110111100001100100001110100110010
1010111010110010110100001000010010001101101111100111011111101000111010
1011100001001001111011010100110111010100001001101000100010000010001010
1011001000111001000010110010001000000101101010110111110001000011100010
1011111001100000001101111000010001110000000010000110001010000011111010
1011110110100111100000100010100000000001011111111010110110111111100010
1010111101110010101000110110101110111001010101001011101101010100001010
1011000110100001110011000010010001110011001000001010000111111100101010
1011000101101010101101010101101011101000010000110000011110111001011010
1011010111111101110010011000101000001111011011101011110011111101110010
1010110100001101001110110100000001001101011011100100010000000001000010
1011010000000001000111110000001011100101011000111001101100110111010010
1010101111001110101100110100110111110000001000000000011100100001000010
1010000100110000110010010001001001010011111011011010111010011000101010
1010101100100110101000010111011110110110010000000001010101100000000010
1010000110011101010001000110001011110000001110000010011100000011110010
1010111010001100110111011010010110101001011001000000110010000000000010
1011100111100100111101000001001000101111110111000110010100011011111010
1010011100111000111111011110111111010110111001001010101001001011001010
1011100101101010110111011100000110100010101110111111110011111100111010
1010100101111101111110111001001111110000000000111100101010011011111010
1011000100001001010010001001001100001110111111101101111001010000110010
1010100010010101101101011010010101100000101100000110110100101010100010
1010101011010101010111011010100000111110100110110110110011000001100010
1011011111110100011111000100001111000110010010010000101110110000111010
1011000001101010111101000101100011001100111010111010010110111100101010
1010001100011100111111001101101101001001001000100101100010010000000010
1010001110011100000001000000100111111000100111010110111100111001011010
1011011111111111001101011101100111100010100101000000000000000101001010
1011000110101010100000000000000011011101110110110101111101101011001010
1011110000111000001001111100111101101000001111000110010101001100001010
1010011000000110110001000000011110110110010111110101001110111011010010
1011110011111101111111000101011101101001101100101010110100011000000010
1010100100000111000011000001000111000101101011101100101101010111001010
1011111101000111111101001001111001110001011000010001111001000100111010
1010100010001010010011100010110001011100111010111111110101101101011010
1011111001001011001000111101011101000000100000000100100101010001100010
1011000001111000000110101011110111001101101001111101010001001111011010
1011111010011000011111111110101100110000111000110001000001010000010010
1010000100001001001000000100100011110011011110000100101111111101010010
1010111110100000011111010111111000000000110001000000100100110000010010
1010010011001101001010000000010101100011101110101101111110101001001010
1010100110010110111011011010011111011010000000111010111110000100000010
1011000010001101101101010111001000010110111111110110011101100001110010
1011100011010001011100011010111011001010011010000000100110101010010010
1010000010000000011000100101011010011111100001110110100010101000000010
1011001000011001100010101100100010100011011001110000001010000000000010
