1010110101000101100011001010011111011111001011111001101111110100110010
1011001111111111111101000100000111000011011010110001010111000000111010
1011011101110011110111100001101011100011000101000001010010000110111010
1010000110100000110101010000101111011000101001001000010010011000010010
1011111101010100101011001010000011011011110011111000001000000100011010
1011011111011111001111111110100111010110011011000011000100010111111010
1010010101101111100111110000010011001101011111100111110100000111101010
1010100110011000011110000100000010011101101001001000111100110101111010
1011000001000001111110101011101001001010011110100010111001010101001010
1011111111010110000011110110110101010110111011111010010110110001000010
1010011100000001101110010110000001000000000100010000111000000111001010
1010101010100000000011110111000110011001111100110110010111110001001010
1011010011001111110011010101001011110010011101111010100101011110111010
1011011110001001010000000011010111000011010110101110111000110011110010
1011110001111011000011011101000000001111010011110001011001111000001010
1010101011111000111110100110100010001011101110010001011011111010010010
1011111100100111010110000001111001101010011101010010100101101110101010
1010010000110101101000001101000010000111110001100010000100000110111010
1010100000011010100111100110010010111111011010010001001011111111100010
1010101001000100100101100110010011000001101110011000111011101011100010
1010011001110000111011001010010110011000011110010010000000010100110010
1010110010101100111000111111000101000101110000010000110100001001100010
1011011010111111001101010100100000111110001101010000100100001011110010
1010011110110001101111111010011011010111110110111001110001001001001010
1011110101111110010010011000110011101100000010111001000010010110010010
1011011011111001100110000011100010001110100001011110100110001010100010
1010111001000011010110011011111001000000101110000001110100011111100010
1010111111001100010101110011110011010110010001001011011111100010110010
1010011011001101111010000010010101101101100110111110111111010111010010
1011001011100000001101100010011111100000000110011111100011100110011010
1011001000111000101110110110100001100110001111100001110110000101010010
1011000001001110110010001100011010101011010001010101111001100101100010
1010001110010001101000100110100010001010011000000111111100111111010010
1010100111000000011111011000011100001001010001010100110000110110100010
1010001000011100110100111000000111010111011000110010001010100000001010
1011111010001010010010011010010000111001110100011100111110011110100010
1010000001010110011101001011111111100010100100100101111100110110100010
1011101101101011111111100010000101110111101010000101111011010000110010
1011011011001001101110010010111110110111111000101100110010011110000010
1011001100000010110100011100110101111010010110100100101000011010001010
1010001011001000011011101111001010101110001000010000100100011100000010
1011101101010111110011001110000001010100011000101101111110100101000010
1010010110101010001110100000101100011101110000110010110001001001100010
1010001101101000000110110101000110010001110100011111100110001011011010
1011010101011001100011100111101101111100011011011001110101011001000010
1010110100011101000111011101100110010010001011010101010010001100110010
1010111100111001000111011111011100001000111001011001010110101010001010
1011110100010101100011011001100100101101101001011010101100101011000010
1011111000110111010111110111110100110000000101011000010101010111001010
1010000100100101001011111100110000100110001111101111010110111111011010
1010101101010001111001101010010001101111000001111100110101111100101010
1010111101101000111101010000010001101001100111101000110000010101110010
1011111011010000011101011011011111110001010100000111011110101010011010
1010111101111110000100101110111011101100111010010110111011000001010010
1010111010011001111111011110001011011101101001101101000001011001110010
1011001110011101110000010010111001101001100010100111010011101111000010
1010100110101000111000001011010110011101001110000101011101000110011010
1010000101101001110100100000010010010100101001010111010101000111100010
1010111110000010001010001100100110111110010100100101011100110011010010
1011001100110011010110101000011001001010111100000001010000011010111010
1010110001101000010011100001001110110101010011000010000001101100000010
1010010111110100111000000011000110100000000011100100100000110000001010
1010101110111001001110001110001010000010000100010001010101110001101010
1010000110100000010010111000010111111000111100011000101000000010100010
1011000010100110000001010011000010111011010000000011010101110100101010
1010001110111010100001000001100100011100101001010010100000101111000010
1010000101011110010110001000001101001111100110100100010110100000001010
1011000100000000011100010101100001010001011100101100010101001011010010
1011101011111001000111011110011100000100110001000101110101111111101010
1010111010011000100010011100000100011110011111011101000111110001000010
1010001111011000100010100000010011001011001110000101000111010100100010
1011010101100110111110001110110010101101101010111100000101111001001010
1010001100011001000111010101011101001111011100100100110110010101011010
1011101100000000001011000100001101011111000000000111101111100000100010
1011010001100000011001100001000010111111110101111111000100000111001010
1011110110011101111010100111111000000101000111001110101111000000010010
1010100101111001010010110100111111110011001011001110100000110101001010
1010000110010110101111111110100000101111111001011100101001101000100010
1011010111100011101111101010000111100110010101100111001111101000110010
1010011100110110011011100000000010000111001110001111100100100000010010
1011110110011100001000010010101100100011011010100110111001001000010010
1011110001011101011000100100101101100100010010011110101110110001000010
1011001100000001100010001000000001100001110100000101000000001010101010
1011111000011001110011001111001010110010100111000010001111100000000010
1011110111010010011000111100100111000000111010101110001010010110001010
1011000001111110010100100011111101111110010000011111010110110110011010
1011001110101011110000011000000101110101111001011111011000001101111010
1011111110101011010010101101000001101110100100101010011100111111110010
1010101011101011101000000101011111110001000111111010011111001011011010
1010100010101001100001000101110101011110010101101101011001001111111010
1011000100000100000010001110100010101011111011010111001100110110000010
1010011111110101010100101110100101001000110011111010100110110001011010
1010001111111111001010100110111101010000110000001000011001101100100010
1011100101011101110001001101101100001110000001110101111111000011001010
1011011001101100010111101011010011100011111001111010001110001110101010
1010011110010000110111000001011000101110111111000100010001100101110010
1011001000010011101001001110011000101101110010110101001111100011101010
1010110010011010111000100110000010011100010101101111111111100110100010
1011011001101101011011110000001111110100101000001110011010110011001010
1011001101100011010111100000100000110010101111110000000110100001111010
1011100000001001010011010000001101001011000010100011011110000000010010
1010011111000000111010110101101000100111101100010110000010101011100010
1010010101011000000001111110001001101001100100011000100011001001001010
1011010111111000000110001011001101010000110111011100011011011100000010
1010101101111100111110011101110100001101001100001000001101000001001010
1010001101010101011010111000110010111100010011011101010011110100100010
1011111011011010101100010000010110111001010000011111010010101001100010
1010110111011000101000110001000001010100000011010101001000110011000010
1011000110011011011011001111101110001111010101010111001011010001000010
1010010000111100100000000000100000010001010010101111000110110001010010
1011111100101111111001000011110011110000001011010110100100000001000010
1010110010001010011001100011000011110111101111111101011101110110100010
1011010101011000111101010111010010000101010100010001101000110010101010
1010111011111001010011001011010010000010111000101001111010001111110010
1010010011101011110101100101000111111000111101010010101100110011000010
1010001010111111100101000101001001001110100010110000010010111001001010
1010001100110000101111010010011110111011111000001001010001110010011010
1010001001011010010001110011110101011101101101101011000000111000101010
1011000100001010111100111011001111000110111110100010110000110001000010
1011111110111110000110110001110011010001011000101111110001110100111010
1010100011110101011111110000111110000011100001101001100110110100111010
1010001100111110111000111101000101010110110011001101100011011110100010
1010110011111000010111110010111101100001101101111101001110100101001010
1010010111101100010000101111100001001111110010101101010001001100110010
1010101011000010100000001101010001000111101101100110100010011010010010
1011010110100110000101100101011110011110101100001010011001011101100010
1010000100001000011110010011110100110111110101000000100000100100111010
1011100100010011111111001101000001100101100100001011110111000101010010
