1011111001100000011000100111101110100000000000000000000000000000000010
1011110111011111011001011010001001000000000000000000000000000000000010
1011000011010111010001110111011011000000000000000000000000000000000010
1010111101011110000011101000011001000000000000000000000000000000000010
1011111011011101010010111001111111100000000000000000000000000000000010
1010111011011001111101100000001000100000000000000000000000000000000010
1011010111111001101011010010111100000000000000000000000000000000000010
1011111101010110011011101110010111000000000000000000000000000000000010
1011010101110100101011011101100100100000000000000000000000000000000010
1011101000110101100110110011010100100000000000000000000000000000000010
1011011010001011011101001100011111100000000000000000000000000000000010
1010111111101001111000110100110001000000000000000000000000000000000010
1010011100011111001110001101000111100000000000000000000000000000000010
1011010000001101100101100000101001100000000000000000000000000000000010
1010000001011101010101100100101010000000000000000000000000000000000010
1010111110100001100001010011101010100000000000000000000000000000000010
1011111110111011110000111001011111000000000000000000000000000000000010
1011001100111101000110100000111110100000000000000000000000000000000010
1011000001110010000000000111111110000000000000000000000000000000000010
1010110101001111000110000011000011100000000000000000000000000000000010
1011011011111001011001011011110011000000000000000000000000000000000010
1010110110100101111001000111111001000000000000000000000000000000000010
1010110100010110101001110001110101100000000000000000000000000000000010
1010110100101100001000101000010101100000000000000000000000000000000010
1010010110000111100111100110101000000000000000000000000000000000000010
1011110001111011010000101010100011100000000000000000000000000000000010
1011101100101011101010010010101110100000000000000000000000000000000010
1010011011001110110011011110001100000000000000000000000000000000000010
1010100100101000001010100011010111100000000000000000000000000000000010
1011011101011011010111000110001000000000000000000000000000000000000010
1011010000011101110001011010001000000000000000000000000000000000000010
1011110011110010101011101010011100000000000000000000000000000000000010
1011110101000011000001011111011111100000000000000000000000000000000010
1011110100010100000001100001100000100000000000000000000000000000000010
1010100101100000000010110101011001000000000000000000000000000000000010
1011101011010000101000101011110111100000000000000000000000000000000010
1010011111101001000011010110010110000000000000000000000000000000000010
1010100100010100101001010110001001000000000000000000000000000000000010
1011000000100101100000111110010010100000000000000000000000000000000010
1011001110011111110101000000100111000000000000000000000000000000000010
1011001100111100000001100110010010100000000000000000000000000000000010
1010101100111011100011000010010100000000000000000000000000000000000010
1010010011010110100100110010111000000000000000000000000000000000000010
1010110110001010100000010110001001100000000000000000000000000000000010
1010110100010100010010011001110110100000000000000000000000000000000010
1011111111101011111000110001111000000000000000000000000000000000000010
1011010100110111111111001111010110000000000000000000000000000000000010
1010011011100101001000010100110100000000000000000000000000000000000010
1011010101000010000000010111100011000000000000000000000000000000000010
1011110111010010010001010110100001000000000000000000000000000000000010
1011100111000101000110011011110001100000000000000000000000000000000010
1011101110111010010010000011001001100000000000000000000000000000000010
1011001100010111111100011111010000100000000000000000000000000000000010
1011101101011011010000101110011111000000000000000000000000000000000010
1010100000110100011110111111010100000000000000000000000000000000000010
1011001101101000010111110101011011100000000000000000000000000000000010
1010110110110101100111000000000110000000000000000000000000000000000010
1011010111010011110011101000111110000000000000000000000000000000000010
1010000101011000101010110111111111000000000000000000000000000000000010
1010110100111110000001001110001010000000000000000000000000000000000010
1010010000100010010010011100110010100000000000000000000000000000000010
1011110110110001011011111101110110000000000000000000000000000000000010
1011100000011111111101100001101011000000000000000000000000000000000010
1010010011110001101001010000001001000000000000000000000000000000000010
1011110000001010101010101110100010100000000000000000000000000000000010
1011111011010110000100000100001101000000000000000000000000000000000010
1011110100010001110100111001101111000000000000000000000000000000000010
1011101010000110000110000001010001100000000000000000000000000000000010
1010001100011011011010101010110010100000000000000000000000000000000010
1011100110001110110010000001001011100000000000000000000000000000000010
1010010000001110000111100001111010000000000000000000000000000000000010
1011100011001110001110111101000100100000000000000000000000000000000010
1010000001001010110011111100111010100000000000000000000000000000000010
1010011111110100000010010110101100000000000000000000000000000000000010
1010010110111100001110011011000001000000000000000000000000000000000010
1010010111011001011011011110000101100000000000000000000000000000000010
1011001000110000010011000111001110100000000000000000000000000000000010
1010100001010101000001000011100100000000000000000000000000000000000010
1011100101001000000110110011100010100000000000000000000000000000000010
1011101101110100110101000000001110000000000000000000000000000000000010
1011110011000001100100001001011111100000000000000000000000000000000010
1011011101110101101101011100010110000000000000000000000000000000000010
1010001100101001011011110010111100100000000000000000000000000000000010
1011011001101111101000010001011101100000000000000000000000000000000010
1011010101111011001110101000110110000000000000000000000000000000000010
1010011111100110000000110000111101000000000000000000000000000000000010
1010111111101110100111000101011110000000000000000000000000000000000010
1010101110101101101110000010010111000000000000000000000000000000000010
1010101010111001000000000001101110000000000000000000000000000000000010
1010110101010100111110010011101101100000000000000000000000000000000010
1011000101111110111101000011111010000000000000000000000000000000000010
1011011001010001111011010100101011000000000000000000000000000000000010
1011001111110011100000010111000001100000000000000000000000000000000010
1011100010011111011110000000010100100000000000000000000000000000000010
1011100101100011000010010001000100100000000000000000000000000000000010
1011010101100000110001110000110100100000000000000000000000000000000010
1010010001000000010100101101101111000000000000000000000000000000000010
1011011101111111100011100111010000000000000000000000000000000000000010
1010001000100000101101100010110011000000000000000000000000000000000010
1010111101100010101100101100010101000000000000000000000000000000000010
1011000101111010000000001000111000000000000000000000000000000000000010
1011000010011111011100000011100101100000000000000000000000000000000010
1010111010001101001000111110000111000000000000000000000000000000000010
1011110110110101101011010011101000000000000000000000000000000000000010
1011000100011010011100000110101001000000000000000000000000000000000010
1010111100011000111011100100110101100000000000000000000000000000000010
1010011100011010011111111111001111100000000000000000000000000000000010
1010011111101000001000111100000111100000000000000000000000000000000010
1011000100100101010111010011100111000000000000000000000000000000000010
1011011011101001110111011000010011000000000000000000000000000000000010
1010000000000101011001110000101011100000000000000000000000000000000010
1011011001011010101000010000000110000000000000000000000000000000000010
1011010111101000011000000101111100000000000000000000000000000000000010
1011100001100001101001110110001011100000000000000000000000000000000010
1011100110111000001001111010101100000000000000000000000000000000000010
1011000010111001101101000110110110100000000000000000000000000000000010
1010110010100111100111010010100100100000000000000000000000000000000010
1010010110010101111101100001001101000000000000000000000000000000000010
1011010001100100011010111110011101100000000000000000000000000000000010
1011000011100101000011110111001010000000000000000000000000000000000010
1010011101110010011001100111110101100000000000000000000000000000000010
1010110000111001100011101000110010100000000000000000000000000000000010
1010100100011010101111001100011010000000000000000000000000000000000010
1010111011110000111001110100101100100000000000000000000000000000000010
1011001010110110001111111111101011000000000000000000000000000000000010
1010111001101010000110001101100001100000000000000000000000000000000010
1011110001011001010100001000001001000000000000000000000000000000000010
1011101011010101100100101001100000100000000000000000000000000000000010
1011011010010110100101100011111001000000000000000000000000000000000010
1011101001011110101110101001101101000000000000000000000000000000000010
1010101110000010101011101111101011000000000000000000000000000000000010
1011010001110001011000111100100000000000000000000000000000000000000010
1010101111001000010111110110100100000000000000000000000000000000000010
1010110111111000111011110001010111000000000000000000000000000000000010
1011001001100110110001111000001001100000000000000000000000000000000010
1011001010101011101001100100110100000000000000000000000000000000000010
1011001011000010000001001111000001100000000000000000000000000000000010
1011010011010110101100100001111101000000000000000000000000000000000010
1010110101110011001111110111011010000000000000000000000000000000000010
1011110100010001001101001100011001100000000000000000000000000000000010
1010000010010101110111111010110110100000000000000000000000000000000010
1010000101110010100110010001000010000000000000000000000000000000000010
1011111000010000011010101101101111100000000000000000000000000000000010
1011100000010001011001100110101011100000000000000000000000000000000010
1010110000000100100101101111011011100000000000000000000000000000000010
1011100001101100001101111010000101000000000000000000000000000000000010
1010101001000100010011110000101001100000000000000000000000000000000010
1011100110011000111011011101101010000000000000000000000000000000000010
1010111001000110101010010001110100000000000000000000000000000000000010
1010100100011111010010101101000101100000000000000000000000000000000010
1011011011001101010011000110101101100000000000000000000000000000000010
1010110000111110111101000001011000100000000000000000000000000000000010
1011101010100010000110100001000000000000000000000000000000000000000010
1011111010111101100110001001011101100000000000000000000000000000000010
1010010001111000010101110100100100000000000000000000000000000000000010
1010001001110100110101110000111110000000000000000000000000000000000010
1010101001110001111110100010100111000000000000000000000000000000000010
1011110010101011110100110111111100000000000000000000000000000000000010
1011100100101100100001100001001111100000000000000000000000000000000010
1010101100010111010001010001100001000000000000000000000000000000000010
1010110100010000000000001110110101100000000000000000000000000000000010
1011100100011000100000101110001111000000000000000000000000000000000010
1010001110000000101111101101001110100000000000000000000000000000000010
1011111110000101011100111010111010000000000000000000000000000000000010
1011000010000001100000001011110110000000000000000000000000000000000010
1010100100100001110101101010001010000000000000000000000000000000000010
1011100001010010000010110101011010000000000000000000000000000000000010
1011110100010111000111101001000101100000000000000000000000000000000010
1011101110001010000101101111100000100000000000000000000000000000000010
1010110001111111101100011000100100100000000000000000000000000000000010
1010100000111000100110111111101101100000000000000000000000000000000010
1010011110011101110011001101101111000000000000000000000000000000000010
1011101001100111000111010101110000100000000000000000000000000000000010
1010100101011110101011000101010001100000000000000000000000000000000010
1010000100001100100110010101111101100000000000000000000000000000000010
1010001010001100101101100000101001100000000000000000000000000000000010
1010110000110011000110001101001100100000000000000000000000000000000010
1010110111011001100000001111001101100000000000000000000000000000000010
1010000001100010111100110100110011100000000000000000000000000000000010
1011010100011010110111010110110001100000000000000000000000000000000010
1010101010011000000010011000110011100000000000000000000000000000000010
1010000100010000010111111001100101100000000000000000000000000000000010
1011111101110110011011110101011011000000000000000000000000000000000010
1010101111011111001100000011000101100000000000000000000000000000000010
1011101000000010101010010001101010100000000000000000000000000000000010
1011010011101000100111001000010000100000000000000000000000000000000010
1011010000000000110001101101111111000000000000000000000000000000000010
1011010010000100101010110111110110000000000000000000000000000000000010
1010111111111001101100110101010100000000000000000000000000000000000010
1010100101010100111011011101000010000000000000000000000000000000000010
1010001100001100110100101000110011100000000000000000000000000000000010
1010011111101110011010101111001100100000000000000000000000000000000010
1010000001010010101101000111101001100000000000000000000000000000000010
1011100100001001100100101011001100100000000000000000000000000000000010
1010001110000001011010001101000001100000000000000000000000000000000010
1010000001000000011001011100011010000000000000000000000000000000000010
1010011110101001000100111001111010000000000000000000000000000000000010
1011001110000010000101111100111011000000000000000000000000000000000010
1011011010000000001000000110100001000000000000000000000000000000000010
1010111011001011001001010001010001000000000000000000000000000000000010
1010100101001100110011101001101101100000000000000000000000000000000010
1011011100100111101001001001101000000000000000000000000000000000000010
1011101100010110101101001001101011000000000000000000000000000000000010
1010010110001100110001111110000011100000000000000000000000000000000010
1010101001110001100110100010001101100000000000000000000000000000000010
1010100011001000101001111101010111000000000000000000000000000000000010
1011010001011001101100011100101001100000000000000000000000000000000010
1011100010010011100000110011001111100000000000000000000000000000000010
1011110101010111001101010101100111100000000000000000000000000000000010
1010011111000100101110110110011111100000000000000000000000000000000010
1010100110101011111000001000000101000000000000000000000000000000000010
1011110111000111111000010100000000000000000000000000000000000000000010
1010010010000111111110000101001010000000000000000000000000000000000010
1011010111000010001100110101000101100000000000000000000000000000000010
1010010000000011000101000110101101000000000000000000000000000000000010
1010010011111010010001000011110010100000000000000000000000000000000010
1010100101111101000110001110001001000000000000000000000000000000000010
1011101110010101111001000000000101000000000000000000000000000000000010
1010100111100110000010000011111110000000000000000000000000000000000010
1011010010101100101001101011011111100000000000000000000000000000000010
1011101111011011010101001110110000000000000000000000000000000000000010
1010001011011010101010111111010101100000000000000000000000000000000010
1010110011001101010111111010100011000000000000000000000000000000000010
1011010100011011010001100011001110100000000000000000000000000000000010
1011000001000010101111111001101110100000000000000000000000000000000010
1010011101010110101110110110001001100000000000000000000000000000000010
1011100010010110110110011110110001100000000000000000000000000000000010
1010010100001000111001010000001111100000000000000000000000000000000010
1010111011100011110111010010111111100000000000000000000000000000000010
1011111110100000010100011100011001100000000000000000000000000000000010
1011000110100011101001110100100101100000000000000000000000000000000010
1010100110011010111111100100001010100000000000000000000000000000000010
1010010111010101100110111101001111000000000000000000000000000000000010
1011111010001000010100111111101000000000000000000000000000000000000010
1010011101101111100111101010010011000000000000000000000000000000000010
1011010101011011011101100010110111000000000000000000000000000000000010
1010000100001001110111010100100000000000000000000000000000000000000010
1010011001111111011101100001110100000000000000000000000000000000000010
1010111000111100011111101011011101100000000000000000000000000000000010
1010111110111001111111100110101001000000000000000000000000000000000010
1011001000100110110111101011110110000000000000000000000000000000000010
1010100001011011101000001110000101000000000000000000000000000000000010
1010000101110010000011011010110010000000000000000000000000000000000010
1011000011111011101111001111100101000000000000000000000000000000000010
1011110011101001001111001100001010100000000000000000000000000000000010
1011111011010110111010010001011100000000000000000000000000000000000010
1010110101101000010011100000110100000000000000000000000000000000000010
1011001111110010111110000000111110000000000000000000000000000000000010
1010011100110110100011100010000110100000000000000000000000000000000010
1011010110100111011001111010000000000000000000000000000000000000000010
1011100101111110001110111100100010100000000000000000000000000000000010
1010010001011101100010001111110111000000000000000000000000000000000010
1010011000100011111011111000010100100000000000000000000000000000000010
1010100011111101110000111110101011100000000000000000000000000000000010
1010010100100001110101111011101111100000000000000000000000000000000010
1010111111001110011010010110111101100000000000000000000000000000000010
1010100100101001010001001101111010100000000000000000000000000000000010
1010011111111010110111110000000100000000000000000000000000000000000010
1011111001111010001111101011101010000000000000000000000000000000000010
1011111110110001001011000111110010000000000000000000000000000000000010
1010011101001011001101011110011010000000000000000000000000000000000010
1011101111011111110011101000001010000000000000000000000000000000000010
1010011001101101110001111010010111000000000000000000000000000000000010
1010100110100000001111110101110101000000000000000000000000000000000010
1010001111111110100001100111111110000000000000000000000000000000000010
1011100010001101111000011000110001000000000000000000000000000000000010
1011010011011001011101111010110011000000000000000000000000000000000010
1011111001010000000110110001010111000000000000000000000000000000000010
1010011111110010001001001001011101100000000000000000000000000000000010
1011011111001000011000110000100001000000000000000000000000000000000010
1011110101001101010001010011100111100000000000000000000000000000000010
1011111111100110001010101010100101100000000000000000000000000000000010
1011000101110010100001111101101101000000000000000000000000000000000010
1010011101110100010001110010100000000000000000000000000000000000000010
1011011011110101001011110010100010100000000000000000000000000000000010
1011000000111011100011011000111000100000000000000000000000000000000010
1011101001100011001001111001110011100000000000000000000000000000000010
1010100100001100110111001110110000100000000000000000000000000000000010
1010001001001000110000011110100111100000000000000000000000000000000010
1010111000010111000100001010001000000000000000000000000000000000000010
1011101111011110100000011011100011100000000000000000000000000000000010
1010000110001001111110000101100100000000000000000000000000000000000010
1010110001100000101011111110011000000000000000000000000000000000000010
1010100101110000101100100110000111000000000000000000000000000000000010
1010001110011011111011101100100001100000000000000000000000000000000010
1010000110000001110000110010100110000000000000000000000000000000000010
1011110101011111110001011110011011100000000000000000000000000000000010
1011110111110011101001011000110001100000000000000000000000000000000010
1011100111101110111011111001111101000000000000000000000000000000000010
1011011100010111111011010101101100100000000000000000000000000000000010
1011000000011100110011100001111110000000000000000000000000000000000010
1010010111110001101000000010010001000000000000000000000000000000000010
1011001000001100000001011011010011100000000000000000000000000000000010
1011010011001101100111000110001001100000000000000000000000000000000010
1010000011000010010100010001100111100000000000000000000000000000000010
1011001001111111100001000000000000100000000000000000000000000000000010
1011000100110010001010000101011101100000000000000000000000000000000010
1010101110111010011101100110011101100000000000000000000000000000000010
1010110000000101100001011011111000100000000000000000000000000000000010
1011100100111011001001101110010100000000000000000000000000000000000010
1010110000010101001111011101111000000000000000000000000000000000000010
1011111101110101110010100010001000100000000000000000000000000000000010
1010011001001001101101110000011110000000000000000000000000000000000010
1011100001010101111100010111000111000000000000000000000000000000000010
1011100000010001111111010011111111100000000000000000000000000000000010
1011010110011110110001100001011100100000000000000000000000000000000010
1010001000000100011101101001111100000000000000000000000000000000000010
1011100011101011001110011000011101000000000000000000000000000000000010
1011101111010011000101010110111111000000000000000000000000000000000010
1011000010010111110010011010011001100000000000000000000000000000000010
1010010110111111010110110101110011000000000000000000000000000000000010
1010101001111111101000000010101000100000000000000000000000000000000010
1011011000101010000111110001111010100000000000000000000000000000000010
1010101111110111000000001111011101100000000000000000000000000000000010
1010010011010011001011110001111010100000000000000000000000000000000010
1010111001100011000101111010101010000000000000000000000000000000000010
1010011100111110101001110111010010000000000000000000000000000000000010
1011000001000010111011101010111101100000000000000000000000000000000010
1011000010110010011110110100111001000000000000000000000000000000000010
1011001011001100001110011100011101000000000000000000000000000000000010
1011101101000000011010000110110111000000000000000000000000000000000010
1011011100011010011110010001101101000000000000000000000000000000000010
1011111010000100001110001110011000000000000000000000000000000000000010
1011000000111011110100000010101100100000000000000000000000000000000010
1011110111100100000010010110100101100000000000000000000000000000000010
1010110101011101100010010011010101000000000000000000000000000000000010
1010001111101011000110111101110001000000000000000000000000000000000010
1011101010011111001111010101100101100000000000000000000000000000000010
1011011100100111100010100000010000100000000000000000000000000000000010
1011000100010011000110001101010100100000000000000000000000000000000010
1010010111111101001000010110111101100000000000000000000000000000000010
1011110101101111011101010011000011000000000000000000000000000000000010
1011000100100000010101100111010100100000000000000000000000000000000010
1010100011001010011001101101001100100000000000000000000000000000000010
1010001001101101111110101100101101100000000000000000000000000000000010
1010000011011001111011010001100101000000000000000000000000000000000010
1011100101000000000100000011110000000000000000000000000000000000000010
1010111010000110011100001101011111100000000000000000000000000000000010
1010000000111001010110111111011100000000000000000000000000000000000010
1010100011000010111000101011011000000000000000000000000000000000000010
1011010110001001000111011000110010100000000000000000000000000000000010
1010111110111111010010001001110001000000000000000000000000000000000010
1011111001100001001100110001111100000000000000000000000000000000000010
1011011000100111111010010111000001100000000000000000000000000000000010
1010100101100110010111111000010101000000000000000000000000000000000010
1010000010010110001111000110010011000000000000000000000000000000000010
1010100010011000001001000111011111000000000000000000000000000000000010
1011100110011110010000000101010001000000000000000000000000000000000010
1011101100000000010000100100100110000000000000000000000000000000000010
1010101110000100011001101011100010100000000000000000000000000000000010
1010111000101000011010011100110111000000000000000000000000000000000010
1010101010101111111011010100000100100000000000000000000000000000000010
1011110000100111011110110001100110000000000000000000000000000000000010
1010000111111101010011001001000101100000000000000000000000000000000010
1011100110011001011101000001101111000000000000000000000000000000000010
1010101000110000011011001011101000000000000000000000000000000000000010
1011011010011101010111111011110010100000000000000000000000000000000010
1011010110101000010110111000001111100000000000000000000000000000000010
1010001110110100101000101101111111100000000000000000000000000000000010
1011000001101010101000011000100101100000000000000000000000000000000010
1010110100100111001101010101001110100000000000000000000000000000000010
1011110000101111101100010101101011000000000000000000000000000000000010
1011100001000000110001110101110111000000000000000000000000000000000010
1011001110010110101100000100111010000000000000000000000000000000000010
1011101000010000000100111011000100100000000000000000000000000000000010
1011110110100111101010101010011011000000000000000000000000000000000010
1011111101100000001000110100101000000000000000000000000000000000000010
1011100010001100111101011101011010000000000000000000000000000000000010
1011010101010000011011111000101010100000000000000000000000000000000010
1011000000111110101001000001101010100000000000000000000000000000000010
1011101001011110011000001011001101000000000000000000000000000000000010
1010000101001111011100101001001001100000000000000000000000000000000010
1011010001010110101001001000100110100000000000000000000000000000000010
1011110100111100000111010000111100000000000000000000000000000000000010
1010110001000111111100110101101011100000000000000000000000000000000010
1011111001010100000000001110000110100000000000000000000000000000000010
1010111001000111001001011100110110000000000000000000000000000000000010
1010010111100100101101011010111011000000000000000000000000000000000010
1011101111001001100011100110010001000000000000000000000000000000000010
1011010100010101101011011010011010000000000000000000000000000000000010
1011011100001110000010111111001110100000000000000000000000000000000010
1010110101111100111011011001001101000000000000000000000000000000000010
1010101101100010001000000011001010000000000000000000000000000000000010
1010011101001100011011000000011010000000000000000000000000000000000010
1010111011110101001011001010101111000000000000000000000000000000000010
1011111001011010011110100010001110100000000000000000000000000000000010
1011011100000010100101111111011011100000000000000000000000000000000010
1011001111001111010001011101100001100000000000000000000000000000000010
1011011001000010001111011111010111100000000000000000000000000000000010
1010011011001010101100010100111110100000000000000000000000000000000010
1010010101100010110101011110101010000000000000000000000000000000000010
1011111001101001010000000111111100000000000000000000000000000000000010
1010110011010101011000110100100100100000000000000000000000000000000010
1011010101111000001010011000000110100000000000000000000000000000000010
1011101100110001001011101100111110000000000000000000000000000000000010
1010000010101011000001111010001101000000000000000000000000000000000010
1010011011010110000011111101111111000000000000000000000000000000000010
1010000111111011111000111001101010100000000000000000000000000000000010
1010001001011101111111110000010101100000000000000000000000000000000010
1010100110000000110010010100000110000000000000000000000000000000000010
1010111110000001001000101001000101100000000000000000000000000000000010
1010111110010100110100010011000000100000000000000000000000000000000010
1011000010010111000101001111101110100000000000000000000000000000000010
1011101011001111011110101101110110000000000000000000000000000000000010
1010000100100000000001110000001100100000000000000000000000000000000010
1010001011010011101100001000001000000000000000000000000000000000000010
1010010111001011101111110101010001100000000000000000000000000000000010
1010011000001001011011000111100100000000000000000000000000000000000010
1011010010101000000001100010100111000000000000000000000000000000000010
1010010010111100011010100001000010000000000000000000000000000000000010
1011011100010101101000000011010100000000000000000000000000000000000010
1010010110111011000111111010001101000000000000000000000000000000000010
1011110011100101111110010110100100100000000000000000000000000000000010
1010100111010011011101111000111011000000000000000000000000000000000010
1010101001101010100111100011011100100000000000000000000000000000000010
1010001100010000101000011110000100000000000000000000000000000000000010
1011001110100011101010111101100011100000000000000000000000000000000010
1011110100010100110001000010101001000000000000000000000000000000000010
1010010001001001011111010000101001100000000000000000000000000000000010
1010010001101010010100111010010101100000000000000000000000000000000010
1010010101010101110100110000001001100000000000000000000000000000000010
1010001111111011100011101011100000100000000000000000000000000000000010
1010010110010011010011100011111000000000000000000000000000000000000010
1011111100110110010110001111110100000000000000000000000000000000000010
1010011001011000110111000011001011100000000000000000000000000000000010
1010010011010010110111101011010110000000000000000000000000000000000010
1011000100010001010001110110100000100000000000000000000000000000000010
1010000111000111011100110100110110000000000000000000000000000000000010
1010010001101110110010001010000100100000000000000000000000000000000010
1010011111000111011011001001101010000000000000000000000000000000000010
1010000001101111001110101110110001100000000000000000000000000000000010
1011110101011101100010110010011011100000000000000000000000000000000010
1010011100110111100000011001111111000000000000000000000000000000000010
1010101100000111110100100111010110000000000000000000000000000000000010
1010101110100001001110011011110110100000000000000000000000000000000010
1010111010111111110001100000100000000000000000000000000000000000000010
1011010000010101000111011000110101000000000000000000000000000000000010
1010100110110110111110100011000110000000000000000000000000000000000010
1010011100111010000011100011101101100000000000000000000000000000000010
1011010000100110000111011100100000000000000000000000000000000000000010
1011101001001001001001010010110100100000000000000000000000000000000010
1011010000001101110011010100010000100000000000000000000000000000000010
1010001010111101101111110110111010100000000000000000000000000000000010
1010101100010101001010101110110010000000000000000000000000000000000010
1010110110111100100100000000001000100000000000000000000000000000000010
1011010111010101100001110101001110100000000000000000000000000000000010
1011110011100100111010111100001001000000000000000000000000000000000010
1010010001010001011100000011011100000000000000000000000000000000000010
1011011010100100011001101101001111000000000000000000000000000000000010
1010010010001001111111011111000101000000000000000000000000000000000010
1010100001001101000101111011011111000000000000000000000000000000000010
1010010111011001100001000000101100000000000000000000000000000000000010
1011011011110001111110101100000110000000000000000000000000000000000010
1010001001110010100111000011011000100000000000000000000000000000000010
1010010001100110001111101000110110000000000000000000000000000000000010
1011001101110111110110000101001001000000000000000000000000000000000010
1011111010011101000000101111100111100000000000000000000000000000000010
1011010110010000000000110101101100000000000000000000000000000000000010
1010001000110001110101110101101111100000000000000000000000000000000010
1010111111110110101011100101001011000000000000000000000000000000000010
1011001010111001000111110111110110100000000000000000000000000000000010
1010010101110100100111101010111100100000000000000000000000000000000010
1011011100100000100010100011100000000000000000000000000000000000000010
1011010110111011110100100101110000100000000000000000000000000000000010
1010001011100100001100101101001100100000000000000000000000000000000010
1011100010001001001100010011010100100000000000000000000000000000000010
1011001000110011110001011111110111000000000000000000000000000000000010
1011111101010101111010000010000111000000000000000000000000000000000010
1010000111111110100111101001110101000000000000000000000000000000000010
1011110001111011100000000001010001000000000000000000000000000000000010
1010110111110110000010001010111101100000000000000000000000000000000010
1011100011101011011001011100101111000000000000000000000000000000000010
1011101011001100000100111100101111100000000000000000000000000000000010
1010001010011011111001011001110100100000000000000000000000000000000010
1010101100000101100101100000000100000000000000000000000000000000000010
1010100011110011001011000111001000100000000000000000000000000000000010
1011010011101100110001101010111000100000000000000000000000000000000010
1010101100101000111011001100010111000000000000000000000000000000000010
1011110011100000110001101011111011100000000000000000000000000000000010
1010111001100111111001111100010011000000000000000000000000000000000010
1010010001110101010100111111000111000000000000000000000000000000000010
1010011010101001011001110111000011000000000000000000000000000000000010
1010111100001011110101011000111110100000000000000000000000000000000010
1011110110110101111111100101000001000000000000000000000000000000000010
1011110101111110010001101110101101000000000000000000000000000000000010
1011110110011001011100001110100000100000000000000000000000000000000010
1010011111000100011101100111111101000000000000000000000000000000000010
1010100110011111110100110011100000100000000000000000000000000000000010
1010110001101100100001111011011100100000000000000000000000000000000010
1011100001000101001110000110100100000000000000000000000000000000000010
1011101101111010000111001011011110000000000000000000000000000000000010
1010100101110101001111110011101000000000000000000000000000000000000010
1011100001100101011111101010010000000000000000000000000000000000000010
1010100111111011011010010111010011100000000000000000000000000000000010
1011100100001110110001000001011110000000000000000000000000000000000010
1011111111011111001010110110010010000000000000000000000000000000000010
1011001001101000011100001000111111000000000000000000000000000000000010
1011111100110001101001110111100010000000000000000000000000000000000010
1011011010011001101111110001001101100000000000000000000000000000000010
1010111010101110010101100101000000000000000000000000000000000000000010
1010000010001100010110000001011110100000000000000000000000000000000010
1010110001011000101111100101100010100000000000000000000000000000000010
1010111001101000100111010001011001000000000000000000000000000000000010
1010010111000111010111110110111000100000000000000000000000000000000010
1010111000111000000110011001011110100000000000000000000000000000000010
1010110110011010011001110110010010000000000000000000000000000000000010
1011100000011000001111110111010101000000000000000000000000000000000010
1011010111110011010010101011001010100000000000000000000000000000000010
1011111111011101101010110110110010000000000000000000000000000000000010
1010011001110011011000011001011001100000000000000000000000000000000010
1010010010100101000010110001001101000000000000000000000000000000000010
1010000111010110111001110110000111100000000000000000000000000000000010
1010101101101000001010111001111000000000000000000000000000000000000010
1011001000100001001000000111000110000000000000000000000000000000000010
1011010100101100111001101011101000100000000000000000000000000000000010
1010010110001101111111111100011000100000000000000000000000000000000010
1010101110101101101101101111111111000000000000000000000000000000000010
1011101001010100001111000110010110000000000000000000000000000000000010
1011001101100010101111100101011111000000000000000000000000000000000010
1010110100100100101101110101101010000000000000000000000000000000000010
1010011001000110000010100101001000100000000000000000000000000000000010
1011111110100100110011010111011111100000000000000000000000000000000010
1011110101100011000001000000000111100000000000000000000000000000000010
1010110101111001001110111001000101100000000000000000000000000000000010
1010001000000000100011110100111010000000000000000000000000000000000010
1010011110010100010000010100010110100000000000000000000000000000000010
1010110110110111000000011000111101000000000000000000000000000000000010
1011010101111111011000010110001000000000000000000000000000000000000010
1010010001111100101111111001111111100000000000000000000000000000000010
1011100101010111100110001010111100100000000000000000000000000000000010
1010010011001111010110100011001110000000000000000000000000000000000010
1010110011011100111001110100011110100000000000000000000000000000000010
1010111111101100011111111111011111100000000000000000000000000000000010
1010101011010101111101110100110101100000000000000000000000000000000010
1010010111111000101111101001001100100000000000000000000000000000000010
1011011010101110001110010000101000100000000000000000000000000000000010
1010001111000001001001011101100000100000000000000000000000000000000010
1011110100011100010010101010001010100000000000000000000000000000000010
1010010011001100100000101100110000100000000000000000000000000000000010
1011111111101001000110000100001101000000000000000000000000000000000010
1010010010000101001111110110100010000000000000000000000000000000000010
1011010110101110011110010100101110100000000000000000000000000000000010
1010101000000010101100011010011111100000000000000000000000000000000010
1011011111100101101011000101110101100000000000000000000000000000000010
1010000010010010001011101001111111100000000000000000000000000000000010
1010010011101101101100001110011000100000000000000000000000000000000010
1010011000110110101000111100010100000000000000000000000000000000000010
1011111010000000000100101001011101100000000000000000000000000000000010
1011111110101000000011110100101010100000000000000000000000000000000010
1010001100100101111001110101111111100000000000000000000000000000000010
1011111010011101001010101110101100000000000000000000000000000000000010
1011011010101111111110100000111110100000000000000000000000000000000010
1010101000110001000010100010001101100000000000000000000000000000000010
1011001100000000011100001010000001100000000000000000000000000000000010
1011100010000011000011011100011011100000000000000000000000000000000010
1011100110100100010100100100010100000000000000000000000000000000000010
1010111010101111000110111101010110000000000000000000000000000000000010
1010101101001100110000111100010100000000000000000000000000000000000010
1010110010000101011010000010011110100000000000000000000000000000000010
1011001111000011111110000101000000100000000000000000000000000000000010
1010101000010110001101010000111101100000000000000000000000000000000010
1010001011010111111011001010110001000000000000000000000000000000000010
1010101000101101111001010001101001000000000000000000000000000000000010
1011010000001101001110001010000111100000000000000000000000000000000010
1010001001000010011010111101001011100000000000000000000000000000000010
1011010010010101011001100111101110100000000000000000000000000000000010
1010001011111001001000100010110100100000000000000000000000000000000010
1011000110110011111010001011010100000000000000000000000000000000000010
1011111110111000010011000111001100000000000000000000000000000000000010
1011110110110110001001000010001010100000000000000000000000000000000010
1011000101000000011011010011001011100000000000000000000000000000000010
1011011110010110111010010110011100000000000000000000000000000000000010
1010000001010101000010000101001110100000000000000000000000000000000010
1011111011001100110000010000110000100000000000000000000000000000000010
1010111001100001000110100101101101100000000000000000000000000000000010
1010001010010100101010110111101010100000000000000000000000000000000010
1011000010011110100110101111011000100000000000000000000000000000000010
1010101001010101101100000100010101000000000000000000000000000000000010
1011100001001001100001001010001101000000000000000000000000000000000010
1011100101101101010100000011001100100000000000000000000000000000000010
1011000010100010000011100011101101100000000000000000000000000000000010
1011111011000010001000100110110010000000000000000000000000000000000010
1010100110011101000010101101110000100000000000000000000000000000000010
1010011111110001011101000000101001100000000000000000000000000000000010
1011000001111011011010011110001110000000000000000000000000000000000010
1011111001000011001011011010100010000000000000000000000000000000000010
1011001111000100101010010100101100000000000000000000000000000000000010
1010001010001100111110010010000100000000000000000000000000000000000010
1010000100010011010100111011010010100000000000000000000000000000000010
1011101110011000110101000101100100100000000000000000000000000000000010
1011111001101011110110001011111000000000000000000000000000000000000010
1011011101110100111001001100101111000000000000000000000000000000000010
1011011001101011110011001010111100100000000000000000000000000000000010
1011110001011000011010010100100111000000000000000000000000000000000010
1010010001100100000100010010010000000000000000000000000000000000000010
1011111110010100111001100110001111000000000000000000000000000000000010
1011011000010110011100101000110111100000000000000000000000000000000010
1011001110001010111000001100011010000000000000000000000000000000000010
1011000111100100010010111101011011100000000000000000000000000000000010
1010000111111100010101101000100001100000000000000000000000000000000010
1010011011000111011101110111111111000000000000000000000000000000000010
1010011110011011010011001100010000000000000000000000000000000000000010
1011111101000001110001000001011001000000000000000000000000000000000010
1011000111101010101011010010010011000000000000000000000000000000000010
1011000010110110001001101110100000000000000000000000000000000000000010
1011110011010100111100011010010000100000000000000000000000000000000010
1011111010010100011000101111000010000000000000000000000000000000000010
1011111011110011111001001100001110000000000000000000000000000000000010
1011001010010000001110100000101111000000000000000000000000000000000010
1011111110011000111000001101011001000000000000000000000000000000000010
1011001111111011101100011101110011000000000000000000000000000000000010
1011010100000110000110100000000111000000000000000000000000000000000010
1010001100001001101100110001000111100000000000000000000000000000000010
1011011110011101001000111111001111000000000000000000000000000000000010
1010000110011101001010000010110110000000000000000000000000000000000010
1010111010100001010000100101110000100000000000000000000000000000000010
1011100010101011000100110110100000100000000000000000000000000000000010
1010001010111011110111010100100101100000000000000000000000000000000010
1011011000110000111111010011101110000000000000000000000000000000000010
1011101011110111010111010001110001000000000000000000000000000000000010
1011001001111111011100001010001101000000000000000000000000000000000010
1011001011011011010010001011101011000000000000000000000000000000000010
1010010101000100111101101010001111100000000000000000000000000000000010
1010001011011110111000111011011010000000000000000000000000000000000010
1010010110010100001001011000101111100000000000000000000000000000000010
1011100100001001001111010101001011000000000000000000000000000000000010
1010000000100101100111010011100010000000000000000000000000000000000010
1010110110001110101011110010101001000000000000000000000000000000000010
1010000011001010000111001110010110100000000000000000000000000000000010
1010000000010000000001101100110111000000000000000000000000000000000010
1011010101101001001101010111111011100000000000000000000000000000000010
1011111110010011011000100100011110000000000000000000000000000000000010
1010100110100001100100001100100011000000000000000000000000000000000010
1011010111110110000100100001001100100000000000000000000000000000000010
1011001000010110001101110100100011100000000000000000000000000000000010
1011101011101100010110000001001111000000000000000000000000000000000010
1011100101001001101010111001101101000000000000000000000000000000000010
1011001011111000101010001000101110000000000000000000000000000000000010
1010100100100111100011100110010101100000000000000000000000000000000010
1011110100111100111000101010100100000000000000000000000000000000000010
1011111110010000100011100010101110100000000000000000000000000000000010
1010111001010010010100011101001101000000000000000000000000000000000010
1010110000001111111010011111010100000000000000000000000000000000000010
1011110010101111100000000011010110000000000000000000000000000000000010
1011001010111010000111101111101001100000000000000000000000000000000010
1010101110011010000111100101000000000000000000000000000000000000000010
1011000010101010100110000101011110000000000000000000000000000000000010
1010101101110010011001100010101101000000000000000000000000000000000010
1010101100000101000001100000100011100000000000000000000000000000000010
1010100011111101000000011111010101100000000000000000000000000000000010
1010110000000111101001111000101000000000000000000000000000000000000010
1011000010111001101011001110011000000000000000000000000000000000000010
1011101110100000010101110110010000100000000000000000000000000000000010
1011101001011011100110010101001010100000000000000000000000000000000010
1010001001000000111010111100100111100000000000000000000000000000000010
1010110111111101111110001010001100000000000000000000000000000000000010
1011000110100110001101110110111111000000000000000000000000000000000010
1011111000010011010100001000000101000000000000000000000000000000000010
1011000001001100001010100010100000100000000000000000000000000000000010
1010011101000011110101010001110110000000000000000000000000000000000010
1011000100011111010111111100001011000000000000000000000000000000000010
1010101010011001111100111111000110100000000000000000000000000000000010
1011100011100111110111000100101110000000000000000000000000000000000010
1010010111001110101011010001100110100000000000000000000000000000000010
1010111010010111011000110111010001000000000000000000000000000000000010
1011011010110011010100010000100011000000000000000000000000000000000010
1011110000011001110111100001001111000000000000000000000000000000000010
1010010111101001000010101110001011000000000000000000000000000000000010
1010101001100010000111011011100000100000000000000000000000000000000010
1011110111100111001100111101000100100000000000000000000000000000000010
1010010010010101011010000110000001100000000000000000000000000000000010
1010100001110110010011000000010011100000000000000000000000000000000010
1011000011001000110011010111111011000000000000000000000000000000000010
1011011110011111110001010011000110100000000000000000000000000000000010
1011100101111101111100100101001100100000000000000000000000000000000010
1011011101101011000011100011000110000000000000000000000000000000000010
1010010001001111010011111101000001100000000000000000000000000000000010
1010110110111110110110101110011000100000000000000000000000000000000010
1010001100110110010010110111101011000000000000000000000000000000000010
1010010100011001100001000011100000100000000000000000000000000000000010
1010110110001011000111001011101011100000000000000000000000000000000010
1010111101111011010101000001101010100000000000000000000000000000000010
1011111001010101011110111111001001000000000000000000000000000000000010
1010000011101000110100000001001011000000000000000000000000000000000010
1011110000001010010101111111011111000000000000000000000000000000000010
1010111110101111001101101111011111000000000000000000000000000000000010
1010101100010001000111110111110010100000000000000000000000000000000010
1010111011110111001111100010111100100000000000000000000000000000000010
1010011110000001010011001000110110000000000000000000000000000000000010
1010011111000011111101111110110011100000000000000000000000000000000010
1010010000110101111110000000001111100000000000000000000000000000000010
1011110011100000100110100101111111100000000000000000000000000000000010
1011101011011001000000100101001011100000000000000000000000000000000010
1011011101111001010100000101010110100000000000000000000000000000000010
1011101111101000100111110100110001000000000000000000000000000000000010
1010110001001001011101000001110000100000000000000000000000000000000010
1011001010001100100000000100010100000000000000000000000000000000000010
1010011010010111110111101011001010000000000000000000000000000000000010
1010000001100111000101111010010101100000000000000000000000000000000010
1010101100101101110000100110001101000000000000000000000000000000000010
1010101010111001101111110111110000000000000000000000000000000000000010
1011111110101110111001000100000110100000000000000000000000000000000010
1010110001010000110011100000101010100000000000000000000000000000000010
1010011001010100101010111001001011100000000000000000000000000000000010
1010010101000110010000110010001010000000000000000000000000000000000010
1011010100000111010010110100101100000000000000000000000000000000000010
1010011001101011001101010011100011000000000000000000000000000000000010
1010111001100110011111000010101110000000000000000000000000000000000010
1010001010001111010110010101100101000000000000000000000000000000000010
1011001000100101110110000110000111000000000000000000000000000000000010
1010000101110010011001110111010111000000000000000000000000000000000010
1011101011000010000100011001100000100000000000000000000000000000000010
1010101011010101100110100111011101100000000000000000000000000000000010
1010001011010010001000101101100001100000000000000000000000000000000010
1011000111100110111101100000110100100000000000000000000000000000000010
1011111111110010100010100010100010100000000000000000000000000000000010
1011011100001101100100110110001000100000000000000000000000000000000010
1011100011011110001100110000110101000000000000000000000000000000000010
1011011111010100111011101101011000000000000000000000000000000000000010
1011011000011011100111001111000001100000000000000000000000000000000010
1010100100010101100010010100001001000000000000000000000000000000000010
1010111001110100001110101110001001100000000000000000000000000000000010
1011101100000100011101011000110100000000000000000000000000000000000010
1011111101010011001110000010101010100000000000000000000000000000000010
1010010110010010111010000001001000100000000000000000000000000000000010
1011000000100011110000000001000111000000000000000000000000000000000010
1011000110110000011011111110000100000000000000000000000000000000000010
1011011111101101011000001001111000000000000000000000000000000000000010
1011110001111110000110010111001111100000000000000000000000000000000010
1011001100101010011001000000110010000000000000000000000000000000000010
1010111101000010110011100110100111100000000000000000000000000000000010
1010011010111101110010001100101101100000000000000000000000000000000010
1011101110101111000100101011011110100000000000000000000000000000000010
1011110110001110110011111001010000100000000000000000000000000000000010
1011110011011010110100011100111010100000000000000000000000000000000010
1011000001101001010101010011111011000000000000000000000000000000000010
1011000100110101100000100010001010000000000000000000000000000000000010
1011111101110110110100101001101101100000000000000000000000000000000010
1011001100100001100110011101100010000000000000000000000000000000000010
1011000011010110001101110110101001100000000000000000000000000000000010
1011000100100110101101010011100111100000000000000000000000000000000010
1011110011101000111011110001111100100000000000000000000000000000000010
1010010000110001011011010000110001000000000000000000000000000000000010
1010110111000111001111010000011100000000000000000000000000000000000010
1010000001110100000001110000011110000000000000000000000000000000000010
1011010010011100101001111000110010000000000000000000000000000000000010
1010111101001001111110111001010010100000000000000000000000000000000010
1010010010110101110100101101110100000000000000000000000000000000000010
1011110111001010010111001111010010000000000000000000000000000000000010
1011110011000001110100011011000101100000000000000000000000000000000010
1011110001100110001111110111111110000000000000000000000000000000000010
1011011111101011111101100100100010100000000000000000000000000000000010
1011011001010111100111010100011010100000000000000000000000000000000010
1010001001111100111101011000000001000000000000000000000000000000000010
1010010111110001000110111110111010100000000000000000000000000000000010
1011010110110001011000110010110111000000000000000000000000000000000010
1010101000101111001111011000010111100000000000000000000000000000000010
1010111111001101101100000000111100100000000000000000000000000000000010
1010010011110100010000111001110111000000000000000000000000000000000010
1011100011001101011110110110000001000000000000000000000000000000000010
1011000011110011000010110101011100000000000000000000000000000000000010
1011011011001111110011100010100111000000000000000000000000000000000010
1010100010001110100010111111010010100000000000000000000000000000000010
1011111101100110010100011000100101000000000000000000000000000000000010
1010111110101000000110001111101000100000000000000000000000000000000010
1010110100000000101011110011000110000000000000000000000000000000000010
1011101001000000010111011001100100100000000000000000000000000000000010
1011001011100111100010001111111100000000000000000000000000000000000010
1011110110010110000110001100111110000000000000000000000000000000000010
1010100110111100010001110001100000000000000000000000000000000000000010
1010100110011010110100101011011010100000000000000000000000000000000010
1010011111111011111010000010011111100000000000000000000000000000000010
1010100010011011011111010101100100100000000000000000000000000000000010
1010010011100110101110000111111101000000000000000000000000000000000010
1010110011010011110000101100011000100000000000000000000000000000000010
1011000000001110101010000011110011000000000000000000000000000000000010
1010001011110100010011110101111111000000000000000000000000000000000010
1011111101001100001010100011110011100000000000000000000000000000000010
1011101010000100000010011111001111100000000000000000000000000000000010
1010011000011111101101000100100100100000000000000000000000000000000010
1011011001101110011001111001101100100000000000000000000000000000000010
1011001010111001110000100110110110000000000000000000000000000000000010
1011001011010011110010011011110111000000000000000000000000000000000010
1010011000110111101010010101110111000000000000000000000000000000000010
1011101100101001110011011110111001000000000000000000000000000000000010
1010000100010101111011011010101010000000000000000000000000000000000010
1011111001101100101111000001010001000000000000000000000000000000000010
1010111111000011001001100100010011100000000000000000000000000000000010
1010100001001001111101000110110111000000000000000000000000000000000010
1010010101010101001100000110001110000000000000000000000000000000000010
1010101001111110011001100001000111100000000000000000000000000000000010
1010000011001001010111000011001010100000000000000000000000000000000010
1011111011110000000101001000010010000000000000000000000000000000000010
1010100100110101110010000011110000000000000000000000000000000000000010
1011101100101110100000000011011101000000000000000000000000000000000010
1011001101010100101010110000000101100000000000000000000000000000000010
1011110111110011100111001011000000100000000000000000000000000000000010
1011101110101001100111001000100101100000000000000000000000000000000010
1010010100110000001000101110011000000000000000000000000000000000000010
1011011011001100000011011100001011100000000000000000000000000000000010
1010101010010111111010111001001001000000000000000000000000000000000010
1011010000111111001100101100001110000000000000000000000000000000000010
1011110011001111000111000111111101100000000000000000000000000000000010
1011001011101001100110000000110011000000000000000000000000000000000010
1010010111011000100101111111101011000000000000000000000000000000000010
1011000011010111110110111101111100000000000000000000000000000000000010
1011011111000010000100111011101000100000000000000000000000000000000010
1010011000000011111000000000000011100000000000000000000000000000000010
1010011110110111111111100000111010000000000000000000000000000000000010
1010111110101001010010100100011001000000000000000000000000000000000010
1011101001011010101010000110100011100000000000000000000000000000000010
1010111101010100000010000001101001100000000000000000000000000000000010
1011011111001100011101000101001010100000000000000000000000000000000010
1010010010110111100010011100000100000000000000000000000000000000000010
1010001000000100110011100011011010000000000000000000000000000000000010
1010010011101001100011100101011110100000000000000000000000000000000010
1011011100001100111100110001010101100000000000000000000000000000000010
1010000001101001001110110111100011000000000000000000000000000000000010
1011011010001110001010000100011011100000000000000000000000000000000010
1010100111101000000010111101111011000000000000000000000000000000000010
1010010101011000110100111010000101000000000000000000000000000000000010
1011000101111101001100010000000101100000000000000000000000000000000010
1010010010001100000111111111001110100000000000000000000000000000000010
1011111001010001101100100110001010000000000000000000000000000000000010
1010000101111101101101011111011111000000000000000000000000000000000010
1010110011111011111010011011000000000000000000000000000000000000000010
1011001101001110101111111101010001000000000000000000000000000000000010
1010101111010011111111000110100001000000000000000000000000000000000010
1011101101010011101000111111100010000000000000000000000000000000000010
1011111011111111101101111100110001100000000000000000000000000000000010
1010101000010100100011100101101000000000000000000000000000000000000010
1010100111101000010100111011001011100000000000000000000000000000000010
1010000000010110010110111010011111100000000000000000000000000000000010
1010110100001010000110011101010000100000000000000000000000000000000010
1011000000101110000000100000111101000000000000000000000000000000000010
1011111011001100001110110011010010100000000000000000000000000000000010
1011001011011001000011111111101101000000000000000000000000000000000010
1010111110110010101001010100101100100000000000000000000000000000000010
1011000100100011001001110101100101000000000000000000000000000000000010
1011010010111011101110010111001100000000000000000000000000000000000010
1011000001101000110111111101101010000000000000000000000000000000000010
1011111101010001101011011001001101100000000000000000000000000000000010
1010010000011111001111011001111101100000000000000000000000000000000010
1011011010001000101111000101011001100000000000000000000000000000000010
1011001100111001101011000001101010100000000000000000000000000000000010
1010000101000011101000001100000101100000000000000000000000000000000010
1011011001101110011111100011011111100000000000000000000000000000000010
1011101010101110111001100001010101000000000000000000000000000000000010
1010000100110010000110100111101110100000000000000000000000000000000010
1010101110001100111100001100010010100000000000000000000000000000000010
1010011110001001001000011000011000000000000000000000000000000000000010
1011110110001111101101100100000011100000000000000000000000000000000010
1010000010111101010111101100101111100000000000000000000000000000000010
1011011010101010101010111110011100000000000000000000000000000000000010
1011000110010111111110001111001100100000000000000000000000000000000010
1011110010001000110100001101101111000000000000000000000000000000000010
1011100111001000111000110000110110100000000000000000000000000000000010
1010110010110011110110000101000000100000000000000000000000000000000010
1010100101010010110101011000101101000000000000000000000000000000000010
1011010101101010000101110001110111100000000000000000000000000000000010
1010100111100100100011111001011000100000000000000000000000000000000010
1010010011010010011111100011011110000000000000000000000000000000000010
1011000111000000010100001001010101000000000000000000000000000000000010
1010110000011011110010000110010110000000000000000000000000000000000010
1010100110110010100011100000101101100000000000000000000000000000000010
1010001100000110110011111101101101000000000000000000000000000000000010
1011101010001110010110100101010011100000000000000000000000000000000010
1011011111011000000110011100000010100000000000000000000000000000000010
1010111010110101010111100011001011100000000000000000000000000000000010
1010100010100001011010011100001001100000000000000000000000000000000010
1011100010111001010001101110111110000000000000000000000000000000000010
1010001011101110110100100001100010000000000000000000000000000000000010
1010011111000110000000010011011010000000000000000000000000000000000010
1011100101110001011110010100001011000000000000000000000000000000000010
1010101011111000000101010101100111000000000000000000000000000000000010
1011111110001101110111100001010011000000000000000000000000000000000010
1010101010100000000001011001100111000000000000000000000000000000000010
1011110111000100010100010000001111100000000000000000000000000000000010
1010100000001100000111011011100110000000000000000000000000000000000010
1011111011011101100110011010110110100000000000000000000000000000000010
1010111100011000000100110100011110100000000000000000000000000000000010
1011010010010011111101100000101101000000000000000000000000000000000010
1011001011010101111100100010000111000000000000000000000000000000000010
1010001111110001111101011101011101100000000000000000000000000000000010
1011001001101000010101100100001010100000000000000000000000000000000010
1010111001101001110001100101000010100000000000000000000000000000000010
1010000011011011100100100000000110100000000000000000000000000000000010
1011001000101010001100010101011110100000000000000000000000000000000010
1011111001000101001010101110111000100000000000000000000000000000000010
1010110101000101100000010010001001000000000000000000000000000000000010
1010011000011011010101010111110011100000000000000000000000000000000010
1011000000101000011010111100001000100000000000000000000000000000000010
1010110010111000011110110001100111100000000000000000000000000000000010
1010001100001111000100100110110100100000000000000000000000000000000010
1010110110000100010110111010100111000000000000000000000000000000000010
1011111010010001011010110101000110000000000000000000000000000000000010
1011010111000001001101010110011010100000000000000000000000000000000010
1011101011000001110101110010011110000000000000000000000000000000000010
1010011011011100100100010001100111000000000000000000000000000000000010
1010111101110011010010101001011101000000000000000000000000000000000010
1010010001101010000100000100100000000000000000000000000000000000000010
1010101011110101010111100011100001000000000000000000000000000000000010
1010010101101111100111010110100011100000000000000000000000000000000010
1010000101011000110001000001100111000000000000000000000000000000000010
1011011101101110001111000100100011100000000000000000000000000000000010
1010011010111001111000001000101110000000000000000000000000000000000010
1010101001100100101011110111010110000000000000000000000000000000000010
1011000110001101111000010110100000100000000000000000000000000000000010
1010001100010000101101111010101101000000000000000000000000000000000010
1011111111101011001101100010110101000000000000000000000000000000000010
1010001010100010101011111100001111100000000000000000000000000000000010
1011100111101101101010100000010001100000000000000000000000000000000010
1011100000001000110110011110111011100000000000000000000000000000000010
1010101010110000101110011001001100100000000000000000000000000000000010
1010010000000001101000110000111110100000000000000000000000000000000010
1010111111111111111000101010111100000000000000000000000000000000000010
1010000100101110010101011000111111000000000000000000000000000000000010
1010000011001000011011111111100100000000000000000000000000000000000010
1010001000000110001111001110101010000000000000000000000000000000000010
1010111000100010110110000011101110000000000000000000000000000000000010
1010011001011011000111011001001101100000000000000000000000000000000010
1010011000011110001000011011001011000000000000000000000000000000000010
1010011001010110001100010110110000100000000000000000000000000000000010
1010001100000011011010110111000000100000000000000000000000000000000010
1010010101110001011011110100010101000000000000000000000000000000000010
1010010110011100111011000101111110100000000000000000000000000000000010
1011101000110000100111000010010110100000000000000000000000000000000010
1011111100101111111000000101110101100000000000000000000000000000000010
1011100110011000101111111111101111100000000000000000000000000000000010
1011100001010110111011000000000111100000000000000000000000000000000010
1011101000001001001100001010111111100000000000000000000000000000000010
1010101100010100100110100000111100100000000000000000000000000000000010
1010000111100101010101001110110001000000000000000000000000000000000010
1010101010011001011011010000010100000000000000000000000000000000000010
1010101001010010000011101100111011000000000000000000000000000000000010
1010111110100111001110001011101000000000000000000000000000000000000010
1010001100110011101011011011000100100000000000000000000000000000000010
1010001111111011001001001001101010000000000000000000000000000000000010
1010101000001111001100110110010011000000000000000000000000000000000010
1010001100110001000000010010100010000000000000000000000000000000000010
1011011001101000010011100011010111100000000000000000000000000000000010
1010110000011101110101010011011000000000000000000000000000000000000010
1010100001110001010111010111001011000000000000000000000000000000000010
1011001000011010110000010110100000000000000000000000000000000000000010
1011000100100000100011000110011000100000000000000000000000000000000010
1011010011000111101011010011001111100000000000000000000000000000000010
1010000100101010001010110110110010000000000000000000000000000000000010
1010000011111000110100000110000111000000000000000000000000000000000010
1010100011101011010000001011100000000000000000000000000000000000000010
1011000001001110111101011110001000000000000000000000000000000000000010
1011101010110101001000101100101011100000000000000000000000000000000010
1011111110111010001000010010111000000000000000000000000000000000000010
1011101100111110110101010011101101100000000000000000000000000000000010
1011101111110010010001101111001110100000000000000000000000000000000010
1011100000101101001101011011101010000000000000000000000000000000000010
1010001101100001000101111000101010000000000000000000000000000000000010
1011101101001000101111110001011010100000000000000000000000000000000010
1011011110101101110001010011100011100000000000000000000000000000000010
1010100101011011000111111110010001000000000000000000000000000000000010
1010110101111001111001111010111101000000000000000000000000000000000010
1011111010101000110111100110010100000000000000000000000000000000000010
1011110010100110011001010100000000100000000000000000000000000000000010
1010000100101100011101110100101011100000000000000000000000000000000010
1010110011100101101101100011101000000000000000000000000000000000000010
1010000111001000011001111101101010100000000000000000000000000000000010
1010110111011111000000010111010110000000000000000000000000000000000010
1010100111111001001101001000110010000000000000000000000000000000000010
1010010101001011011000010100101001000000000000000000000000000000000010
1010110001011001000100011101101101100000000000000000000000000000000010
1010111011010100001001010011011111000000000000000000000000000000000010
1010110010010010101001100001100000100000000000000000000000000000000010
1011101111001100100100101101010001100000000000000000000000000000000010
1010100011101111100111001100010011100000000000000000000000000000000010
1010110110101101011001010110011100000000000000000000000000000000000010
1011101001011101101110001001000010000000000000000000000000000000000010
1010011100110010101110001000110011000000000000000000000000000000000010
1010100010000000010001000110000011100000000000000000000000000000000010
1010111011110100110000110000011010100000000000000000000000000000000010
1011000001100000100100110110101011100000000000000000000000000000000010
1011001111111010110101111000010010000000000000000000000000000000000010
1010010101011001101100110000001100100000000000000000000000000000000010
1011100011110000100001010101011101000000000000000000000000000000000010
1011000110111101001101100111000100000000000000000000000000000000000010
1010010101100110101001000101010001100000000000000000000000000000000010
1010010010010110100111000011001000000000000000000000000000000000000010
1011100110011110011000100000110101100000000000000000000000000000000010
1010101110100101101111010001010111100000000000000000000000000000000010
1010101100111101011101000001001000000000000000000000000000000000000010
1010100111111010111001101011000111100000000000000000000000000000000010
1010011000110010111011101100010000100000000000000000000000000000000010
1011011101111000000110101111000011000000000000000000000000000000000010
1010110111010010001010000000101010100000000000000000000000000000000010
1011011110000110100000000010100011000000000000000000000000000000000010
1011100001010010100110100000000000100000000000000000000000000000000010
1011101001000001111001000110101001100000000000000000000000000000000010
1010010001111001101100001111010011000000000000000000000000000000000010
1010001000100111110001111000110100100000000000000000000000000000000010
1011010010110111100101110100011111000000000000000000000000000000000010
1011001011100100000100111011100111100000000000000000000000000000000010
1011101100011010011010000011011111000000000000000000000000000000000010
1010010000110000001010100100110100000000000000000000000000000000000010
1010111011101111101011110001001111000000000000000000000000000000000010
1010101111101100010011111011100011100000000000000000000000000000000010
1011101110001110100111000010100011000000000000000000000000000000000010
1010000010000111000011001100010101000000000000000000000000000000000010
1011111100111000100001010110111000000000000000000000000000000000000010
1011100001000111101101011010011111000000000000000000000000000000000010
1011101101111110100010011010101000000000000000000000000000000000000010
1011011010011010000001100111000100100000000000000000000000000000000010
1010010011101011110101000011110001100000000000000000000000000000000010
1011100011111000110001001111101101100000000000000000000000000000000010
1010101011010101010001100000010101000000000000000000000000000000000010
1010100100101010110110111011110010000000000000000000000000000000000010
1011111001000110110010010011100111000000000000000000000000000000000010
1011010100000100011101010110001111000000000000000000000000000000000010
1010110010010100010000010101011011000000000000000000000000000000000010
1010001100101110011010101110001011100000000000000000000000000000000010
1010110011111111011000011000110001100000000000000000000000000000000010
1011010111101010100100011101000110000000000000000000000000000000000010
1010100110010011011110000010100110000000000000000000000000000000000010
1011011101010101001101111100111111100000000000000000000000000000000010
1010110000101000101100000000011101100000000000000000000000000000000010
1010100111010110111111110100100011100000000000000000000000000000000010
1010010101011111110110000011100011100000000000000000000000000000000010
