1111100111011001111010010101000010100000000000000000000000000000000010
1111110110111100000101101111101010100000000000000000000000000000000010
1110011111111101000001001001000010100000000000000000000000000000000010
1110111010101010110100100011011001000000000000000000000000000000000010
1110001010110000111010100011000000100000000000000000000000000000000010
1111101000111111100011110110110001000000000000000000000000000000000010
1110110001010110000010000001010111000000000000000000000000000000000010
1111000001011010000110110000000101100000000000000000000000000000000010
1110010000000100010000000010000111000000000000000000000000000000000010
1110101101011001100101010011001101000000000000000000000000000000000010
1110010110110010000110011100110001000000000000000000000000000000000010
1110111101100011101101110111101001100000000000000000000000000000000010
1110110101100010001010011001011101000000000000000000000000000000000010
1111110111111010100111110010100000100000000000000000000000000000000010
1110000101011110101010100010001011100000000000000000000000000000000010
1111111111111101111001011011101010000000000000000000000000000000000010
1111010000101000101000111110010010000000000000000000000000000000000010
1110100010010100000000101110000010100000000000000000000000000000000010
1111100101101100000001100000100000000000000000000000000000000000000010
1111101100011101011000100101100011100000000000000000000000000000000010
1110011001100001001001100100000100100000000000000000000000000000000010
1110100000110000000001011001000011100000000000000000000000000000000010
1111111011011001011011001010100011100000000000000000000000000000000010
1110000101111101010011101000010101100000000000000000000000000000000010
1111011110101011000100010011110100000000000000000000000000000000000010
1110010010010110101011001111101000000000000000000000000000000000000010
1111011101000011010000011011010010000000000000000000000000000000000010
1110001101100111111000001000100101100000000000000000000000000000000010
1110100011001100000100001111100001100000000000000000000000000000000010
1111101110101011110011010000101010000000000000000000000000000000000010
1110010001010111010010000100111011000000000000000000000000000000000010
1110101101011000110000101100001010100000000000000000000000000000000010
1111010011101110111100011110001100100000000000000000000000000000000010
1110110011001011001110010110000111100000000000000000000000000000000010
1111100001111101110010100000111111100000000000000000000000000000000010
1111110010000011111000101000010001100000000000000000000000000000000010
1111000110110100100110001100011011100000000000000000000000000000000010
1111000110001011001011010100100011000000000000000000000000000000000010
1111100011011110001110110111110110100000000000000000000000000000000010
1110010010100111000010000000100111000000000000000000000000000000000010
1111000100100011010010001111001100100000000000000000000000000000000010
1111010101101010100011011110110000100000000000000000000000000000000010
1110010001001000001111111110100100100000000000000000000000000000000010
1110110111101001111111011110101101100000000000000000000000000000000010
1111011000101111100001001011001100100000000000000000000000000000000010
1111110001011011011000111100001001000000000000000000000000000000000010
1110101111000100010110111001111110100000000000000000000000000000000010
1111111010101001111100010000101010000000000000000000000000000000000010
1110110100110110111001111001101100000000000000000000000000000000000010
1111110101000100111111111010111011100000000000000000000000000000000010
1110100111100100110101111101100110000000000000000000000000000000000010
1111000111000101111110000100011001000000000000000000000000000000000010
1110100000110110101010100101101111100000000000000000000000000000000010
1111101000001111010111100100011100100000000000000000000000000000000010
1111111100000100011111100000101000000000000000000000000000000000000010
1111011100100011110011011010111110000000000000000000000000000000000010
1111100011010011010010010110011011100000000000000000000000000000000010
1111100011110101011100101001100001100000000000000000000000000000000010
1111011101001101001110011100101100100000000000000000000000000000000010
1110000000001011110001110110101100000000000000000000000000000000000010
1110001011111101111011001100001100000000000000000000000000000000000010
1110000100110010100000010010000001000000000000000000000000000000000010
1110111001001000001111111000000001000000000000000000000000000000000010
1110000110000011011100001110000100000000000000000000000000000000000010
1111100010000010110011110110100111000000000000000000000000000000000010
1110001001110100100011101000011101000000000000000000000000000000000010
1110000110100100011001000010010100100000000000000000000000000000000010
1111011000001001001111100101101100000000000000000000000000000000000010
1111100100111010110001011011100110100000000000000000000000000000000010
1111001101110010110110110100010110100000000000000000000000000000000010
1110100110100001010001101101001101000000000000000000000000000000000010
1110110001001110100001111100010011000000000000000000000000000000000010
1111101101010000100100010000100010000000000000000000000000000000000010
1111111101100001011011110100010111100000000000000000000000000000000010
1111100110110100000100110100001001100000000000000000000000000000000010
1111110011001011000011000011111111000000000000000000000000000000000010
1110100101010010111000000001101011000000000000000000000000000000000010
1110111000110111011010110111100000000000000000000000000000000000000010
1111000110111000101011111011011111000000000000000000000000000000000010
1111010110001111100101010111011110100000000000000000000000000000000010
1110100101000011010001000010011110000000000000000000000000000000000010
1111111101110001011111010110011111000000000000000000000000000000000010
1111010111001000001001000011110000000000000000000000000000000000000010
1110110100001001110101111101000010000000000000000000000000000000000010
1111001101011110011000101110101010100000000000000000000000000000000010
1110110111010001110101010011111000000000000000000000000000000000000010
1111100001110000101101101011100000100000000000000000000000000000000010
1111100001000110111000110111011011000000000000000000000000000000000010
1111011110110111011010110001010001000000000000000000000000000000000010
1111000110100110010101000001001100100000000000000000000000000000000010
1111100100111011001010111011100000100000000000000000000000000000000010
1110100111100001011111000101111110100000000000000000000000000000000010
1110010000110010010010110001001010000000000000000000000000000000000010
1110000111011111100111010110110010000000000000000000000000000000000010
1111111000111111100011001000000111100000000000000000000000000000000010
1110011011101011010100101111000101000000000000000000000000000000000010
1110110101111100010010101010101000100000000000000000000000000000000010
1110100010100101000000100100111110100000000000000000000000000000000010
1110100111101010001100000001101111100000000000000000000000000000000010
1110010000001001110101010101101101000000000000000000000000000000000010
1110101110110011011010111101100101100000000000000000000000000000000010
1110001100010111011010001000110000000000000000000000000000000000000010
1110110011100000010000010001111010000000000000000000000000000000000010
1111101101100101000110101111011010100000000000000000000000000000000010
1111011111101100110010100110011011000000000000000000000000000000000010
1111100010101011011101100011011101000000000000000000000000000000000010
1110101100010010101100110000001010100000000000000000000000000000000010
1110111101110111010110110001000100000000000000000000000000000000000010
1111001110111100011110011111111010000000000000000000000000000000000010
1110111110110110011101000011010000100000000000000000000000000000000010
1111101010011000000110101111001100100000000000000000000000000000000010
1111011100110100011010010001111100000000000000000000000000000000000010
1111011110010010111000010001100010100000000000000000000000000000000010
1111110101001100111100011000100010100000000000000000000000000000000010
1110011010111000101001100000010111000000000000000000000000000000000010
1111111001011000100111010101110110000000000000000000000000000000000010
1110100110111000100000010101101110000000000000000000000000000000000010
1111010001001010101010110010011011000000000000000000000000000000000010
1111101010000101111110100010000110100000000000000000000000000000000010
1110010001110011000001010111010111000000000000000000000000000000000010
1110000100101101001111111011111110000000000000000000000000000000000010
1111111001101101000111100110110001000000000000000000000000000000000010
1110011110011011010110001010100100100000000000000000000000000000000010
1110110100110011000001000110100101000000000000000000000000000000000010
1110101011101101011110111000011101100000000000000000000000000000000010
1111001111101110001010011010010001000000000000000000000000000000000010
1111001001001011000110000110010110100000000000000000000000000000000010
1110101110011011111111000110010100000000000000000000000000000000000010
1111010100111111101100111110101000100000000000000000000000000000000010
1110011101111011010001001010010001000000000000000000000000000000000010
1111101000101101011001011100111110000000000000000000000000000000000010
1111010001000110000010110100001011100000000000000000000000000000000010
1110110111110111001010101000001000000000000000000000000000000000000010
1110110110111011011000110110100000000000000000000000000000000000000010
1111011011010111100010100011000000000000000000000000000000000000000010
1110000101001110001001110001011000000000000000000000000000000000000010
1111111010000010100000111100001110000000000000000000000000000000000010
1111011000001110101100010000000110000000000000000000000000000000000010
1111111011010000000110011000100100000000000000000000000000000000000010
1110000110001010101101011100011100100000000000000000000000000000000010
1110110110010110110100010000100111000000000000000000000000000000000010
1111101111101101001101110111000101100000000000000000000000000000000010
1110111000010101100111101100001100100000000000000000000000000000000010
1110111110010001001100001000110110100000000000000000000000000000000010
1110010100110010100010111000010011100000000000000000000000000000000010
1111101100110001001101111111100001000000000000000000000000000000000010
1111111010111010111111110110000100100000000000000000000000000000000010
1111001101110111100001101110011000000000000000000000000000000000000010
1110111000011100101110011101011001000000000000000000000000000000000010
1110001101001010111110011011010110100000000000000000000000000000000010
1110110000001111111111101101110010100000000000000000000000000000000010
1110110111000000001101110100010100000000000000000000000000000000000010
1110100101010101010010001001110000100000000000000000000000000000000010
1111100101001110111111011001111111000000000000000000000000000000000010
1111100011110110010110110100010100100000000000000000000000000000000010
1110010111101001001010110100001100000000000000000000000000000000000010
1111111111100010100110010101010010100000000000000000000000000000000010
1110100100101000010000110001000001000000000000000000000000000000000010
1111001001011100101001011111000010100000000000000000000000000000000010
1110000110111001001010111101011001000000000000000000000000000000000010
1111100101111000001111111101111100100000000000000000000000000000000010
1110111111100010000110101011001011000000000000000000000000000000000010
1110111011111100010110101000001010000000000000000000000000000000000010
1111001010000000110011111100111001000000000000000000000000000000000010
1110011101101001100011010111101011100000000000000000000000000000000010
1111111001100010100110100010000001000000000000000000000000000000000010
1111110000000001010011100000111011100000000000000000000000000000000010
1111111110110011000111001000010110000000000000000000000000000000000010
1110010110111011011010000000010111100000000000000000000000000000000010
1111101101011100101111010100000001100000000000000000000000000000000010
1111011111010000111011011001001111100000000000000000000000000000000010
1110010011110000000110011000011111000000000000000000000000000000000010
1110010101011101010010100001100001000000000000000000000000000000000010
1110000111111101100110001100000101000000000000000000000000000000000010
1111101111111010100001010100100110000000000000000000000000000000000010
1110110111111010010110011100011000100000000000000000000000000000000010
1110110110110101110000110100111011100000000000000000000000000000000010
1111100110111101111011001000000111100000000000000000000000000000000010
1111111010111010111111110110000100100000000000000000000000000000000010
1111111100000000010000010110101100000000000000000000000000000000000010
1111010010001101110101111000111110000000000000000000000000000000000010
1110101010101100010110110001110100100000000000000000000000000000000010
1111110111100110110111111101110100000000000000000000000000000000000010
1110110110010100001101000001010100100000000000000000000000000000000010
1111111100000001101110110111111010000000000000000000000000000000000010
1110110100110001011101111010101100000000000000000000000000000000000010
1110111010101001111111111100111001100000000000000000000000000000000010
1110101101110110110011100011010100100000000000000000000000000000000010
1111000101011010011110100000101110000000000000000000000000000000000010
1111011101000010010000011100000000000000000000000000000000000000000010
1111001100110011111100110101001101100000000000000000000000000000000010
1110110111011000010101000101011010000000000000000000000000000000000010
1111110100001100101010011000000100000000000000000000000000000000000010
1111000110000111111100110100010001100000000000000000000000000000000010
1110011000101100011011100101011101000000000000000000000000000000000010
1110110111101111110110000010001110000000000000000000000000000000000010
1111101010010111000100110111011110000000000000000000000000000000000010
1110100110000011101010100110010100000000000000000000000000000000000010
1110111010100000011101001110001010100000000000000000000000000000000010
1110101110011110000001000010011000100000000000000000000000000000000010
1110011100011011011101110100010001100000000000000000000000000000000010
1111001011011011000001000110111111100000000000000000000000000000000010
1111010000101111101011011010101001000000000000000000000000000000000010
1111010100110111100100011011111001100000000000000000000000000000000010
1110111100111001011111001010111111000000000000000000000000000000000010
1110111010100011110000100010001111100000000000000000000000000000000010
1110111111100100111011101000100100000000000000000000000000000000000010
1111110111100011110100100011000001000000000000000000000000000000000010
1111111110111011001110111100101011000000000000000000000000000000000010
1110110100101001011110011001111011100000000000000000000000000000000010
1110000110001000011001110000011001100000000000000000000000000000000010
1110011000111001000011011101000001000000000000000000000000000000000010
1111011000101101101000100111001111000000000000000000000000000000000010
1110100100111000101001001001101101000000000000000000000000000000000010
1111000000101010010010111110100100100000000000000000000000000000000010
1111011001110111101110011011110101000000000000000000000000000000000010
1110110100010011001001010011100011100000000000000000000000000000000010
1110010100011010110011000110000001100000000000000000000000000000000010
1110101011001000011011110000000101100000000000000000000000000000000010
1111010000001110001000111110000110100000000000000000000000000000000010
1110110001000110000001010010000011100000000000000000000000000000000010
1111010100000110110100100000000010100000000000000000000000000000000010
1111001110101010101100101010100111000000000000000000000000000000000010
1111110110000100001110111010110010100000000000000000000000000000000010
1110010010010001001001111100001011000000000000000000000000000000000010
1110101010100001110111111101011010000000000000000000000000000000000010
1110000100101011010110100011001000000000000000000000000000000000000010
1111100001001100101000000011100111000000000000000000000000000000000010
1110100101111100111010111011110011000000000000000000000000000000000010
1111110010101011000000101110001110100000000000000000000000000000000010
1111000001110100011111100100100010100000000000000000000000000000000010
1111101111000011111010011100111001000000000000000000000000000000000010
1110100111011001000000010000001010000000000000000000000000000000000010
1111011000111101101110110011111110100000000000000000000000000000000010
1110110011010010001101001000111011100000000000000000000000000000000010
1110001000011110000100101001101011000000000000000000000000000000000010
1111111000011001100101000100010111000000000000000000000000000000000010
1110000101110100000011101000111111000000000000000000000000000000000010
1110101101111011100011010100100010000000000000000000000000000000000010
1111101001111010000110000101001011100000000000000000000000000000000010
1110110111000101010011110000110101000000000000000000000000000000000010
1111111010111000111111011011001000000000000000000000000000000000000010
1110110011110100010111101001000011100000000000000000000000000000000010
1110101000010000100101110000001001000000000000000000000000000000000010
1110001111111010111111010001010101100000000000000000000000000000000010
1111101011100000101111000111001000000000000000000000000000000000000010
1111101001110100010011101111010011100000000000000000000000000000000010
1110110000010011100110010000000100100000000000000000000000000000000010
1111111101000010110011011101011011100000000000000000000000000000000010
1111001001101010001111011011100110000000000000000000000000000000000010
1110110101111000100000101001010101100000000000000000000000000000000010
1111111001011111101011001010000001000000000000000000000000000000000010
1111010011100001011111101100001111000000000000000000000000000000000010
1111101111100000010101011011110011000000000000000000000000000000000010
1111111011001011010010101100000011000000000000000000000000000000000010
1111100110001110000011000000011100100000000000000000000000000000000010
1110101011011011111110110111010111000000000000000000000000000000000010
1110001001011111111011111101111010000000000000000000000000000000000010
1110110110111101110101110000001110000000000000000000000000000000000010
1111011011011111000010100100000000100000000000000000000000000000000010
1110110111110111110010011100100100100000000000000000000000000000000010
1111010010111100010111010111111100100000000000000000000000000000000010
1110100011101000000010111000100010000000000000000000000000000000000010
1111101110011011100011000001001010000000000000000000000000000000000010
1110101000100111101110110000111001000000000000000000000000000000000010
1111010101000000110011011010000100100000000000000000000000000000000010
1110000010000000101100011101011100100000000000000000000000000000000010
1110110100110100010000010010100111100000000000000000000000000000000010
1110011110001111111110000100010111000000000000000000000000000000000010
1111000100010001110111010011100000100000000000000000000000000000000010
1110110010110010000011000100001010000000000000000000000000000000000010
1110101100001101111011111101100010100000000000000000000000000000000010
1110100101001100010110100000000000000000000000000000000000000000000010
1111011000011011111011000100000111100000000000000000000000000000000010
1111011101010111111011010001000001100000000000000000000000000000000010
1111111000010100100000111010010011100000000000000000000000000000000010
1110001011001110100000111000111010000000000000000000000000000000000010
1110100010110111011111000101100010100000000000000000000000000000000010
1110111110001010101110011101011010000000000000000000000000000000000010
1111101010000100011111001011101111000000000000000000000000000000000010
1110011000000110110100110010100010100000000000000000000000000000000010
1111111010111100100101000000000101100000000000000000000000000000000010
1110011011111010111011010010000010000000000000000000000000000000000010
1110100010000110100001000101100010100000000000000000000000000000000010
1111111010110010110110101111001010100000000000000000000000000000000010
1111010010011010100101011011010100000000000000000000000000000000000010
1110010101110100010011001010000010000000000000000000000000000000000010
1110000101000110111010000001000011100000000000000000000000000000000010
1110100111000001110100000100011000100000000000000000000000000000000010
1111111001011111111111011001110101100000000000000000000000000000000010
1110000000110011011010111010010000100000000000000000000000000000000010
1110001010100000110000010011111001000000000000000000000000000000000010
1110011011110110110011100111000010000000000000000000000000000000000010
1110110010100101011110000010000000100000000000000000000000000000000010
1110100101101011010111001101110010000000000000000000000000000000000010
1111011001010010111001101100110000000000000000000000000000000000000010
1111100100101010101110111001000010000000000000000000000000000000000010
1110010011101101101101010001111010100000000000000000000000000000000010
1110001001101101001000100101101010000000000000000000000000000000000010
1110010101110000111001101011011001000000000000000000000000000000000010
1111100110100011101001011010010100100000000000000000000000000000000010
1111011011100011010010010001010000000000000000000000000000000000000010
1110011110110111101001111101000111000000000000000000000000000000000010
1111011110000001110101001011110111000000000000000000000000000000000010
1111111101000011101111010000000110100000000000000000000000000000000010
1110001000000010001111111111011100100000000000000000000000000000000010
1110011110111011100101011101011100000000000000000000000000000000000010
1110111010110010001100010100101011000000000000000000000000000000000010
1110011011101000000011011000001100100000000000000000000000000000000010
1111010010110110000011111110000110100000000000000000000000000000000010
1110101100011111111001111111100001100000000000000000000000000000000010
1111110011111000001001101100110110000000000000000000000000000000000010
1110001011110011011101111010001100000000000000000000000000000000000010
1110010001100000010001000010010101100000000000000000000000000000000010
1110011111100101001111100111010001000000000000000000000000000000000010
1111101010110011010111010001000011000000000000000000000000000000000010
1110011010011010101011100010000010000000000000000000000000000000000010
1111000011110100101001000011100011000000000000000000000000000000000010
1111101010000101111110001110100011000000000000000000000000000000000010
1111110000001011111101000101000110000000000000000000000000000000000010
1110100100010110110010101011010001100000000000000000000000000000000010
1111111111001100011100110101011111100000000000000000000000000000000010
1111010110011000011100010101011101000000000000000000000000000000000010
1110100101001001110011000110100110100000000000000000000000000000000010
1110110011001010010011011010001010000000000000000000000000000000000010
1110110101000111010100100101001101000000000000000000000000000000000010
1111111010111110011001110010011110100000000000000000000000000000000010
1111110000101100111111110100111100000000000000000000000000000000000010
1111000010001011101000100010000011000000000000000000000000000000000010
1111011100101011011110111011010110000000000000000000000000000000000010
1110011011100001101011111110011110000000000000000000000000000000000010
1111101000100101011100000011010111000000000000000000000000000000000010
1110111101101111101010000100000000100000000000000000000000000000000010
1111111011101011011111001100010000100000000000000000000000000000000010
1110010100110101001110010000001010100000000000000000000000000000000010
1110111010011001011000000111010001000000000000000000000000000000000010
1110110111101011100110110000011011000000000000000000000000000000000010
1111000011110010111010111010110001100000000000000000000000000000000010
1111010111011110111011000011000000000000000000000000000000000000000010
1111110111100011101111010001100111100000000000000000000000000000000010
1111111110011111000001111100011000000000000000000000000000000000000010
1110001011100100110010000110110101000000000000000000000000000000000010
1111000110010011000001010011010110100000000000000000000000000000000010
1110100001000000100111100010101111000000000000000000000000000000000010
1111001100001011101010011100111100100000000000000000000000000000000010
1111001111111100101101101010011001000000000000000000000000000000000010
1111000100100000111001001011010000000000000000000000000000000000000010
1111111010010001010000100000110010000000000000000000000000000000000010
1111000110000100001100111010011011100000000000000000000000000000000010
1110101010110011101110001011010000000000000000000000000000000000000010
1111110101001101000110110110111100100000000000000000000000000000000010
1111110000000000001110111010011010000000000000000000000000000000000010
1111011110010001101001111110101101000000000000000000000000000000000010
1111101000110010110010101011110110100000000000000000000000000000000010
1110100000101000010010010000010110100000000000000000000000000000000010
1110010001001100001010011101010010000000000000000000000000000000000010
1111110100111111000011111110000100100000000000000000000000000000000010
1110111110111001011000000011100101000000000000000000000000000000000010
1111001010011110001101000110010000000000000000000000000000000000000010
1111011111011001110111010011101100000000000000000000000000000000000010
1111111100101001001001000000000000000000000000000000000000000000000010
1111110010000001001110001010100101100000000000000000000000000000000010
1110101100010100101010110011100010000000000000000000000000000000000010
1111110111111000111000010101100000000000000000000000000000000000000010
1110101110110100000000010001001101100000000000000000000000000000000010
1111010001001110000111010010100000000000000000000000000000000000000010
1110011010111000100001101110100110100000000000000000000000000000000010
1111100101001010111000000100100001100000000000000000000000000000000010
1110101100010110011000111101100000000000000000000000000000000000000010
1111010001000011010000110110100101000000000000000000000000000000000010
1110100011001111000111000011001110000000000000000000000000000000000010
1110000011000010110100110100101010100000000000000000000000000000000010
1110000010011111010010011110100000000000000000000000000000000000000010
1110101001000011000010010111000000000000000000000000000000000000000010
1110010000001100010101000000001111000000000000000000000000000000000010
1111111111000001101010110000001101000000000000000000000000000000000010
1110100010000111011000011100110011000000000000000000000000000000000010
1111001100001111101110001111111000100000000000000000000000000000000010
1111101110101110011100000100001110000000000000000000000000000000000010
1111011110111001110010100101011010000000000000000000000000000000000010
1111000011100101000110100001001111100000000000000000000000000000000010
1111001111000001011011001000110110100000000000000000000000000000000010
1111011000100110010101110000110111000000000000000000000000000000000010
1110111001000011111111110111101011100000000000000000000000000000000010
1110111100101110100010100001100110000000000000000000000000000000000010
1110111100101001100110111111100101000000000000000000000000000000000010
1111111110010011100101100101100001000000000000000000000000000000000010
1110100100011010001110001001101100100000000000000000000000000000000010
1110110110010111111011010001110001100000000000000000000000000000000010
1110101111101101001101001100010100100000000000000000000000000000000010
1110110010010100101101000011110101000000000000000000000000000000000010
1111100011010100110011100011001001100000000000000000000000000000000010
1111001111110101110111100101011110000000000000000000000000000000000010
1111010001000000000110100010011111100000000000000000000000000000000010
1110001010111001011110010111111001100000000000000000000000000000000010
1111010100000000100110000000100100000000000000000000000000000000000010
1111000101100000110111111111110000100000000000000000000000000000000010
1111110101011111101101001101001011000000000000000000000000000000000010
1110010011111111010100111001110011000000000000000000000000000000000010
1111100011110111110100111000000001100000000000000000000000000000000010
1110110001111100110111110101110111000000000000000000000000000000000010
1110000101101110011001111100100011000000000000000000000000000000000010
1111001001101110100110100000100110100000000000000000000000000000000010
1110000100100111001011100010000011000000000000000000000000000000000010
1111000110001101110011111100110001000000000000000000000000000000000010
1110010110101000010000110101001111000000000000000000000000000000000010
1110111010011100101100110101111001100000000000000000000000000000000010
1111010100100011100001000011011000000000000000000000000000000000000010
1111101110111000001100011010011001000000000000000000000000000000000010
1111111000101100011010110000000010100000000000000000000000000000000010
1110011110100001010101010100101100100000000000000000000000000000000010
1111011100011001011100011100101111000000000000000000000000000000000010
1110001110001010001101100101010110100000000000000000000000000000000010
1111000011111001100000010001011100100000000000000000000000000000000010
1110000011110111010001110110110001100000000000000000000000000000000010
1110110100111000110010100101011010000000000000000000000000000000000010
1111010000101011100001011010111010000000000000000000000000000000000010
1111101101011010111000110001110001000000000000000000000000000000000010
1110100011011110111101111111100111100000000000000000000000000000000010
1110011001010011000101111011011100100000000000000000000000000000000010
1111000010100111011101110001100111000000000000000000000000000000000010
1110111111011100111111111110111010100000000000000000000000000000000010
1110100101111111110111110001101011100000000000000000000000000000000010
1111010110111011001110111101001110100000000000000000000000000000000010
1111100111011110001100100000111001100000000000000000000000000000000010
1111011011000101111101010010101111100000000000000000000000000000000010
1111011010100000101011110011101101100000000000000000000000000000000010
1111111110110111110010011010000100000000000000000000000000000000000010
1111010010110111011000011101001100000000000000000000000000000000000010
1111011100100011011010000000101000100000000000000000000000000000000010
1111111011101101011100011000011001100000000000000000000000000000000010
1111011010100101110110010010100100000000000000000000000000000000000010
1111110000111010111101101100011110100000000000000000000000000000000010
1110010011111011111101100110110011000000000000000000000000000000000010
1111111010111101101000011000101011000000000000000000000000000000000010
1111101110111000111110111110100100000000000000000000000000000000000010
1110100001100100111100111110110110100000000000000000000000000000000010
1111100000101010101010010000010001100000000000000000000000000000000010
1111110011101100010111000100111110100000000000000000000000000000000010
1111111110010010010100001111100011000000000000000000000000000000000010
1110010010010101111000001111100001000000000000000000000000000000000010
1110011101111111111001100110101101000000000000000000000000000000000010
1110110101110110000011010011101011100000000000000000000000000000000010
1111000011010100111011000101001011100000000000000000000000000000000010
1111100001000100101000111110001101000000000000000000000000000000000010
1111110001011111100111110101011000100000000000000000000000000000000010
1111000101111001000000110110000001100000000000000000000000000000000010
1111101100000111111111111100100011100000000000000000000000000000000010
1110001110111000000100011100111110100000000000000000000000000000000010
1110101001101110000101101111101100100000000000000000000000000000000010
1111010100101101010001110011010111000000000000000000000000000000000010
1110111000110011110110100110101110100000000000000000000000000000000010
1111011111011110100011011010011000100000000000000000000000000000000010
1111011111100101001101001111001011000000000000000000000000000000000010
1110010101110111111100011111000111000000000000000000000000000000000010
1110000001111110000010110110110001000000000000000000000000000000000010
1111110001111111110100011000100010000000000000000000000000000000000010
1111001111000111011000000100000001100000000000000000000000000000000010
1110000101011100101011110000101011100000000000000000000000000000000010
1110100101010110010111110000001001100000000000000000000000000000000010
1110111110100011010010010101100111100000000000000000000000000000000010
1110101111111111011001010110000100000000000000000000000000000000000010
1110010010101000010101011001111001000000000000000000000000000000000010
1111100110111101001110110001001010000000000000000000000000000000000010
1111110001000001000100010100011011100000000000000000000000000000000010
1111111011011110110000000110010000100000000000000000000000000000000010
1110111000011001010010011001110001000000000000000000000000000000000010
1111100111101001101110010100001101100000000000000000000000000000000010
1110000101110010100011001010001100000000000000000000000000000000000010
1111001011100000101101001010011111100000000000000000000000000000000010
1110110010001101100001110011011001000000000000000000000000000000000010
1110100111111100111001100001010101000000000000000000000000000000000010
1110011111011010101010011110001000000000000000000000000000000000000010
1111100010010101100000101001100011100000000000000000000000000000000010
1111000010001100101011111110001110100000000000000000000000000000000010
1110100010100111001001100001000100000000000000000000000000000000000010
1111000101010010001111101101100111000000000000000000000000000000000010
1111001111111010101001010100101100000000000000000000000000000000000010
1110000100111101011111011100110111000000000000000000000000000000000010
1110000111111010110101000110100110000000000000000000000000000000000010
1110000100111100010011101101110001000000000000000000000000000000000010
1111101000111111010000100010101000000000000000000000000000000000000010
1110011100000100011001110000100110000000000000000000000000000000000010
1111111110001001110010101010001110000000000000000000000000000000000010
1110011100100110110011110010000100000000000000000000000000000000000010
1110100000100001001000110010101001100000000000000000000000000000000010
1111110001010110100000110101110011000000000000000000000000000000000010
1110001111001011001001100100110011100000000000000000000000000000000010
1110110110100111111000011101010000000000000000000000000000000000000010
1111101001011000110100001001001000100000000000000000000000000000000010
1111100011111001100010100111010001000000000000000000000000000000000010
1111110100011111000010001101101000000000000000000000000000000000000010
1111001010101101001001010111010001000000000000000000000000000000000010
1111001000111000110101100000010000000000000000000000000000000000000010
1111110011101011000101100011110101000000000000000000000000000000000010
1110011100101111100001011001010010100000000000000000000000000000000010
1111000110111010000111001011100010100000000000000000000000000000000010
1110000100011101110100001011010000000000000000000000000000000000000010
1110110001100001011011100010110111000000000000000000000000000000000010
1110100100011101010111101111011011100000000000000000000000000000000010
1110110010001000110100100110111010000000000000000000000000000000000010
1110100000110110100111010011001010100000000000000000000000000000000010
1110100011111101101010011110110001000000000000000000000000000000000010
1110011100010111001010000011000111000000000000000000000000000000000010
1111111000001010110101010101111111000000000000000000000000000000000010
1110000101111000100001000010100111000000000000000000000000000000000010
1110111010001110100100100011010000100000000000000000000000000000000010
1111100011110111100000000011000011100000000000000000000000000000000010
1111100100100100111000011110011100000000000000000000000000000000000010
1110100010111100010101001101101011000000000000000000000000000000000010
1110111111101100100000100101101101100000000000000000000000000000000010
1110101001110100001101111001011011100000000000000000000000000000000010
1110011001100100110111011001111110000000000000000000000000000000000010
1111110110010111100101111000010000100000000000000000000000000000000010
1110011100100110101011001100110010000000000000000000000000000000000010
1110010011110111100011100110001110000000000000000000000000000000000010
1111111000110001000100010011110000000000000000000000000000000000000010
1111001110100000110011000100110010100000000000000000000000000000000010
1111101010110011111101101100001010000000000000000000000000000000000010
1111000011100100100101011110011010000000000000000000000000000000000010
1111110101000010110101011010110010000000000000000000000000000000000010
1110011001000011001000001100010000100000000000000000000000000000000010
1110010111111101011001111011010110100000000000000000000000000000000010
1111100000001100100010110011111111000000000000000000000000000000000010
1111010101001000100001010001101100000000000000000000000000000000000010
1110000001010011111000000010111101000000000000000000000000000000000010
1110110101111011111000111010111110000000000000000000000000000000000010
1110110100000011001000010000101101000000000000000000000000000000000010
1111010011011001000100000100011101100000000000000000000000000000000010
1110011110111010100110100111111000100000000000000000000000000000000010
1111111111110101010011101001000011000000000000000000000000000000000010
1111111000011000100111010001111111100000000000000000000000000000000010
1110100011010011000101000011110010000000000000000000000000000000000010
1110110110010011110000000110000100000000000000000000000000000000000010
1111011111011111110111100111011100100000000000000000000000000000000010
1111111001111000101101110101001110100000000000000000000000000000000010
1111100101111001000001101011111010000000000000000000000000000000000010
1111100000111101011010110011001001100000000000000000000000000000000010
1110101111001010010101111111000110100000000000000000000000000000000010
1111111011111001001011001011011100000000000000000000000000000000000010
1110100111101101011001001011111010000000000000000000000000000000000010
1111100000100111101100110111101011000000000000000000000000000000000010
1110000111011111001100101110100010000000000000000000000000000000000010
1111001010001010001110100011011101000000000000000000000000000000000010
1110000110100000000010000000100010100000000000000000000000000000000010
1111000110101111100010111011101011000000000000000000000000000000000010
1111011010011011011010100000000010000000000000000000000000000000000010
1110010110100001001001111101011100100000000000000000000000000000000010
1111010101001100100010101000110011000000000000000000000000000000000010
1111010110011110110001001100010110100000000000000000000000000000000010
1111100010101110001111011000110111000000000000000000000000000000000010
1110001111011011110111100001001110100000000000000000000000000000000010
1110010011001100101011010110010011000000000000000000000000000000000010
1110010000011011011101101100100110100000000000000000000000000000000010
1111000110100011101000010001011010100000000000000000000000000000000010
1110110001001000101001100001101110100000000000000000000000000000000010
1111011000100101100010110110011011000000000000000000000000000000000010
1111100101101011101111101100100000100000000000000000000000000000000010
1110001010110000111000011001001011100000000000000000000000000000000010
1110100010000011101010010011101111000000000000000000000000000000000010
1110001001011010010010000001010010000000000000000000000000000000000010
1110101000010010010001100000101010000000000000000000000000000000000010
1110000111100110100100011101010001100000000000000000000000000000000010
1110010001110011100010100101100001000000000000000000000000000000000010
1111101111100110000001010011110010100000000000000000000000000000000010
1110000010010000000000100000101101100000000000000000000000000000000010
1110100111000111000011001000111011100000000000000000000000000000000010
1111001000111101111000111101000101000000000000000000000000000000000010
1111000011110111000000110111001110000000000000000000000000000000000010
1111100111110010011100000100111001000000000000000000000000000000000010
1110101001011111010111001000100111000000000000000000000000000000000010
1111100110110000001110001011110001000000000000000000000000000000000010
1111010101101101100010110000111111000000000000000000000000000000000010
1111000111100010010111000010111011000000000000000000000000000000000010
1110001010011011010010101000010100000000000000000000000000000000000010
1110111001110011000001001011001101000000000000000000000000000000000010
1110001001011100110010110001111111000000000000000000000000000000000010
1111011000000110110000101100001000000000000000000000000000000000000010
1110110001010110001111100011110000000000000000000000000000000000000010
1110000111111001110110000011000111000000000000000000000000000000000010
1110000001011100010011100100101011000000000000000000000000000000000010
1111111011000101110100100110000010000000000000000000000000000000000010
1110100010001001011011110101110001000000000000000000000000000000000010
1111010110100111111011011011010011100000000000000000000000000000000010
1110111111010111011100011001101000100000000000000000000000000000000010
1111100000001010100110001111011111100000000000000000000000000000000010
1110010010111000100001110000001001000000000000000000000000000000000010
1110100001110011011001010010101111000000000000000000000000000000000010
1111110101011110010100101111010100000000000000000000000000000000000010
1110100101001001101011001110111000000000000000000000000000000000000010
1111001100101110000100101010011011000000000000000000000000000000000010
1110111111110011111000101001000000000000000000000000000000000000000010
1111111010001100010110111011011101100000000000000000000000000000000010
1110011101010111101001011000001000100000000000000000000000000000000010
1111001001101110010111110010101010100000000000000000000000000000000010
1111000110101110010101101100111001100000000000000000000000000000000010
1111101010000101111100101001001001100000000000000000000000000000000010
1111110010000101100001011010100011000000000000000000000000000000000010
1111110100000010111010101110001001100000000000000000000000000000000010
1110100110001111101000011000111011100000000000000000000000000000000010
1111100000100100001100011100000011000000000000000000000000000000000010
1111010100110101110111101100010101000000000000000000000000000000000010
1110001010010110111000101001001100100000000000000000000000000000000010
1110111010011101010010110110011010100000000000000000000000000000000010
1111101101110001000101110000100001000000000000000000000000000000000010
1110100111110010100101100010110101100000000000000000000000000000000010
1110000101010011110101101101000010100000000000000000000000000000000010
1110010001101001100010101110111111000000000000000000000000000000000010
1111111001011101010100110011100101100000000000000000000000000000000010
1110110000010001001111011011010110000000000000000000000000000000000010
1110000101001110111100101011000100100000000000000000000000000000000010
1111111011010111011110111011000110000000000000000000000000000000000010
1110011011100110000000001111001101000000000000000000000000000000000010
1110011101010111011110100011100100100000000000000000000000000000000010
1110101100101000100100011100001111000000000000000000000000000000000010
1110011011010001010110110001010111000000000000000000000000000000000010
1111011001001111111011011001111100100000000000000000000000000000000010
1110100101001111110001010000111101100000000000000000000000000000000010
1111011001010110111111010110111011100000000000000000000000000000000010
1110001010011101011000010110000010000000000000000000000000000000000010
1110011111001111110010000001000011100000000000000000000000000000000010
1110000101000111111010011101111000100000000000000000000000000000000010
1111101000100010111010100010100000000000000000000000000000000000000010
1110001101011011111110111100000110000000000000000000000000000000000010
1110111110101110111000100011111100000000000000000000000000000000000010
1110011101111111101110010001110100000000000000000000000000000000000010
1110011101000001110011000010010110000000000000000000000000000000000010
1111111010000011111101111111010010100000000000000000000000000000000010
1110110111101110101001000110111000100000000000000000000000000000000010
1111111111101101111100001000101111100000000000000000000000000000000010
1111110000000111011111111100111100100000000000000000000000000000000010
1111001110010001010001100110101001100000000000000000000000000000000010
1110100011000000011000011111001011000000000000000000000000000000000010
1111010101001001001101100000010011000000000000000000000000000000000010
1111110001110011100001110100011100100000000000000000000000000000000010
1111111000100011110010010011101000100000000000000000000000000000000010
1111011011011101101110000011111101100000000000000000000000000000000010
1111110100001110111011111000100111000000000000000000000000000000000010
1110110001100001111101000110000000100000000000000000000000000000000010
1111110010111100011100000101100100100000000000000000000000000000000010
1110000101011100100011011010010000000000000000000000000000000000000010
1110011110111011100111001101101011100000000000000000000000000000000010
1110011001110010101110000101000001100000000000000000000000000000000010
1111101011011101010101110000100100000000000000000000000000000000000010
1110001111110101000110010111010001000000000000000000000000000000000010
1111110110111010101101011000111001100000000000000000000000000000000010
1110101011111111010101001110101001000000000000000000000000000000000010
1111101000011010000000111010110111000000000000000000000000000000000010
1110001111011001001101010011101110000000000000000000000000000000000010
1111100100101111101010011010101011100000000000000000000000000000000010
1111101001100011001111011111111101000000000000000000000000000000000010
1111011000101100011101101001100111000000000000000000000000000000000010
1110000111010010000111010111110110100000000000000000000000000000000010
1110100000110011110110101100011010000000000000000000000000000000000010
1111001001011001100011011100100001100000000000000000000000000000000010
1111010000111110100111100011000011100000000000000000000000000000000010
1110101001011100000111011101010011100000000000000000000000000000000010
1111011000000010001100100000010001100000000000000000000000000000000010
1111100010101011001010101011111011000000000000000000000000000000000010
1110101101011110010011100010111001100000000000000000000000000000000010
1110100000110111010111011000000100000000000000000000000000000000000010
1111100010001110110011101010100001000000000000000000000000000000000010
1110010100111001001110111001110010100000000000000000000000000000000010
1111100000110000101011000111001010000000000000000000000000000000000010
1111101001011001001010010001001100000000000000000000000000000000000010
1111011111000100101000111010011000000000000000000000000000000000000010
1111011101000111110111101011011001000000000000000000000000000000000010
1110111100001001001010100110111010000000000000000000000000000000000010
1111011001000100000011010010101010000000000000000000000000000000000010
1111111010101001000010111000111001100000000000000000000000000000000010
1111111010011111111110000000100001000000000000000000000000000000000010
1110011111001110110111011100110110000000000000000000000000000000000010
1110010011111011100000100101001010100000000000000000000000000000000010
1111111111111101110011110111101110000000000000000000000000000000000010
1111010111010101111000110100000000000000000000000000000000000000000010
1111100100001101011011000010001110000000000000000000000000000000000010
1110110101001110100100100001101000100000000000000000000000000000000010
1111100001001101110111101001111111100000000000000000000000000000000010
1111110000100101101100101101010000100000000000000000000000000000000010
1111110100100011011000010111110000100000000000000000000000000000000010
1110110001011011010010001001110011000000000000000000000000000000000010
1110011100101100000001111100010000000000000000000000000000000000000010
1111011100100111001101000100101111100000000000000000000000000000000010
1110101110110111000000110010011000000000000000000000000000000000000010
1111110001110001000100000111100110000000000000000000000000000000000010
1110110000000011000110011011111110100000000000000000000000000000000010
1111111011100111010010010011011110100000000000000000000000000000000010
1110011001010010101111001110011110100000000000000000000000000000000010
1111000000101101000110000010011001100000000000000000000000000000000010
1110111111110100110010101000110001100000000000000000000000000000000010
1110011100100000010110110111001111100000000000000000000000000000000010
1111101010010010001100100000100101100000000000000000000000000000000010
1111000111100101100001000001010001000000000000000000000000000000000010
1111000010100000101001011100110011100000000000000000000000000000000010
1110101110000110010011111001100001000000000000000000000000000000000010
1111011010001101010010100111100100000000000000000000000000000000000010
1110111101110011101100000101100110000000000000000000000000000000000010
1110101010110001111100001000101111000000000000000000000000000000000010
1111101011000110011011101001100001100000000000000000000000000000000010
1111001010100011111000111000100100000000000000000000000000000000000010
1111000100100110100101010101110101000000000000000000000000000000000010
1111001010010110001110011010100100100000000000000000000000000000000010
1110111000100110100100011010000011100000000000000000000000000000000010
1111110000111010101010100011110100100000000000000000000000000000000010
1111111011111000111001001111010101100000000000000000000000000000000010
1111101001010110000011001110001001100000000000000000000000000000000010
1111111011110010011001010000110001000000000000000000000000000000000010
1111100110011101111010101011110110000000000000000000000000000000000010
1110100011011110111000000110011110100000000000000000000000000000000010
1111101010110111001100000110111101000000000000000000000000000000000010
1111110101110000001010001110100010000000000000000000000000000000000010
1110011100001000101101010110100101100000000000000000000000000000000010
1111100111010001111110001110101101000000000000000000000000000000000010
1111001000010010101010000110001101100000000000000000000000000000000010
1110000000100100110010000000110110000000000000000000000000000000000010
1111001110100110010011000110101100100000000000000000000000000000000010
1110101100000100110010000001011110000000000000000000000000000000000010
1111001101000011101011111100010001000000000000000000000000000000000010
1111101110111110110001110000110001100000000000000000000000000000000010
1111011101100110110000000000010101100000000000000000000000000000000010
1111001100101111100001011101011011100000000000000000000000000000000010
1110100100010100001011101000101001100000000000000000000000000000000010
1111000111011010111111011010111100000000000000000000000000000000000010
1110001111001001101000100110000111100000000000000000000000000000000010
1111100011100010000011100110010011100000000000000000000000000000000010
1111101110111110110110000111110111100000000000000000000000000000000010
1110110001100000111000000010010110100000000000000000000000000000000010
1110100100000001101001110010101101000000000000000000000000000000000010
1111001000000110100110111111110111100000000000000000000000000000000010
1110111000111000100011000100010001000000000000000000000000000000000010
1111101110000001010110110111000111100000000000000000000000000000000010
1111001100100101010110010111100101100000000000000000000000000000000010
1111010001000010100110110111110111000000000000000000000000000000000010
1111101101101000100101010100110111000000000000000000000000000000000010
1111011111110010110110010001101100000000000000000000000000000000000010
1111100001111110111110010011010001100000000000000000000000000000000010
1111011101101001101100011110101110000000000000000000000000000000000010
1111001110111101111101110010110001100000000000000000000000000000000010
1110001011000011011010011011111000100000000000000000000000000000000010
1110001110000001111010100101011100100000000000000000000000000000000010
1111001111010101100100010000010110000000000000000000000000000000000010
1110111000001011001010000010001101100000000000000000000000000000000010
1110101010011011001010101010000000100000000000000000000000000000000010
1110100011111110011010011010001111000000000000000000000000000000000010
1110011000111100101010110100001011100000000000000000000000000000000010
1110011000111110001110010111101000000000000000000000000000000000000010
1111011010000100010001001000111000100000000000000000000000000000000010
1110010100100010100111110000001100100000000000000000000000000000000010
1110000011011001111101101101100100000000000000000000000000000000000010
1111100100101101001010000111000101000000000000000000000000000000000010
1111001011111101111100000100000100000000000000000000000000000000000010
1111110110001000001000010001001010100000000000000000000000000000000010
1110110010001000010001101000101010100000000000000000000000000000000010
1111001111110111011011001100101111100000000000000000000000000000000010
1111001101001000110010101000100000000000000000000000000000000000000010
1110001100011000110101101011110111100000000000000000000000000000000010
1111000010000101001111001100011010100000000000000000000000000000000010
1111010001101110101010000010011001000000000000000000000000000000000010
1111111110100100001101101000010001100000000000000000000000000000000010
1111100010111111000111110100000100000000000000000000000000000000000010
1110001011001001101101011111101010100000000000000000000000000000000010
1110000001101001101001001101001101100000000000000000000000000000000010
1110000110100000111011110011100000000000000000000000000000000000000010
1111000100011101110011110100011000000000000000000000000000000000000010
1110110101101110000110011001111110100000000000000000000000000000000010
1111000001101001011000010111111001000000000000000000000000000000000010
1110111101010001011010110011000111000000000000000000000000000000000010
1110101110111101110000100110100010100000000000000000000000000000000010
1111010000011001100000000101011101000000000000000000000000000000000010
1110101011101011000111111110100001000000000000000000000000000000000010
1110101111010001111111111000110010100000000000000000000000000000000010
1110010010011110100000010001000010100000000000000000000000000000000010
1111110111011000001100010101001010100000000000000000000000000000000010
1111001001100100100101100000101011000000000000000000000000000000000010
1110001000011011101010101001011010000000000000000000000000000000000010
1110001001001111110000111000101000100000000000000000000000000000000010
1110001111001001001000101001111010100000000000000000000000000000000010
1111111110101111010001101010110100000000000000000000000000000000000010
1111100111001011111011001000111000000000000000000000000000000000000010
1111100001010010011111110000100100100000000000000000000000000000000010
1111101001100101010001000111111011100000000000000000000000000000000010
1111001010001000100011110110110100100000000000000000000000000000000010
1111000110100100111000010111111100100000000000000000000000000000000010
1111010101010011100000001000010000000000000000000000000000000000000010
1111101111100111110011110101111010000000000000000000000000000000000010
1110010001000110100011101010000000000000000000000000000000000000000010
1110101010100001110001110011100101100000000000000000000000000000000010
1110011100111111000111110111001001000000000000000000000000000000000010
1110000011000000111100010110000010000000000000000000000000000000000010
1110010000011010101101110010110100100000000000000000000000000000000010
1111111010110101000110101111111011000000000000000000000000000000000010
1111001111010101011110000110101101000000000000000000000000000000000010
1110100011001100111010011000000001000000000000000000000000000000000010
1110010010100100110111000100000000100000000000000000000000000000000010
1110001010101001010010110110010110000000000000000000000000000000000010
1111110111111010010110100011001100100000000000000000000000000000000010
1111101110011100010000111001101000000000000000000000000000000000000010
1110001011011000110110100000100010000000000000000000000000000000000010
1110110011011001110100111101001111000000000000000000000000000000000010
1111010011111011001101011101111101000000000000000000000000000000000010
1111000010100110111101111011001100000000000000000000000000000000000010
1110010000011000110110000100110000000000000000000000000000000000000010
1111110001000011110011011100000001100000000000000000000000000000000010
1110110110011100100110011110001111100000000000000000000000000000000010
1111110011100011110101010100000010100000000000000000000000000000000010
1111101100110010001000010101010001100000000000000000000000000000000010
1111101110011001110011000110100101000000000000000000000000000000000010
1111111111101101011111111010000111100000000000000000000000000000000010
1111010100101100110110011001110011100000000000000000000000000000000010
1111001100100010101000100100101100000000000000000000000000000000000010
1111111010101011110110010011010110100000000000000000000000000000000010
1110110101100000110111110101001000000000000000000000000000000000000010
1110011000101101100101011100100001100000000000000000000000000000000010
1111101100111010110011101011101110000000000000000000000000000000000010
1110100000100011001001111011010011100000000000000000000000000000000010
1111111110110101010011110010100000000000000000000000000000000000000010
1111011110100101110000101101010000100000000000000000000000000000000010
1111001111010010011111111000111000000000000000000000000000000000000010
1110000000100100110111010010000011000000000000000000000000000000000010
1110100010110101011011110101010111000000000000000000000000000000000010
1111011100010011110011000001101000000000000000000000000000000000000010
1110001101111000001000101011110011000000000000000000000000000000000010
1111101100000110011100100011110110100000000000000000000000000000000010
1111011111111100010010000001011000000000000000000000000000000000000010
1111111110101101110001110101111110100000000000000000000000000000000010
1110001001100011001000110001100010100000000000000000000000000000000010
1111110000001010100011110000010111100000000000000000000000000000000010
1110001100111000010001100100100001100000000000000000000000000000000010
1110001100111100100100001010010001100000000000000000000000000000000010
1110011010111011001101111011000110000000000000000000000000000000000010
1111001110010101111110001001011111100000000000000000000000000000000010
1111000111111110101100001001000001100000000000000000000000000000000010
1111100010110001011011100111101010000000000000000000000000000000000010
1110000000111111101100010111010111100000000000000000000000000000000010
1111000100001110100000000100100110100000000000000000000000000000000010
1110101100011101010001001100100010000000000000000000000000000000000010
1110100101000111010001101000110100000000000000000000000000000000000010
1110000011001001100100111100001000100000000000000000000000000000000010
1111100101000100110011110110100100000000000000000000000000000000000010
1111101111010101110011010000000010000000000000000000000000000000000010
1110011011010000110001001101111000000000000000000000000000000000000010
1110100100001010001100101001001010000000000000000000000000000000000010
1111001010000100100011011011011101100000000000000000000000000000000010
1110001010001100010110010101001011000000000000000000000000000000000010
1110110110110100111001111011111010000000000000000000000000000000000010
1111010001001000111111101110010011000000000000000000000000000000000010
1110011100011001111010000100110001000000000000000000000000000000000010
1110000010000001110100111100000111000000000000000000000000000000000010
1111111111010011111011110001110001100000000000000000000000000000000010
1111100100100011100001010010000000000000000000000000000000000000000010
1111101100010000010111110110010001000000000000000000000000000000000010
1110010001110111011000101000010111100000000000000000000000000000000010
1110010000010010001010111011000101100000000000000000000000000000000010
1110100010001111100100111000001000000000000000000000000000000000000010
1110111011111111100100111110001001000000000000000000000000000000000010
1110011110110110011010100110110001100000000000000000000000000000000010
1111111101110011100110001001001111000000000000000000000000000000000010
1111010011101011101001001010001010100000000000000000000000000000000010
1111011110100101000110001000110111000000000000000000000000000000000010
1110010010100011111100010000000101100000000000000000000000000000000010
1111101101000101101000011001010000100000000000000000000000000000000010
1111110001111010011110010010001011100000000000000000000000000000000010
1110010110111101110100011011000000000000000000000000000000000000000010
1110000111111110111010110110100100100000000000000000000000000000000010
1111111000011010100011101000001000100000000000000000000000000000000010
1111110100101000100000001110001011100000000000000000000000000000000010
1111001111010000101110011101000010100000000000000000000000000000000010
1110011011110011110111100110011110000000000000000000000000000000000010
1111001011110001111110110110000101000000000000000000000000000000000010
1111110111101011101100101110001000000000000000000000000000000000000010
1111011001000100001110100101010010100000000000000000000000000000000010
1110011001101111100001011001011000000000000000000000000000000000000010
1111111100110001100110111100000010000000000000000000000000000000000010
1111011101111111000111111000011001100000000000000000000000000000000010
1111010111000100101101000010111101100000000000000000000000000000000010
1110101010001100001110111000001110100000000000000000000000000000000010
1110100000010001011001010101101100000000000000000000000000000000000010
1110111110011111011110101010011000100000000000000000000000000000000010
1111001101000101100000100110000001000000000000000000000000000000000010
1110111111101001001000001011100110100000000000000000000000000000000010
1111001110010000010001111111000001000000000000000000000000000000000010
1111011111101011110010100100001000100000000000000000000000000000000010
1110000100010000001110101101001011100000000000000000000000000000000010
1110010011011100001001100110001001000000000000000000000000000000000010
1111101100011101001001000100001101000000000000000000000000000000000010
1110100011110000100101110000110100100000000000000000000000000000000010
1110100100011111011101101001101101000000000000000000000000000000000010
1111010111001101011010011100100110000000000000000000000000000000000010
1110110111110001011110011011111110100000000000000000000000000000000010
1111110011000010110101000110100100000000000000000000000000000000000010
1110111011110000100101011111111101000000000000000000000000000000000010
1110000111011011000001000010101100100000000000000000000000000000000010
1110111110011101110010111111011011000000000000000000000000000000000010
1110110010011101011001000100010101000000000000000000000000000000000010
1111111110000110000110000000000011000000000000000000000000000000000010
1111011111001010011110110111010110000000000000000000000000000000000010
1110111111001001010101110101100001000000000000000000000000000000000010
1111101111000100000001100111001010100000000000000000000000000000000010
1110101111110000100111100000001010000000000000000000000000000000000010
1110111101110010001010001011100101100000000000000000000000000000000010
1110110000101101110011101000001000000000000000000000000000000000000010
1111001101110101110000000110000100000000000000000000000000000000000010
1110101001000000101111111111110011100000000000000000000000000000000010
1111100110011110010011101000110110000000000000000000000000000000000010
1111001000101000101010111010010110100000000000000000000000000000000010
1111111001011111000110001111000100000000000000000000000000000000000010
1111100001100000111000110001011110100000000000000000000000000000000010
1111101000001110001011100001110100000000000000000000000000000000000010
1110100000011011011001001010101110000000000000000000000000000000000010
1110100001000101011110001111101101100000000000000000000000000000000010
1111000010100111001011000011001010000000000000000000000000000000000010
1111111001111110000010100000000101100000000000000000000000000000000010
1110100101111011010111101010001110100000000000000000000000000000000010
1111001011010000000010000000001100000000000000000000000000000000000010
1111010010000011000110100101111101100000000000000000000000000000000010
1111010100001011000110100100000101100000000000000000000000000000000010
1110001100101001010001000101101100100000000000000000000000000000000010
1110011011101001111001011000010110100000000000000000000000000000000010
1111001010010100101111001000010010100000000000000000000000000000000010
1111011001011010010111000100010100100000000000000000000000000000000010
1111100101101101100000010100000101100000000000000000000000000000000010
1111111011101100100001111010010100000000000000000000000000000000000010
1110101011001010010000011010000111000000000000000000000000000000000010
1111100111001110000010100010100101100000000000000000000000000000000010
1111101100100100101010010111000111100000000000000000000000000000000010
1111101100011101010001100011000011100000000000000000000000000000000010
1111011100100011010011110110001111100000000000000000000000000000000010
1111100010110100011100100010100110000000000000000000000000000000000010
1111101100011110000010010001000100000000000000000000000000000000000010
1111100000100111101101011111010011100000000000000000000000000000000010
1110101111110001000100101000000100100000000000000000000000000000000010
1111100011001001100100100011010111100000000000000000000000000000000010
1110111001001010110000001011111110100000000000000000000000000000000010
1110010111100010011101000111100011100000000000000000000000000000000010
1110111001001111100000111110111000000000000000000000000000000000000010
1111010011101110011011011011010100000000000000000000000000000000000010
1111100000001000111000100000010010000000000000000000000000000000000010
1110001000100010011110001111010011100000000000000000000000000000000010
1110111101001011100110101101010000100000000000000000000000000000000010
1111000100011011110101101111100000000000000000000000000000000000000010
1111100001011110101000111000010010000000000000000000000000000000000010
1110101001001101110010101011110111100000000000000000000000000000000010
1110101010011001011010110000001000100000000000000000000000000000000010
1110101110001111001000000011000101000000000000000000000000000000000010
1111111111011011111110001001111100100000000000000000000000000000000010
1111110100000010000010011001011000100000000000000000000000000000000010
1111011010110010001000110011110100000000000000000000000000000000000010
1111110101010100101010000011110111000000000000000000000000000000000010
1110011011001100100010010100101010000000000000000000000000000000000010
1111010000011111000100000001111000000000000000000000000000000000000010
1111010111100010001110101001111000100000000000000000000000000000000010
1111011110010100001000011010011010000000000000000000000000000000000010
1110010111001000011000111010100100100000000000000000000000000000000010
1110011111001110110100010001010101100000000000000000000000000000000010
1111111001110100010010001101101101000000000000000000000000000000000010
1111010000111100111010001000011111100000000000000000000000000000000010
1110001011001010001001110000100000100000000000000000000000000000000010
1110001010110111101100010110010100000000000000000000000000000000000010
1110110110100111100101000011101001100000000000000000000000000000000010
1111010111101000111101010101000011100000000000000000000000000000000010
1111000000010011111001111100101001000000000000000000000000000000000010
1111111110011111100001011011000111100000000000000000000000000000000010
1110001101111001001100111010100111000000000000000000000000000000000010
1110010110100101011011101001001111100000000000000000000000000000000010
1110001101010111010011100110101100100000000000000000000000000000000010
1110001010101100010111011011001000000000000000000000000000000000000010
1110101110001011010110100011011101100000000000000000000000000000000010
1110110000101101011010011010110011000000000000000000000000000000000010
1110110000111001100010101010101110100000000000000000000000000000000010
1111011100110001000001010110111001100000000000000000000000000000000010
1110010010110001010100010001111001000000000000000000000000000000000010
1111001111000010111010011000001001000000000000000000000000000000000010
1111111000110011100011001001000101100000000000000000000000000000000010
1111110010011101110111100011110000000000000000000000000000000000000010
1110011011100101110100101001100110000000000000000000000000000000000010
1110010011001111011000111111000011000000000000000000000000000000000010
1111100111101001010011001101100100000000000000000000000000000000000010
1110010001100011000101111111101100000000000000000000000000000000000010
1111000101000111111110011001100101000000000000000000000000000000000010
1111101011011100100001011001010110100000000000000000000000000000000010
1111101010100000000010000001001010000000000000000000000000000000000010
1111010101100011001011001011110001000000000000000000000000000000000010
1111100110111111001000111101001011100000000000000000000000000000000010
1111000001110000110101011000001010100000000000000000000000000000000010
1110001010011011001000011100001111100000000000000000000000000000000010
1111111101000001101101100011100101000000000000000000000000000000000010
1110100011101110010000111101001100000000000000000000000000000000000010
1111011100110000010110001001110001100000000000000000000000000000000010
1110111010010111100000010101010100000000000000000000000000000000000010
1111110011001100111111100001100100100000000000000000000000000000000010
1111001111100111110000111100111111100000000000000000000000000000000010
1111101101010111110100000110011110000000000000000000000000000000000010
1110111001001111001111011110001100000000000000000000000000000000000010
1111110010010101101111110001001101100000000000000000000000000000000010
1110110111111011000001100100110001000000000000000000000000000000000010
1110101001010100110010011100010101100000000000000000000000000000000010
1111100010000001110011010000011001000000000000000000000000000000000010
1111010100110001011101000111000011100000000000000000000000000000000010
1111001100100011010000101110101100100000000000000000000000000000000010
1111100000000010001110111001000100000000000000000000000000000000000010
1110001111000101000011111010100000100000000000000000000000000000000010
1111100000110011100110001010110111000000000000000000000000000000000010
1110000010000001110000011100111010000000000000000000000000000000000010
1110100010001111111011011111111011100000000000000000000000000000000010
1111111011100000100111100000011100000000000000000000000000000000000010
1111100000011110110100101011100000000000000000000000000000000000000010
1110000000111011111110010110111011000000000000000000000000000000000010
1111011010101101010000011110101111000000000000000000000000000000000010
1111011011000010010011001000011001000000000000000000000000000000000010
1111010110000100101100011001000011000000000000000000000000000000000010
1110001110110111010010000110010001100000000000000000000000000000000010
1111101010010000001101110100000111000000000000000000000000000000000010
1111110011001110111001010001100001000000000000000000000000000000000010
1111010100111011101011010111010110000000000000000000000000000000000010
1111101010111101101111110100000011000000000000000000000000000000000010
1110001011110001111000001011011111100000000000000000000000000000000010
1110010010001110110101010010100000000000000000000000000000000000000010
1111101010010110101010110011101101000000000000000000000000000000000010
1111111000100001100111100111000111100000000000000000000000000000000010
1110001010100000101110101010010100000000000000000000000000000000000010
1111000011110100000100011010111011100000000000000000000000000000000010
1111111111000011110011110101101000000000000000000000000000000000000010
1110110100100100000011111111011010100000000000000000000000000000000010
1110100011001011100100101011001111000000000000000000000000000000000010
