1010000100011000111011010101100101001100001101111111111110111000000010
1010010011000100010110001010000110010011000010011100000010110000000010
1010110101000001111010000000110011001111001100110001010110000000000010
1011101011101010000000110101001101100100000110110101001110111000000010
1010001000100001111101110001000001010000010110010111001111110000000010
1010100100101110101111100100001000000111011100001101101110001000000010
1011100100000100110110101100111111011001000000010000110011010000000010
1011000000101010011101101110010011001101101011001111011011110000000010
1010010110001010100000011000101001001111101001100111110011011000000010
1010110011011100101001010000111011010111011100100110101000001000000010
1011100010100100010000111111000010101100101100111110011011111000000010
1010001000101001011010010010010111011001111001011010000110010000000010
1011101000110111111101100101101000101101101100111011111000101000000010
1011000000001011000101110010001011100010110111011011011110011000000010
1010010000111100000001010110000110100111101100011110100010110000000010
1011111100011010001110110001100101011000111011011010010111011000000010
1010100111000010000100001100010101100011001100110001011111010000000010
1010110000001000010010010100011011110011110010001101001000000000000010
1010000100011100110001111001011000001010111101111011110001110000000010
1011101011011100111001010101101010000100011010001010101011001000000010
1011101011101011011100010010110111111010011110111111011010010000000010
1010100100111100101100010101001111110111110111001010101111011000000010
1010000110001000001010010000111100000100010010110111101011011000000010
1010010011100010101010110110000010111011100110011000111010011000000010
1010100011110011010001110011000100111111110011101110010011111000000010
1010101100110111011100000001001011110100110101000010101010110000000010
1011000100111000000010001000001011001101110011001100000101001000000010
1011100101101010000010111110100011110111001111011111110110000000000010
1010101010011011010111101111001010010001110101011010111010011000000010
1010101000100111010010011110000000010010111101100100000011100000000010
1010000010101100011001010010101101100001010101000101010111010000000010
1011111100001110010001110010001111101101101101010111011111001000000010
1010010010101010101010110011100010001101101100000001111100010000000010
1010100100111101010010011110011100111100001101000011011011110000000010
1011101110110011010010011110100100001110010000101111010111010000000010
1011100111100011010011110100000011101111110001001111011101101000000010
1010110010010101110101111001011010101101001100110110111000111000000010
1010001110011010110000110111111011011110011000000101100010101000000010
1011110010110000001000010000110100111011101111111010111010010000000010
1011100110100110011110000000000010100001101110110110100011100000000010
1010101010011001110001000000001011010110010101010001010010101000000010
1011001100100100101101100100000010011001010001100111001000111000000010
1011111001110111101100000000001011110001101111100110101001010000000010
1011011110001000010001111110010110111011001100001010001010111000000010
1011101101011101000111100101101011100111100111011110110010111000000010
1011011101000101011100000100111110111110001100110110010101010000000010
1010110000011011000100001101010010100100101010111010010100110000000010
1010101100010001011011001111000001111010011110001111010110011000000010
1011111011010101111010111101100011110101010110001110100111001000000010
1011010001000110000101000101100010001100101010100000001101010000000010
1011100001011110011101000011101011111101101011101011101001111000000010
1010001001010011101111001011111101011011100111111001000101000000000010
1011110110110001111011101101000101110110010010110010101111110000000010
1011001011100010000101001100110001101110101001011010011101110000000010
1011010001000111001100110101011111100100001011011101001101101000000010
1010100000000001101110100010010000111000100111000001110110101000000010
1011010111100000000001100101010000110111010010100110110110011000000010
1011100000110001001101111110110111110001101110111101111101110000000010
1010000101001110001001000101110010101001011010001110011010101000000010
1010110101110100001011100000001010100001110001111001101011010000000010
1010010110100001000110111011100011101100010011111001000001011000000010
1011010001000011010110110101101100111100101011110011001001101000000010
1011111100011100111001010100010010101011000110111100001011110000000010
1010110000010111110001110111011100011011111000110000010111001000000010
1011100100001101001000100101100000000000000000000000000000000000000010
1010111110101110001011010011100100110001110000100101100110001000000010
1010011010000100101100111101010010110000001100111100111011011000000010
1011100000000011111101010110011111111111001100110000011011110000000010
1011101011010000000000101001010001001110110111010101001110111000000010
1011100001110110101101010010000011101010000110101011011101001000000010
1010010111100111000111100100100000110001011100110000010111111000000010
1010111011110011101111010011111010010111000001110011001111011000000010
1010101101010000011010101011011100001110110001100110000000010000000010
1010100000100101011010001000011011110000101111011010110011000000000010
1011100010010000010011001100100001011010111110101100011111110000000010
1010000100100011011100011000010110010001111011011110001111111000000010
1010101100001000110101100110100111000111000100110101000110011000000010
1011010111100101101101011000111011111111000111111111111110110000000010
1010110000100000010101000001010011011010000101011001010100110000000010
1010110101001100100000000010011001000010111100100010101100011000000010
1010000100100110001110010010101100000111101111111000110010111000000010
1010010111011001011000001010001011110011001101101110111101011000000010
1010110000001000010001110101110111110001101001000001010110101000000010
1011110101001100100000000011001000101011100110000110011111000000000010
1010011000101000110100100101010100110000010111100011111000010000000010
1011010010001110101000000001000110101000011011101111111111101000000010
1011001001001000000010001100111111011001111011011111001010110000000010
1010001110111110110000001111101001101111111101111001010100011000000010
1010001111101100100000010110001101110101110111010011001010001000000010
1010010101001010000001000010000011100111011000100011111011000000000010
1010001111000000010000001100011111110000101111000011011001101000000010
1011011000000100000001011001001000101010011111100001010010010000000010
1011001011101011001110000011000010100011110100111110010010110000000010
1010111111100001101000011111100110110111111101001011111100000000000010
1010011110010110010001110010110011000000001010100010010111100000000010
1011010110101110001110011011100001001000001011000001100101011000000010
1010011101011010000000100010000110000000110100111100001101010000000010
1010111101011110100000000110000111111100000101001110101111110000000010
1011011010110001111011011110011111110110111100011111110110101000000010
1011011000000100110001101001110110011001011110110101100011011000000010
1010101101101000101011000110011110010000110001000001001101110000000010
1010101001100110110001100101101010101001110111010111011011111000000010
1011001000001010111100000110101110100101001111100010111010011000000010
1011111001011101001011100101000011101100111011111101101011110000000010
1010000101101010101001001111100000100000100111001001001110101000000010
1010100000000001010010110001101010101100011111011000001000110000000010
1011001111110000001101001110011001100100111011111111001110001000000010
1011011001100010001010100000110001111010010110101001101010001000000010
1011011001000101101011011101001011000000001101001110110101000000000010
1011001100010110000010111100100000101110010101110001100111010000000010
1011010111110000000101110101101101111010111101000010011010001000000010
1011010000000000011110110111100101111011101001111101010110101000000010
1011010100010001000011011001000011000010001011101111110001110000000010
1010110000011100110010010001010110100001000110110100111010000000000010
1010111111000011110100110011100110111011100010010111001101010000000010
1011001001100100010010110110000111011011100001111000101100111000000010
1010000001101100100101101100100010111010001101001000010101110000000010
1010000110101100110100000001011010010100000000011111011101110000000010
1010111010100101010001100011110011101100011001001000111000000000000010
1010001111100011010010011000101110111000100010111111111101001000000010
1010010010000110001100001110010011000110001011000000101110000000000010
1011001010110110100011110000010010010001100111001110100010001000000010
1010000100110100010100110010010001001000111101110001101110111000000010
1010100101011001111000010100001000010101101100101101111101010000000010
1010100010100100110101100000100101011011001110001111111010101000000010
1011100110000011001101110110110011101001011110111110000001100000000010
1010000111010000000101100100010000101000011111000011011000111000000010
1011000010000101010000111001110001110100101100111001000000111000000010
1010111000000010101000110001111111101111001011011101101110011000000010
1011100110001011000101100000000101011001101110111010111010011000000010
1010100000010000111000101000001001001111111011011001100110001000000010
1010000111100111011010100010100001010011000111010111011011010000000010
1010101001001100001011110010011001111110001010111000111111101000000010
1010101001101111001110100010110011111010100010110101100010101000000010
1011001101110011001100111010110000111100111000110111110100101000000010
1010000100000110000110001111101110100010101101001100001001111000000010
1010000011100111000110001011110010011101000110110000001100011000000010
1010000110111111111000000010010001000000001001100110100110010000000010
1010110011010001001000010011111000011111101011011111111010001000000010
1011000011010111110010011001011111111000110011110010010011011000000010
1010111010100111100110100110101010100001011100111100101110011000000010
1011010110100100110001101111111011101101001011010101001100011000000010
1011000001100100101101000001011001000100100111001111101111001000000010
1011110110001011100011011101110010100100011011110101111110010000000010
1010110111010011010111111100100101101010101101101110000101011000000010
1011010100011001010001001111110110010011010100100001100111110000000010
1011101001111100110000010000110001100110110101110111100100011000000010
1010110001100010100101001010111110100110000111110111101110011000000010
1011011000110011010100111001001101110101101110101011111100010000000010
1011001000101110100100101011101000110111111011000011000100111000000010
1010000010011100111110000011100001101011000110111010000110011000000010
1011011011110000101100001001111110011000010011111100100111001000000010
1010011000001100100111100101110011110101011110101100101100110000000010
1010001000101111011101001111110011000110010101000011010101101000000010
1011100111011001111111101110101001100011110010101111100011101000000010
1010100010010110000000100011001011010101010001000101110110001000000010
1011001111101000000110000100010010111010111100100010001000010000000010
1010001000101101001010100001001011111100111011111001100101111000000010
1010011110010101100011011011111111011100010111011110011011000000000010
1011000010010111001100000111100111100111011010000001000110001000000010
1011010100100101100010110100011000000011011111110100001010001000000010
1011000010001000111000100000011010000111100110001000111000101000000010
1010001000010000000010101100001000001000101100011011010000000000000010
1010100111001111110101111111111000000000010100100000110110100000000010
1010100000001001011010100000111111000010101111001111100110000000000010
1010101110011101011011110010000110001101110111110110101001000000000010
1011001100000000001100101001110111000100101011000110011011110000000010
1011000110010000110000101011110001101001001001110000111011100000000010
1010001001000101011000000011011010011110110100111111001101011000000010
1011110011011101111100100010000111001000010001001111010111011000000010
1011101011110000010100000011011110101111001101101010100101100000000010
1010000010011000010110001101100111010111000000111011111110111000000010
1010010000101000000010111010110000111111010100111010101110011000000010
1010010011011010111110011001001111010011111011110101011000001000000010
1011100000101000111110100000100001111111010110110010111111111000000010
1010000101000001111001111100000010001110111001001111110010010000000010
1010001000100110101000001101101010011011000011000101100001001000000010
1011000001111010111010100100101101010111000011110100000001110000000010
1011000100111100000100000000100111000011111011000100010100100000000010
1011000001011100000011110101111011100101101111110011011011001000000010
1010001000101111101000111001010010011001000110111111111010001000000010
1010001010010101100010111100111111110011100000000110001100000000000010
1010101110111101110000000001010110001011011111110101011101011000000010
1011001101101010001011110001110110100110000111110100101111111000000010
1011100011101010110000000111110011101110011101100101111010110000000010
1010010110101110110101000000100011100011100001101010011000001000000010
1011000101110111101100110011010111111011110111101111110001011000000010
1011111101000000011001111110000111101011100001100101111100100000000010
1010001010010100100000110101000000110000111100110011010001111000000010
1011001110101100010100111000111011011111011100110010111001000000000010
1010010100001011000001011100110100111100001011001101100010011000000010
1011000010100110011011001010000101011011110111011100110100000000000010
1010110011001111100010010110011011110011011110000001010001100000000010
1010001000100000101000101111010010011111111110000110111111101000000010
1010000110011110011010000000011011111110001011011011110000100000000010
1011001000100110001101000100110101100010001111011001111101001000000010
1010011010110101010111011001100111110111011100110110010111011000000010
1010000011110100011000100010111101011011110110110111100011100000000010
1010111010110001110010001000101010010000011101010111011110011000000010
1010001100101000001011000001100110110111101010111000111111101000000010
1011110000011001001101110100000101011101111000111110000110110000000010
1011000001000100001000010100000011100101110110111010110110100000000010
1011011110100111010100001000100110110010110010110011011011001000000010
1010001100011010010000001001011000110111111111110011011011101000000010
1010010111010001010010110111100110000001011010100111100110010000000010
1010101010010011101110001000011010101010100110001100110000110000000010
1011000100000011100011001001011001100001000000110011010011011000000010
1010011100111000101001010110011111001100110000110110000000111000000010
1010101111010101100000100001001010011100010101100001100001111000000010
1011000011110010100100000010000111101010000011001111011011000000000010
1011100101000000111110111110001001100111001110110000110011110000000010
1010100001000000000000011001111111001011001000001110110010000000000010
1011000101010011100110000110010100100011000111111101101101101000000010
1011010000100010010100101010010001001100000110101100111100111000000010
1010000011100000101100100010000010000101010110111000110101100000000010
1010000010000001101110110000101110001111011111100100101011110000000010
1011000101000110100100101110111011011110011100001011000110110000000010
1011101000000101111110100001101111000101100000100100000011000000000010
1011011011111010111001100110010001110101011110110011010000111000000010
1010010011000101110101110000010111000011001011010111101011100000000010
1010110111111101001001111111001110000101011011010100000111110000000010
1011100010011101111101101010100000100110110110111001011011111000000010
1011100010101110101100100001011101100100001100111111011101011000000010
1011111101110110101111011010101111010000111011110110101110110000000010
1010100010011110011001010010011010111000101011110100001000011000000010
1011111111011101100001001100010011110110110111100011000111010000000010
1011111001100100000010000001000111110001011101001000110110011000000010
1011011101110100001001000010111101010111011110000110111001000000000010
1010000000101110010010010001111001010111100001111001110101011000000010
1010000100110101010000111001010001111001011110011111000110010000000010
1011010100110111110001010010011001100001000100111100110010010000000010
1011011010100000000110101111111001011010101100111110101111111000000010
1010001110101001100101000100000011111011111001010011100110100000000010
1011000010111010100011000011001111100011011010110000011100001000000010
1011100001010001110001101001000001111110001010101111111110100000000010
1011001100010100001010100101011111110010111111010111110101111000000010
1010010011110111110001101111100000000100100100011010111101000000000010
1011000111010000100010000111011111010011001011111111111000101000000010
1010100011000000101011001100101110001011011001011101101010111000000010
1010001100010101000001100001100111010000101100011011101101111000000010
1010110001001110100100010011110101000011000011110111001000111000000010
1011001001000111101011101010110101001110111110001111100010000000000010
1011110000000110101001101100100101111100100011110011100101100000000010
1011101000111111100010100100001100110111100100011101101101000000000010
1010101000100011111011000111010101000001000101100010011010100000000010
1010101010001110111010101011000101100001001111111100111001111000000010
1011110100110111101100011100100010111111100010111001110001000000000010
1010001001100100111000100111100100010101100001010010100101010000000010
1010001011001001110111000001010001111100110111111100000101110000000010
1011111011101101011011101111010010010110010111101101101110110000000010
1011010000100101110110100000111011101111000111011111001010110000000010
1010100001010101010001000001010000010011111010011001110110010000000010
1010100000010000111100100111111001000111101111110101110000110000000010
1010100111011110101110101111100101011000110101101011011110001000000010
1011110001100001010100101000000100000000101001010010011010001000000010
1010111101110101001111010100100011010110001110110111110010001000000010
1011100111010111111101001110010000101101111111110011010011100000000010
1010000011110100010110101000010000101100100010111001111001101000000010
1011110101110011001001010001000110011101010101011000001100001000000010
1011000100001101001111110000000011010110000000110011110000011000000010
1010101000010111010001111001100001101001010111001001010110110000000010
1010010111000110100000000000111011111110101101110010010101001000000010
1010000010000000000001101110111001011111110101011110000101111000000010
1010001001110110110000000011111111111101110101111001100101110000000010
1010100001010100010100001101010001000011110101011110011001110000000010
1010101011011110110001100001101010010111000101011010100011110000000010
1011011110010011000011100001110111101110100000011111111110011000000010
1010000011000101010001000111110101101001011111001000101010110000000010
1010111011001001011011110011110001100111101111011011110010111000000010
1010110011001001111000100101001111111111110110000111011101111000000010
1010111010011001111100100000111011111001001001110111111010011000000010
1010010000101101101000100101001011000101110101101001101100011000000010
1011011010000111010011010000000011111111010011000111011011101000000010
1011101110000010100011000011000010101001101000010000110100011000000010
1011000001010101100100110001010011100110000011110110001000111000000010
1010110011101100000000000001000011111100101111110000000100111000000010
1010100011110101011111001011001010000000010000010000111101011000000010
1011100000001010001010101001011100100011010111100111101101111000000010
1011001000001100010111000111001001101011111111101101111011111000000010
1011011011001101100001000001101110110010110101111110000110101000000010
1010010101010000000000100000010111011101011001101101110011011000000010
1010100010101000011011100000111000001100010110000110110101100000000010
1011001010000000110101000011100111111010111110011111101110110000000010
1010110111110110100110010001110010000010110001111101101001110000000010
1011001100110001011001110110111111000010100100101001110111000000000010
1010100111001100110111001111101011001010110010111110100000001000000010
1011110010000011000101110001101111100010001111011100011110111000000010
1010111011000100001111100100001000010100101100111000011011101000000010
1010111100010010111000010100000000100100101001100100001111011000000010
1011000111000100110001010011000110110010001110111100011101011000000010
1010101001011110011001111001011101010110011010111001000001101000000010
1010100000110100001010001001001100110101011111110111111110000000000010
1011111001010011010010011100110110011001000000010110111101101000000010
1010000101100010110100010000001110110000111000111010001001110000000010
1011111001100010101110000101010100110101110001111011111111011000000010
1010111000110111100110100000010001101101111101000101101011100000000010
1010010011100100010111100000101001111000111110100001111101011000000010
1011110010011110110010010001101011100011111010000010011111111000000010
1011001010000000111000000100101010011101111101010011010100011000000010
1011111001100000000100001001010100001001101110100110110001000000000010
1010000010100000001010000000000110001110010011011000110000110000000010
1011100010010011010101111010101111001111100001011001111001110000000010
1011011101011010001000001000101010011101101101010110110000010000000010
1011110010110010001111110100010010011000110000111101111111111000000010
1010000000111110000001110000101111110100100010011110000010101000000010
1010111001010101000000000000010011001111011111011100100010011000000010
1011010110010100000111101000101011011011111101010111111110110000000010
1011000101100100100100000010111111001100111101110110111111110000000010
1011010001010001100011000001101111000011100000011111001011101000000010
1010100010110000001101011000111011001001011000010011100100100000000010
1011101001111000011000000001110110111001111111011101111111000000000010
1011011000111101101010111000110100100001011101110110111111101000000010
1011001000011011101101001000110101110111000011111101100111110000000010
1011010010101001010101101000000110000111010000011001111101010000000010
1011100011001011011001000011111111100111100010111101100110010000000010
1010011001000010010000001000001100110110111101111010001010110000000010
1010101000100110000100000010000110100011101000001001000001101000000010
1011100100011000110000111101100000111011001101111001001101110000000010
1011000001001000000011100011110110101110011001110100110110110000000010
1010111011101000010111001100111111111111011110110010001110101000000010
1010010001000011010111100110100111110101101110010011110001110000000010
1010111101010000111010100100110011011110010110010110101011111000000010
1010010000000101001010000100001010011010100101110111011010101000000010
1010101110010000010100011110000001110111010011010010100011111000000010
1011101101010110100010010101111111110111000001001111101011110000000010
1011001100010010001110111101110100111101111001011111111011111000000010
1011010010001101101000101000101000011111000100011111011110100000000010
1011101001111000101100110100000001010011010011111000001011111000000010
1010001111010110100101010000000001110111000001011010010001111000000010
1010000100010000000100101111011001111011001110011000111011011000000010
1011110100010000001100110110111010111111110000011110011001101000000010
1011100011110001011110010000000010111000101100111111010010100000000010
1010110000001101000101000010000110011000010101111100000001010000000010
1010100011100110110000001111101110111100110110110110001001000000000010
1011001110110000001110000110110111110011011011100001011000101000000010
1011011010100101010000110001010001101000101001011110011101100000000010
1010001001000000010111101011100011011000100001000100010100010000000010
1010011001110011001000100011100110110110001000100010001111110000000010
1011001101011001001001001000010000100101011010111110110000000000000010
1010001001100010010000001011100010101001000000111101011100110000000010
1010110110100110110011001110010011111001001100010100010010000000000010
1011101010100010000001000001010011110110110010011010100001110000000010
1011000101101010100110001110111110010110001011001100111110101000000010
1010001101100001001000111110010010111111111010100101101100011000000010
1010101010010001010000100100111010110011111011110110010101010000000010
1011011110101011000001010010000110110011110110110101100001000000000010
1010000101111010101100001111011001010111110111111001011111010000000010
1010000011101000001000111010101010011110111011110001110010010000000010
1010101010101010110000110101101101010101101111101110000011111000000010
1010011111001111001100100101001000110111110001011101011111011000000010
1010100011100001100010001010010100111110000011101101001110111000000010
1011010000011011111011100010101001011110000011101001110111011000000010
1010000101101100011010001010101110110010111001011101100111111000000010
1010001100000110001111010010101001111101110110111111000001001000000010
1010000101111000100100100100000111111010101010110110101011011000000010
1011010000011100010100001100101110011101101100010000001110100000000010
1010111011100000011001011101101001000001011011011001110011110000000010
1010001111111111010100010100000010110111111000101010110011101000000010
1011011000011010101010100001101111111101010111111110011101111000000010
1011111101100101100101100110000000010110111110011001001011011000000010
1011101001000101100011000000000001001000001010100010000011011000000010
1011011001010001110001000010011010001100110100101101111010110000000010
1010101010110000000011000110111001100101011111100111101111110000000010
1010010110100110110101001100000001101101010100001100011000011000000010
1010000101001101101001111101000100110001110110000100100111010000000010
1010011111000001001001011000010110111001000000101101001011111000000010
1010110000100110000000000000111011101111010011110110101000000000000010
1010101001000101001010110000001010111110111011101010001110110000000010
1010110010101011000010001001101011011110110110101110000101101000000010
1010110101110010001010101111100011110101000110111111001111101000000010
1010001001100110111101100111010011110100110100101101011110101000000010
1010001001000100100010011001000000101110101111100000011110101000000010
1010010011001111011110101000101100000110111111110010101101110000000010
1010010101010000000000100111010001111111111111110101101001111000000010
1010010001111100101011100010100010001111110111010000011100010000000010
1010100011000110100100111001001000111110001110100101101100000000000010
1011011100100101110111010001001001000111111100000001000100100000000010
1011110100010101100100100010011011110101110010110000111010111000000010
1010101110101111000010001010110111001111100011111000101011100000000010
1010001110001100000100010110010110010110010101110001101001000000000010
1010101000010110101010000111000001101111100111000101110110100000000010
1011110001001101000001000010110001011101011111110011000011100000000010
1010001010101100100110101010101100110011001110011111010011111000000010
1010101100101101101001011101100100011100110101110000001110010000000010
1011000000000101111001011110010001010110111011010011100010011000000010
1010001010110000010111101110110010011001010101011111001100101000000010
1010010001011010101010111111010011100011100001110010100111101000000010
1011011110000101001001010000100111111110111001001000101101010000000010
1010000010100111100011110011011011111101010011100110000000000000000010
1010011110000101110001100100100011110011010110100010100110100000000010
1010000100110011010001101011100010100001101011011101101110111000000010
1010001010100001000011000001111111110001010101100101011111001000000010
1011000000000011101100111000011101110100011000101100100100110000000010
1010101011100101000110010110110010110000100110001100111010100000000010
1011000000001111000000001010111001011101010111111010001111110000000010
1010010111100011111001011000100101111110011101010111111111011000000010
1011101000001100101101001011101100011011111110111001111110110000000010
1011100000110011101100000001011110111100000111111000100001100000000010
1011101101001010000001100111101100101001100100110110100111000000000010
1010001100100001101000100100111101100110111001101011100101111000000010
1010011010000001010001000001001111001001001111111100101001011000000010
1010000100000100111011010111100101001110111100010010101011100000000010
1011001001110000010000111001110000101101100111000010000110111000000010
1011000110010010010110111000111000110010011100101000110101111000000010
1010011001000010011000000100001011101100111111100011101010011000000010
1011011000111001001001001100001010011110010100110110011011100000000010
1010010111101010010110001000000011110000010100011011001010111000000010
1010000110110000100000101011011100001100100000101100000011111000000010
1010000010111111000111010000000011011010111101011101100011111000000010
1011000100010000001110010000110110110111110110100111001100011000000010
1010110110011101010111000110101011111111100101010100000100000000000010
1011110010010000010000011101100100001111000011111100001100100000000010
1010011010100101000100110000100000001000101010101110101110110000000010
1010011001110110100010100110100101110010000100011011111100000000000010
1010010000001000100110110100000000011100101111011101111000011000000010
1011111011111001101001100011110101001011110111010001011110010000000010
1010101010010101101100100010110010010110100101101111101100100000000010
1011001001000111010000000010000011011000000111010110111111100000000010
1011000000001010111111010000100011111101110101000010011100010000000010
1010110001001111110010100011010110001010101011000000111010001000000010
1011011011011010000100010011010010110000011111110100000110110000000010
1010011011011101000010000010101110110000110110000111110010110000000010
1011100100110001110001010100101001001100110110100110000101111000000010
1010001011101000000000101011000100110001000101010100011001011000000010
1010011111010001000000100111111001111101001000101100000110011000000010
1010100111111011000010011010001010110001100111001110101100000000000010
1010110110001100000011111000111001010100000010110110010001110000000010
1010001111011010111010111010110100101100001101110010110111101000000010
1010000011011001000110011100101001100000110001110101101000011000000010
1010100101100111011000001010111001000001000111011111011100010000000010
1011110100011000111101010000001101001000101100111001000011110000000010
1011001100010110010110101011100101101010000000011000100110100000000010
1010001110001111001100011000110001100111111101001100111000111000000010
1011101101011000000101110000000000011001110111100011011000001000000010
1010001000000001001100110010011100111111110011111010101110111000000010
1010100101110101100101001100111011100111111010000110001111100000000010
1011000100110111100011101001010101010100111101101000001000011000000010
1011011001110101100010110001100000101111011111001011000101111000000010
1010001000001000011000000001101010011111101111011001010110111000000010
1010011001101000110001110000011011111011010100011010101010111000000010
1010101101010011110010011000010010100101101110010010101100010000000010
1011000000111001110001011001110000011111101000101100101000011000000010
1010010000001110001001110010110101001001100101111111110110101000000010
1011011101000110110010001000000001011001001001101111111101110000000010
1010101011001111000011110000011111010011111011000011000111010000000010
1010110001000001100100101101101010010011011001010111100110111000000010
1011000000000000010111010000000001100000100000000110111111000000000010
1010000001001100110000100100111001000101100011001010100101110000000010
1010111011101000100000111111101010111100011011001010011111101000000010
1010100111111111101000101010010001101011010001000000000101011000000010
1011100000000011000001000101010111111111111110111001101011111000000010
1011111111010110011011100000001010101111100010110010011000100000000010
1010101001110101100101101100000001001001111101110111001111111000000010
1011001000010100000010001000111111100100010000000100111100010000000010
1011100010000100011011111011100001110101001010110111011011101000000010
1011001100111100101110101000011110010011101001111111011111111000000010
1010111000011000110111001000110011000101010111111010110000111000000010
1011010000010010011001011000000110011101011111011111110100010000000010
1010001011010100010111100000000000001001001111010011011101111000000010
1010100010111101110010000000100000010110110001011101101110000000000010
1011011100001110010010011100001010110100100011101101011110000000000010
1010110110110001001110100101110010011011001100110101011010110000000010
1010101010010100011110011000101011001000010100010011111010101000000010
1011100010001110000000010011110010100000101001010011101001010000000010
1011111110101000001010110010001000100010110010111000110101011000000010
1010011000110101110110001010100001010101001100001010010111101000000010
1010101110001100101111000111010111100010111111001111111011110000000010
1011101000011000001101010000000011110110101010010100000110010000000010
1011010100101110111101010010111101000101111101010101000111011000000010
1011110001100001110111001001011011100110101000010111111001011000000010
1011100101100011001000110000100011001010101001110111101010110000000010
1010010100001010011100000010111110111011111010011010100101101000000010
1011000101110011001010110010010111101011111100101111100101010000000010
1011011101100000000101001000001111101110101110011101011101010000000010
1011101000100110101110001000111111010110101101011110010011101000000010
1010000000101101100011010101001010110000110000100101011000000000000010
1011101000110010010011101110010011101001111100011010111001001000000010
1010011011101110000001011000100000001111011001100000111111101000000010
1010110001100110010110100001011101100000000000000000000000000000000010
1011011001110000001101100011010111111001101011110000001010111000000010
1011011011101000100001100111010101101010100001010011110111100000000010
1011101000110010000001110111011000100000011111000010111110010000000010
1011100000010000010010111001100111101101000000101110010000001000000010
1011101110011000000101010000011010101110100001011010001010001000000010
1010011000000010100100100001010001111010111011111011011101110000000010
1010111010010101000001110010101011000010110111100100111100011000000010
1010001000111110010001101111011000100011000000110111000001111000000010
1011111010010010000000011001010111101001100111111011011110001000000010
1011000111001010011010111011110101010111000011101111011111110000000010
1010011000000100001001011100000111001001111000101001111001000000000010
1011111001010101000010110011001000110111001000110111000111110000000010
1010000010110010110111111001011010110010101111010101011111010000000010
1011010101111100101010000000100011110110101110110101011100111000000010
1011000010011000101001011111100111001001010100000010101000000000000010
1011100101010010001011111101100000011110011111101000110111101000000010
1011011100010100101011110010011011110010101111010111000100110000000010
1010000111001100100101001011100010010001011010100110101111111000000010
1010000000110001000010101010000100111001011110110011111010110000000010
1010010111000111001011110100010001011011111011100000011101001000000010
1010100100010010101001100110111001101000000101110001000100100000000010
1010111010100010110011110011000001110101111000111011111101010000000010
1011000010111110000111001010100001100001000110011100110100001000000010
1010111001100101111011010001010010110100101110111000010001001000000010
1011100001011100101101001010010001111010101110110110100110111000000010
1011011110001111110011111010000001100100010111101011001101010000000010
1010110100001101010001010011011111010011011100001101011010111000000010
1010110101000111110111010011001010101111011100010101111011011000000010
1011101100100001100001111110000001101111100111111100000011110000000010
1010010111111110110011100111001000111011011011011001100010010000000010
1011000000100000110110010111000000011010101111101100011101101000000010
1010101100001111011010010010011001101100111010111111110010111000000010
1010001000000011000000100000000111011100000000011001011001100000000010
1010011110100001011000101000011110011111010101111101010101010000000010
1010001001010111001000000111000101110010110110101100111001111000000010
1011101100000000100100000110100000001110011010110001001000110000000010
1010110000000000000100000110110111010000111011000100001000101000000010
1010111000110011100110000001010011111110010111100101111010010000000010
1010111110111001001000100110100101010100111001010010010101010000000010
1011100110010000010111000000111001111011110110101111110111101000000010
1010111001011110001010000010111010100001110000000101010010000000000010
1010101000010001001011001001010001101011100110000001011111111000000010
1011101111111010011010000010001011011101010010110011101111000000000010
1011100100011110000001011010010011101110111101110010000011111000000010
1010111101100100100110001100010111111111100100010000111101101000000010
1010101010100000111001001011000001110000011110100011111111011000000010
1010101010010011001010100011101000000000000001010111100111010000000010
1010000000101110100000110100010111111110110100001101010111001000000010
1010010111011010000111011100110000010110010111011011001010111000000010
1010101010010110110001101110000000011000110100100010100011011000000010
1010101011011111000001101111010010110010111111101011110101111000000010
1011001001110000110110110100000100001010001000111111001101011000000010
1010111010100110111100011101010000101010000011010011111111011000000010
1010101000001100110000000011000011010001100000101110101010111000000010
1011110100001000000001101100010100010001011110011110110011011000000010
1010000010010100000000110100000010001111110100111111001111110000000010
1010110100111000010000001100100010110101011010010101011000011000000010
1010001001000100010000101000000110101011101100010111011011010000000010
1010000100000011001111010101101100101101110000001010111110111000000010
1010000000110000001011000010001100101000111100111111110001111000000010
1010101110111111000101101000010101101100110011011100111000110000000010
1010010010111010001011010101001101101110111011111001000011110000000010
1010011101010010100001111111000000000100100111101010110110111000000010
1010000101010010100000110110010101110011101111100110110110100000000010
1010000110010001010011100100000101100010000110001111101010111000000010
1010000101100000001010110101101011011111110100100010100011101000000010
1011110011110011011011100101011101101111000110011110111001101000000010
1011000101001001010100001101001101010111101010110000101100001000000010
1010110100100101010111101110110111100011111110111101011101110000000010
1010110100001010001110010110101011011101010010111110001010110000000010
1011100101001011000010000010110011011111001010110010011001000000000010
1010010011001010110010000111110011101110001101100011011001110000000010
1010000101101110111100011000100100110110000000010110110100011000000010
1010011001010100001011000000000011011010101010111010100101110000000010
1011110011100100100011111000101100101111111000000111101001001000000010
1011010111011000000010000011010011000000011100111101001100010000000010
1011010100000101101011001010010011010111011001111100011111111000000010
1010100001011100100001000000011011101010011011011100101000111000000010
1010110101011011100011011010000111001010110110100000011001110000000010
1011101010001010001101101000001001010110001101110001000011101000000010
1011010010001000001010001100110100101011010100010001101011100000000010
1010000111100111110010001000011010111010111001000010011010111000000010
1010010001000011100101110101000100011000011100001010000110011000000010
1011100000010100001101000011001101011000110100011100001100001000000010
1010000011101110100100110011000001010010110001000100000011111000000010
1010010101110111010101011000100111101000100011111111111100111000000010
1010010010001110000100111010100011011001111010011111100010011000000010
1010100000011000111011011101100101001100001101111111111100110000000010
1010010010000100010110000010000010010011000110011100000110110000000010
