1011110011010111101101000010100000111011011000111010010110111010000010
1010010001100000001000110011010001000000000111101001100011111001110010
1010110111010011111010100010001010000100101101000110101011010100010010
1010111100010110000110100100110110010111111011101001001000000100001010
1010100111010011111101011101101010001010101010110000010110110000111010
1010010110001000010001011101010000101001111110001110010111111001111010
1011010001010000101011100001111110100011011011111000011010101111000010
1011010011001100110101001101110001100011101101001011011010101110011010
1010110101101100100100111000111101110000000010111000000111100001001010
1010011000110100101001011111000001010001011011011100000011100011100010
1011011000100001001011110101101000100001000000000010111000110010000010
1011001011011101011110011001001110011010111010010001010100000110110010
1010011011110111111100100010110101101010000110111010010000000111110010
1011001011010101111100001101011011011001111000011111011010011111011010
1010100001111010011101010001111101011111000111010010111100000111111010
1010010000001110110111000011100011110111111110011000001111111001100010
1010111010100101110100110010000101011010001000101001010000101100111010
1010100101001000100010100001000001000100011111011100101010101110101010
1011101011111110010011100000011010000000011000010110001100100011110010
1010000011000010110101000101101111101011110111111101100110111101010010
1011111001011001101100011001111010011010111100011101011110110111000010
1010001101011001101010010011101010110001111101111101010110011101101010
1011001111000011111111010101000111001000001110010011001111101001100010
1011000011110000010100100101011101101011111010110111011011110011101010
1010000010011000101000001001010001101010101011001000000110000101100010
1010011001000001101001110010101000011010011010111100010001100100100010
1011000010101111111111011100100001110001100110000111011101101000001010
1011111110101011000101100110110100100111111111010010000101100100011010
1011101010100011100001010110100001110111011111101100000101111100001010
1011000001011011110111001100011001110000110101011111110111101100111010
1010011110011001111111000010010111001110000110011011100101010100011010
1011111110101100100100110111011100101010111100111101011101101100011010
1010001101011011011111001110100010100000011111001010111101000100000010
1011111100010011010000000100001011000010110011000010001101100010101010
1010001010011100100000001101011011000100001011100101110100001100101010
1011001100110111100100100111010001011110011001100011011000110101001010
1010111101001001111110000010001101100100010101001010001110001011000010
1011100100000001000100010101111011100111111101010101010111010110110010
1011001100111111011111000010001110010111011011011010011010010111100010
1010011100010001100100101000000111101111000111011010001100011011101010
1010101110001000110011100000000111110100100100010010001110011111110010
1010110011011110010100010111000000011110001111100000100110001100001010
1010111001010000111100000100011100010001100001100111001100000000101010
1010010101000000000101000111001110001001111100001011010101101100000010
1011101101011001011111001110110111010110010111011011100110001101010010
1011111110100010101100000010101010011000100011101111111101011000000010
1010110010010111001010110011001100110111100010001000101000110110001010
1011000001000110111101101110001011100110011111111110000110110111010010
1011110000001011110110110110111011100000010100000011101000001000001010
1010110100001111001111000010100001011101111100010111011001001101000010
1011110001010110110111100000110010110101010001100000001100011100011010
1011110011101000001110011001010010001010111111010000000010111101011010
1011011000011001110100100110011110110001001100101001011110001101100010
1010001010100001011001101100000100110011010000111100110011011101110010
1010010111010110001111011101111101010100101011100101010010111010111010
1010101101001110011011011100001100111000110011001101101111110110100010
1011111111010001100111100001001111111111100110101100111011110110111010
1010010011010010001100010110100110000110100101010101100001111101110010
1010011010101010000001101010101010111100000110000110001011100011010010
1011110101000100110111000010001111010000101010001100100000101010011010
1010101110010001000101100000110001111010101110000100010100010000110010
1010001000000111101010001010010110011101111110110010100000001110110010
1010001010001111110110100000100000010100100000001110000101110110010010
1010011111110000100111000011011001000001110101000111100101110010111010
1010000001010000001010010001111110100101010100000000111110000011110010
1010111000001010100010101110110100100111101011110001010000000100011010
1011110000111111001010110010000101001010100000110000000000010001000010
1010000100001001101010010010110000011011001010100010001100011000100010
1011000111001101001110011111011100110110011101111101111110111010100010
1010101010001000110110111001101000000111100011111101110001010001001010
1010101100111110111000011011001111101100101101110000011101000101010010
1011100000111001010011110101011111110110111011110101011000011101001010
1010110001111110101010011111110010000011001011111011100110001000001010
1010110000101011100111000001111000000111100001001010010001000010111010
1010001000011101100010101101011000101001110100011111101110001010000010
1011010100001001100011110110111101111011101000000101111101101101111010
1011001100101111100000111101010100010111111010110101010110100011101010
1011110000001011111011010111001011111111000010010000110001101100010010
1011011111010001000011011101110000111001101001001011010111111101110010
1011101110011000100010001010110101111110100101001110111111101010001010
1010001000000111100010111101111010011111001111010111010001101001100010
1011000101100011110001101001011001111110000001000111110111010110100010
1011000111000011100101100001010111001110011010000010011111101001010010
1010100001001100110000010001100001110100010111010011101010111000010010
1011111011101000001110110010101101001011111001011111001000110111001010
1010010010010001010010001111101100100111000001011101111001111110111010
1010000110011100000011110111100011001111000001111010100000110111111010
1011111101100000111010110010010011011001111010111001011111110000101010
1010100100010011011010001001011110100111001001000100000001111111010010
1010100101000100001000001111011010100110100110101001010000000110000010
1010100110110000000110011010001010110011100110000010110010000011011010
1010010111100010100000101101000010000010111110010011100111101010100010
1011010111001010010011111010110111111100011101101001101011101110001010
1011110111101100110010100101000011000100001110110110000111111010100010
1010000101100001001001001010001110000011101000110110111110101001101010
1010001111101111111001011111100011100010111000011011000111101101100010
1011101011101011001101110101010011010001001001001111101111101010000010
1010101100100100111001000011010001100111111100111101100011000010110010
1011000000100111011000011000101010011011100000001001100001011010100010
1010110000010000100001001111101001111100000010011110111110010111101010
1011001101000011001011011101010001101111000111101001101110000001011010
1010100001101001011001100110101100010100110101101111111011100100011010
1010010110011111111011011001001100001011110100100000111110110000010010
1010110100001110101101100110111101110000010100100111010101000101101010
1010101001010011101101101110110001000110100001101100100010000001011010
1011000100001001111000100111010100010001001000101101110011101110001010
1010001000101100011110000000011000001001011100000000001010001101110010
1010000110010001100111101011100011011011011001010101011101111011101010
1011111101010101100001111010101101100000001111000100011010010101111010
1010100000010101001001001001000101110110100101011011011111101101100010
1011101010111001111011001101110011101000001111100010010101011100011010
1011011111010001100010011011110110100011101001110101010110110010011010
1011100111100100010010010101011000010000100001000111011001010100000010
1010100011011010010001000100000000001111110101101101011111000100000010
1011010011101111110001100100110101111010100100111110000101110110000010
1011110000010111001010101010100100100011011100011110111000111101111010
1010101011110010111010111011010100010100100001011111011000011100011010
1010000001101100001100011001111011111101001010100000111111011111100010
1011001111101011001101100011111001110100101000010001010110100010011010
1011010100110110000011101000101101000101000010110011100001100110110010
1010100101010011100010101110100110010000100111100001110011011100011010
1010100011000011000100000101000111110101001110011001100010001111001010
1011110001110101100000010011111000110000111011010000100111001110011010
1011011100110110000110111000110101111001101010100010010101111010100010
1010001000011010111111010011111111100101000001111010011000000011101010
1010000000100100000100101001000100111001110100110010110111110101011010
1010100111111101111101011011100110010001011010000000000000011100011010
1011001110001001010000001010001001111011010010011001000111111011010010
