1111011111001100010100110111100100000000000000000000000000000000000010
1111001000100000010111101100011001000000000000000000000000000000000010
1110110111011110010100101001011011000000000000000000000000000000000010
1110110111011001000001000001100111100000000000000000000000000000000010
1110110100010110000010110010101010000000000000000000000000000000000010
1111110001111000101110100110010111000000000000000000000000000000000010
1111010000111001100100011100110100000000000000000000000000000000000010
1111111101100010111111110011011110000000000000000000000000000000000010
1111001010001010001000101111000010000000000000000000000000000000000010
1111110001111011101000001100011101000000000000000000000000000000000010
1110010010011100011110011110111010000000000000000000000000000000000010
1111011001100110011010110001100000100000000000000000000000000000000010
1111000010110100110010101111101111100000000000000000000000000000000010
1111011010100110100111101000110101000000000000000000000000000000000010
1110010000001000100110110000110011000000000000000000000000000000000010
1110011001000001111011101001101100000000000000000000000000000000000010
1110101111010111111101011100101110100000000000000000000000000000000010
1111100111110111010100111110011110000000000000000000000000000000000010
1111000010101100111101111001111101100000000000000000000000000000000010
1111111000101010101011100011111001100000000000000000000000000000000010
1111000100110111111111110001001101000000000000000000000000000000000010
1110011100111000011111111001010001100000000000000000000000000000000010
1111110011010111111001110101010000000000000000000000000000000000000010
1111101011101101111010110111000111100000000000000000000000000000000010
1111011100100010111101001100110000100000000000000000000000000000000010
1111100000100010001101110011010110100000000000000000000000000000000010
1111110001011001001101110000110001100000000000000000000000000000000010
1111000010000110110000110001000100100000000000000000000000000000000010
1110111100101100100110010000111100100000000000000000000000000000000010
1111100010101100000001111010010010000000000000000000000000000000000010
1111101011100000100000101001000000000000000000000000000000000000000010
1111010000010011010110001011101101100000000000000000000000000000000010
1111011000101111101101111010111100000000000000000000000000000000000010
1111111110110110010001101011110111000000000000000000000000000000000010
1110111010111111100100011011010001100000000000000000000000000000000010
1110010000001010011111011011100011000000000000000000000000000000000010
1111011100110100010110000111010010000000000000000000000000000000000010
1110110101011110110000111110011100100000000000000000000000000000000010
1111000010001110110111111011011110100000000000000000000000000000000010
1110010100110011001001101101001011100000000000000000000000000000000010
1110111000001010111101000011100111000000000000000000000000000000000010
1110101010111001000100001100111110000000000000000000000000000000000010
1110010110101110111101111001010110000000000000000000000000000000000010
1111101111000010111110010111010010000000000000000000000000000000000010
1110010101011100100010011111101000000000000000000000000000000000000010
1111001011000010110000000110110010000000000000000000000000000000000010
1110111010100010101010111010110100000000000000000000000000000000000010
1111100100011000001000100100000111100000000000000000000000000000000010
1110010101111100010001001101011110000000000000000000000000000000000010
1110100110000101000100100110101100100000000000000000000000000000000010
1111001010111011101011000101101011100000000000000000000000000000000010
1110000011000110111011011000010010100000000000000000000000000000000010
1111101000110011110101000111001101100000000000000000000000000000000010
1111110001111110011011110111000001000000000000000000000000000000000010
1110011011001100001101011100001010000000000000000000000000000000000010
1110010100110111000111111110110111100000000000000000000000000000000010
1111011101101010110111101111111001100000000000000000000000000000000010
1110100000001111010110111111111010100000000000000000000000000000000010
1111110110011001001011111011011000000000000000000000000000000000000010
1110111111011010010111100101011001100000000000000000000000000000000010
1110101101110111001011101101101111000000000000000000000000000000000010
1110011100111010010100000111010000000000000000000000000000000000000010
1111010101101101010101011101000101000000000000000000000000000000000010
1110000010010000110000001010011111000000000000000000000000000000000010
1111000101001110001010010100111010100000000000000000000000000000000010
1110001011111010010101011100010011000000000000000000000000000000000010
1111011101011101111111011100010110100000000000000000000000000000000010
1110100011001000011100110010110000000000000000000000000000000000000010
1111001101010100011011100010110001100000000000000000000000000000000010
1110000110110100101001011100001101100000000000000000000000000000000010
1111011101000000001111001101110010100000000000000000000000000000000010
1110010001001000011011011001110001100000000000000000000000000000000010
1111101111000100101000000100010001000000000000000000000000000000000010
1110001010010001111111011101011001100000000000000000000000000000000010
1110001110101001000010011110011100000000000000000000000000000000000010
1110100111101000010010010111000111100000000000000000000000000000000010
1111001000001100100111110101001110000000000000000000000000000000000010
1110100000101100110000111101010110000000000000000000000000000000000010
1110100110010011000011010110101100100000000000000000000000000000000010
1110110000110010101000000100010000100000000000000000000000000000000010
1110011011000001010010000010011000000000000000000000000000000000000010
1111001001101001100100001111111110000000000000000000000000000000000010
1111010110110000001111010111001010000000000000000000000000000000000010
1110001110101111100010101000110100000000000000000000000000000000000010
1110001000100011000110010011010000000000000000000000000000000000000010
1111001011101001100000010000110110000000000000000000000000000000000010
1110110111010100110110011000100100100000000000000000000000000000000010
1110100111001110101000101101010100100000000000000000000000000000000010
1111010111100000110111111100000010000000000000000000000000000000000010
1111010101101101000000110001100011000000000000000000000000000000000010
1110011100010100000101011110100111000000000000000000000000000000000010
1110111111111100010001000000110000100000000000000000000000000000000010
1110000010101100101111011010001011100000000000000000000000000000000010
1111011000111000000011000000000111000000000000000000000000000000000010
1111100100101000101000010001101110100000000000000000000000000000000010
1110100000101101000011001111001101000000000000000000000000000000000010
1110010100011010001101111110011110100000000000000000000000000000000010
1110100010111011010010001101111110100000000000000000000000000000000010
1111100110001101001100111001101110000000000000000000000000000000000010
1111000101001101110111001011110111100000000000000000000000000000000010
1110010010100011111110101110111011000000000000000000000000000000000010
1110111110100010010101010111110001000000000000000000000000000000000010
1111100110100101001110111101010011100000000000000000000000000000000010
1111110111010100010110110011001100000000000000000000000000000000000010
1110010000100110111011000101011100100000000000000000000000000000000010
1111110110100011001110100111011000100000000000000000000000000000000010
1111101001101100100110110000011010000000000000000000000000000000000010
1110001000000001110111010010011111000000000000000000000000000000000010
1110101011111000011100010010111010000000000000000000000000000000000010
1110100010100111011010110001100101000000000000000000000000000000000010
1110010011001101000110110011000100100000000000000000000000000000000010
1110010110000011101110110100011110100000000000000000000000000000000010
1110110110111110101011000001011001100000000000000000000000000000000010
1110100111110111011110111101100100000000000000000000000000000000000010
1111000011010110001101111011001000100000000000000000000000000000000010
1111101011010100011010100100110000100000000000000000000000000000000010
1111001010101000010001111001110100000000000000000000000000000000000010
1111011011110100100101011010111111100000000000000000000000000000000010
1110010100001111001001011001100110100000000000000000000000000000000010
1111100011010110001011111110101101000000000000000000000000000000000010
1111111101111001000111111000011001000000000000000000000000000000000010
1111001011100111110110101010011001000000000000000000000000000000000010
1110000100110000101101011101101110100000000000000000000000000000000010
1111011001100100101111010010111101000000000000000000000000000000000010
1110011010101010101010011111110000000000000000000000000000000000000010
1110000001000010011101001101111101100000000000000000000000000000000010
1110010110000011000111011110011010000000000000000000000000000000000010
1110011011100100001001100100100111000000000000000000000000000000000010
1111110001000110100000100000000111000000000000000000000000000000000010
1110100111101010010011111011011000000000000000000000000000000000000010
1111011101001110011110100101011000100000000000000000000000000000000010
1110001111111110000001100000101010000000000000000000000000000000000010
1110010010100110110110111000110011100000000000000000000000000000000010
1111110101011100101001010111011001000000000000000000000000000000000010
1111001000110111111101111101001000000000000000000000000000000000000010
1111111101111100010011100011111000100000000000000000000000000000000010
1110010101010010110101111000000010000000000000000000000000000000000010
1110111011000001011001100011101111100000000000000000000000000000000010
1110100110011011101011011111001110100000000000000000000000000000000010
1110111000110000011110000001111000000000000000000000000000000000000010
1111011011011111010110011110100110000000000000000000000000000000000010
1110001011111010101100111100010101100000000000000000000000000000000010
1111111011111011000000010100110101100000000000000000000000000000000010
1111101100000010010011110110110111000000000000000000000000000000000010
1111001011111001101110010011110100100000000000000000000000000000000010
1110000010101101000001011001110000000000000000000000000000000000000010
1110011010001111001010010101110010100000000000000000000000000000000010
1111001111100100000011110000110111100000000000000000000000000000000010
1110010001011011001010101101101010100000000000000000000000000000000010
1110010001000011010001111001110010100000000000000000000000000000000010
1110110010110011011111110111111110100000000000000000000000000000000010
1110101010111001101010101010101110000000000000000000000000000000000010
1111110100010101011101000011110001100000000000000000000000000000000010
1111000111010010101101111101010000000000000000000000000000000000000010
1110001101001010111001001011111011000000000000000000000000000000000010
1111110110010110110111110011001101000000000000000000000000000000000010
1111111001100111110111100011100000100000000000000000000000000000000010
1111110110110000101101110000010100100000000000000000000000000000000010
1111011110101100110010100000100100100000000000000000000000000000000010
1111100111111110010110110110100010100000000000000000000000000000000010
1111110010001111110110111101000111100000000000000000000000000000000010
1110000010010011011010000111000100100000000000000000000000000000000010
1111000100010001010011111100010011000000000000000000000000000000000010
1110100000101011010100111001000010100000000000000000000000000000000010
1111100011001001110110000001001101100000000000000000000000000000000010
1111000110000011100110000111100001100000000000000000000000000000000010
1110010110000011011000001000011011000000000000000000000000000000000010
1110000100000101000001011000010000100000000000000000000000000000000010
1110111101000101001000110111011000100000000000000000000000000000000010
1110011011001011000011010000001101000000000000000000000000000000000010
1110110011110101101000111000000101100000000000000000000000000000000010
1110111000100101001100101101010101100000000000000000000000000000000010
1110001001100101111000100011100001000000000000000000000000000000000010
1111000010001000100111010101010001000000000000000000000000000000000010
1110010011001011000011000110100100100000000000000000000000000000000010
1111100001100011111111101101110110000000000000000000000000000000000010
1110101101010010100101110011001100100000000000000000000000000000000010
1110011011100010110001011000000111100000000000000000000000000000000010
1110010100000110100111000110110010100000000000000000000000000000000010
1110010110000100110110000110110101100000000000000000000000000000000010
1110001000010110000010101111111010100000000000000000000000000000000010
1110101111101000001000111010101010100000000000000000000000000000000010
1111000100011010100101101101111110100000000000000000000000000000000010
1110100010111110100100000110101110100000000000000000000000000000000010
1110111000110110000001110000001100100000000000000000000000000000000010
1111001100100101100001110111101010000000000000000000000000000000000010
1110100000111010001110111110100101000000000000000000000000000000000010
1110110101101010110100000011010111000000000000000000000000000000000010
1110111010110101111100000100001100100000000000000000000000000000000010
1111000000111011010010000101101000000000000000000000000000000000000010
1110000010001011111000110110010111100000000000000000000000000000000010
1111111100001101011101000010000101100000000000000000000000000000000010
1111101110101110111111011111110100100000000000000000000000000000000010
1111010110011010001100111110010010000000000000000000000000000000000010
1111000110010110010110000111010101100000000000000000000000000000000010
1110111111110101011001110011100100000000000000000000000000000000000010
1110001101111010000110001100101001100000000000000000000000000000000010
1111010010001010111000111110011011000000000000000000000000000000000010
1110001000011101001000110101101011100000000000000000000000000000000010
1110101001000000101110101111010100100000000000000000000000000000000010
1110101011100100101111010010000001100000000000000000000000000000000010
1111101100000010000101010000010101100000000000000000000000000000000010
1110000011101100110001110001110000000000000000000000000000000000000010
1111010101100100011000011011000010100000000000000000000000000000000010
1110101111110110110111010011010101100000000000000000000000000000000010
1111110110010011100100111010100001000000000000000000000000000000000010
1110000011011000001001100000110110000000000000000000000000000000000010
1111100111110110011000110001100011000000000000000000000000000000000010
1111011001101100101001101010111110000000000000000000000000000000000010
1111010100000111111010001111101111000000000000000000000000000000000010
1111011000000010000011000110101010100000000000000000000000000000000010
1110110010111010110100001101010100100000000000000000000000000000000010
1110101111001011111010000011001110100000000000000000000000000000000010
1111011100000010101001000010001111100000000000000000000000000000000010
1110110000101011111111101111010000000000000000000000000000000000000010
1110001000111101101100100100001101000000000000000000000000000000000010
1110101000000011011110000110001000000000000000000000000000000000000010
1111110100110001011101100010001110000000000000000000000000000000000010
1111110011000010010111111001111000100000000000000000000000000000000010
1111000110100110010100011101000110100000000000000000000000000000000010
1111110110000111111010001001101000000000000000000000000000000000000010
1110001110111011000010100000101110100000000000000000000000000000000010
1111101001011111010101001100010000000000000000000000000000000000000010
1110111110100001000010110011001101100000000000000000000000000000000010
1110100010011111100011101001000110000000000000000000000000000000000010
1110110111000010100110100100100011000000000000000000000000000000000010
1110000001001110110010101000111000000000000000000000000000000000000010
1110010110000010000001010011001111100000000000000000000000000000000010
1111010111011011110010001000010111000000000000000000000000000000000010
1111111011000011101111110111011011100000000000000000000000000000000010
1110110101101100110001100000101000000000000000000000000000000000000010
1111111100010000010100110111101000100000000000000000000000000000000010
1111101101111111100000000001110001100000000000000000000000000000000010
1111111010000011101101010111111011000000000000000000000000000000000010
1110100010001010111001011001000100100000000000000000000000000000000010
1111100100100010111100110000111100100000000000000000000000000000000010
1110000111011011100000001010011001000000000000000000000000000000000010
1110011100111110001100010001010011100000000000000000000000000000000010
1111100001100001111100011100011100000000000000000000000000000000000010
1110010100100001010011101001011110100000000000000000000000000000000010
1111100000111010001011001011101010000000000000000000000000000000000010
1111001011111010000011110100111010000000000000000000000000000000000010
1111100100111000001000111100101111000000000000000000000000000000000010
1110010001011001111000111101101101100000000000000000000000000000000010
1111111010000011110010111000010111000000000000000000000000000000000010
1110101000000001001110110001111111000000000000000000000000000000000010
1110001000000110011011110011000101000000000000000000000000000000000010
1110001011111001101100010111101100100000000000000000000000000000000010
1111100110111110110100110111001000100000000000000000000000000000000010
1111110110110001101100000101011000000000000000000000000000000000000010
1111111100110101010010110011000010100000000000000000000000000000000010
1110111001100011011001110100001110100000000000000000000000000000000010
1111110111111100000011011000010111000000000000000000000000000000000010
1110010110111011010101000011111000100000000000000000000000000000000010
1111111000000010101000101010110010000000000000000000000000000000000010
1111111000100011010111010101011011100000000000000000000000000000000010
1110000010011011110101110111010111100000000000000000000000000000000010
1111100010111110010001001001011101000000000000000000000000000000000010
1110000111110010011011101111100110100000000000000000000000000000000010
1111000001100100001000110000010011000000000000000000000000000000000010
1110101000000100110001101111010001000000000000000000000000000000000010
1111111000001100011010010111011011100000000000000000000000000000000010
1110110111110100111011100011100101000000000000000000000000000000000010
1111001000010010001000111101000011100000000000000000000000000000000010
1110010111110100111100111010010010000000000000000000000000000000000010
1111110010001110000111000010010001000000000000000000000000000000000010
1110110111011101010101100000111101100000000000000000000000000000000010
1110101010101110010011110011011011000000000000000000000000000000000010
1111001110001000000000110001010101100000000000000000000000000000000010
1110011010110010001111010001000011000000000000000000000000000000000010
1111100011011001101001110100101110100000000000000000000000000000000010
1110101001110011001001000001111001000000000000000000000000000000000010
1111001000101110100101001100000001100000000000000000000000000000000010
1110110001010001001011100101100100100000000000000000000000000000000010
1110110000011110011001000101101110100000000000000000000000000000000010
1111100100000100111001010111101001100000000000000000000000000000000010
1111100101000011001100101010001011000000000000000000000000000000000010
1110011011001111101111000000011011000000000000000000000000000000000010
1110111000110010100111011111000011100000000000000000000000000000000010
1110010010011111010010010011000101100000000000000000000000000000000010
1111001110110110110011001110100100000000000000000000000000000000000010
1110010100110100011100000001111010100000000000000000000000000000000010
1111010010001100100110110110000000100000000000000000000000000000000010
1110110011110101111101000000111001000000000000000000000000000000000010
1111101011000011000011011000010101000000000000000000000000000000000010
1110010110110100011110101010011111100000000000000000000000000000000010
1111100011011000110000111101000100000000000000000000000000000000000010
1110110100100001111000101000000110100000000000000000000000000000000010
1110111111000110010111110101110101000000000000000000000000000000000010
1111101100000010110100101101000011100000000000000000000000000000000010
1110000000110101110000001100000001000000000000000000000000000000000010
1111010100010000101011000100010001000000000000000000000000000000000010
1110110101010100111111100100110001000000000000000000000000000000000010
1111001100110000100100011011001001000000000000000000000000000000000010
1110110000100100110011100101011100100000000000000000000000000000000010
1111111110001010111011010101011010100000000000000000000000000000000010
1110110000000010001111100100100000000000000000000000000000000000000010
1111000011101001101001011110100111100000000000000000000000000000000010
1110100101100001010101111101011000000000000000000000000000000000000010
1110001010111110011110100110011011100000000000000000000000000000000010
1111100001010100011101110101011001000000000000000000000000000000000010
1111111101001011001110010010110010100000000000000000000000000000000010
1111111110000110011101111111001010000000000000000000000000000000000010
1111111011011010101100001010010001100000000000000000000000000000000010
1111101010010101000010100110011101000000000000000000000000000000000010
1110001000011010010001011100010110000000000000000000000000000000000010
1111110011010110101110100001101011000000000000000000000000000000000010
1111011101111000111110101010100110100000000000000000000000000000000010
1111110110001000101100001001001110000000000000000000000000000000000010
1110111000001000010001001000101110100000000000000000000000000000000010
1111010110001100110110110010001000100000000000000000000000000000000010
1111111100001011000101000110101111100000000000000000000000000000000010
1111110011000110101101111000110010000000000000000000000000000000000010
1110101111001111000101101110101111000000000000000000000000000000000010
1110000111000101101001010000010001000000000000000000000000000000000010
1111110100111110100011011101001010000000000000000000000000000000000010
1111101101100000010000001100110101100000000000000000000000000000000010
1111110110111111111011001000110011000000000000000000000000000000000010
1110101111011111101101011001001000100000000000000000000000000000000010
1110110100011011011000100010011000000000000000000000000000000000000010
1111000100100100000100111110111101100000000000000000000000000000000010
1111110001111110101101011110010001000000000000000000000000000000000010
1110001110011000010111001000100001000000000000000000000000000000000010
1110000001110000100101110011110111100000000000000000000000000000000010
1110110111010010010000101011001010100000000000000000000000000000000010
1111000110011010000111101010101000000000000000000000000000000000000010
1110100100010101011110000001110011100000000000000000000000000000000010
1111010010110010101111100000011111100000000000000000000000000000000010
1111100010101010110001000111100010100000000000000000000000000000000010
1111000010111000010101001010111011100000000000000000000000000000000010
1111011100111111101011010101010100100000000000000000000000000000000010
1110011011110001101011000111001011100000000000000000000000000000000010
1111110010000011010010111111000111100000000000000000000000000000000010
1110110010111001101011001001000111100000000000000000000000000000000010
1111000111011001011001011000100011100000000000000000000000000000000010
1111011010011010111000001111101011000000000000000000000000000000000010
1111101101101010001000100100101010100000000000000000000000000000000010
1110000111111101101101010100010110000000000000000000000000000000000010
1111110111001111001000110110001100000000000000000000000000000000000010
1111101110011010101010011010000100000000000000000000000000000000000010
1110111001110100001110101001001010000000000000000000000000000000000010
1110000101101100100011100000111100100000000000000000000000000000000010
1111010110000011001010100101101110100000000000000000000000000000000010
1111100110011000100010001001001100100000000000000000000000000000000010
1110010111001011010100111111010001000000000000000000000000000000000010
1110001101101001101110000100011110000000000000000000000000000000000010
1111000100000101000100100001100111000000000000000000000000000000000010
1111000101010011110010111110011100000000000000000000000000000000000010
1110011111010010010101101110000001000000000000000000000000000000000010
1110111111100011000100001100110101000000000000000000000000000000000010
1110100011110111111011111110110111000000000000000000000000000000000010
1110000000010000110111111100011010100000000000000000000000000000000010
1111101111001000000011011011011100000000000000000000000000000000000010
1110011110111011001001001111100010000000000000000000000000000000000010
1110100110001011000101111101111110100000000000000000000000000000000010
1110100100100101100100111001101100000000000000000000000000000000000010
1110000001111100011010010010010111100000000000000000000000000000000010
1110011100110000111111001101100000000000000000000000000000000000000010
1110111110110111001011011100100101100000000000000000000000000000000010
1111101010111110011000000100011011100000000000000000000000000000000010
1111101100111101011110100000010010000000000000000000000000000000000010
1111000101010010110101001001011101100000000000000000000000000000000010
1111011110001101001101110111100101100000000000000000000000000000000010
1111101001011111011010000010011111100000000000000000000000000000000010
1111110101000001101010010000111010100000000000000000000000000000000010
1110010001110000000010011010111110100000000000000000000000000000000010
1110001011001001110000101010001001100000000000000000000000000000000010
1111110111111101110010011000111000000000000000000000000000000000000010
1111000011111011101010011100010000100000000000000000000000000000000010
1110101100111100010110001000110101000000000000000000000000000000000010
1110000001010101100111100000101011100000000000000000000000000000000010
1110000100110110101010111001001010100000000000000000000000000000000010
1111000011110011000010110100001000100000000000000000000000000000000010
1111111100111001011101101001111111000000000000000000000000000000000010
1110110111000001111010011100101001100000000000000000000000000000000010
1110101011110010000111010111111111000000000000000000000000000000000010
1110100001001001001101110110100101000000000000000000000000000000000010
1111111110001101011100110000100110000000000000000000000000000000000010
1110111110110110001111011111010010100000000000000000000000000000000010
1111100001000011011100011000101010100000000000000000000000000000000010
1110010111111101100101100010010101000000000000000000000000000000000010
1111110111001111010011110000101001000000000000000000000000000000000010
1110001010100011011110101111010100000000000000000000000000000000000010
1110011011010100100010110001011001100000000000000000000000000000000010
1111011110110011010101100001111101000000000000000000000000000000000010
1110011010001010110101101101101000100000000000000000000000000000000010
1110111100110101011110010110010000100000000000000000000000000000000010
1110101011101110000101111001011111100000000000000000000000000000000010
1111111000110001011011010011101001100000000000000000000000000000000010
1111111011001010011111101110100000100000000000000000000000000000000010
1110101010000011001111011010101100100000000000000000000000000000000010
1111011001010110111101111110111111000000000000000000000000000000000010
1110000001111001111010111000000000000000000000000000000000000000000010
1111010010111001110111110101000111100000000000000000000000000000000010
1111001101110010011110111010000111000000000000000000000000000000000010
1111111111100101100111001100001110100000000000000000000000000000000010
1110010011101011101111111010001011000000000000000000000000000000000010
1111001011111010000111111101110100100000000000000000000000000000000010
1110011011001011111011110001011111100000000000000000000000000000000010
1110110011100110010110010001001111100000000000000000000000000000000010
1110101111011101100011111101000011100000000000000000000000000000000010
1111010110011100100001011000110010100000000000000000000000000000000010
1110100000111101000101011101001000100000000000000000000000000000000010
1110001110110111010110101111001011000000000000000000000000000000000010
1111011000110011110100101001110001100000000000000000000000000000000010
1110000100010011100101110101111101000000000000000000000000000000000010
1111110000111010000110011110110000100000000000000000000000000000000010
1110111100111011010110100100100100100000000000000000000000000000000010
1110000110000010000110100011010010100000000000000000000000000000000010
1110011100100001111111100101001111000000000000000000000000000000000010
1111000111111011111001110000101011000000000000000000000000000000000010
1111100000110001000010110101110110100000000000000000000000000000000010
1111111001001010010001000000111011100000000000000000000000000000000010
1111101101100100011000001010100000000000000000000000000000000000000010
1110100111011010101011100111011110100000000000000000000000000000000010
1110101010000011011001000011110001000000000000000000000000000000000010
1110110101110111010001100001000001000000000000000000000000000000000010
1110101011010001101100100010000010100000000000000000000000000000000010
1110111111101010100101110010100101000000000000000000000000000000000010
1111001000111001110000011010110001000000000000000000000000000000000010
1111111001101110010001001101010000000000000000000000000000000000000010
1110110001111000001100110101011001000000000000000000000000000000000010
1110111101111110101010011110011110100000000000000000000000000000000010
1111010111011100111100100111111010100000000000000000000000000000000010
1111101011110101100011110101001010100000000000000000000000000000000010
1111001010001000010100111001111101100000000000000000000000000000000010
1110011100000100101000110010111000100000000000000000000000000000000010
1111101011001101001111011011001010000000000000000000000000000000000010
1111101110110010101110001101001010100000000000000000000000000000000010
1110110111100001001100010110100111100000000000000000000000000000000010
1110000010110001111001010110000000000000000000000000000000000000000010
1110110101100001011000111011101111100000000000000000000000000000000010
1110001111010011001000011000111010100000000000000000000000000000000010
1110011111100000100010100100011010100000000000000000000000000000000010
1111110000011001100100111110110110000000000000000000000000000000000010
1110111111111011000110010111010111100000000000000000000000000000000010
1110010011000111110001111100010010100000000000000000000000000000000010
1110110011110101101100001001100101000000000000000000000000000000000010
1111110111111100001010111000000000000000000000000000000000000000000010
1111011101001010101110110101001001100000000000000000000000000000000010
1111100101111100111100110101111011000000000000000000000000000000000010
1111000101011011101111001001110111100000000000000000000000000000000010
1111111110001110111101111110100110100000000000000000000000000000000010
1111001100001011011010110011101010100000000000000000000000000000000010
1110100111101011101110001101111101000000000000000000000000000000000010
1110010111101110111100000111100110000000000000000000000000000000000010
1110101011000110010010010100011001100000000000000000000000000000000010
1111110100000101111100111001110101100000000000000000000000000000000010
1111101111001101101110000111000111000000000000000000000000000000000010
1110000101100011010100110110111001000000000000000000000000000000000010
1110111001000100011101111000110000000000000000000000000000000000000010
1111001010101101100111010111011111000000000000000000000000000000000010
1111101111001111001011110111000110000000000000000000000000000000000010
1111001000010110110101010010001111000000000000000000000000000000000010
1110100000111000101100100000111100100000000000000000000000000000000010
1110000111000001100011001011010010000000000000000000000000000000000010
1111100001101110100111110010001000000000000000000000000000000000000010
1110100110000110011100010111011001100000000000000000000000000000000010
1111111011010111110000010001101011000000000000000000000000000000000010
1111100110001011011100111010100000100000000000000000000000000000000010
1110011001101000111011110000010000000000000000000000000000000000000010
1111011000110110110010011011000100100000000000000000000000000000000010
1111101010100011011111101101001000100000000000000000000000000000000010
1110101111100111000111010000010100000000000000000000000000000000000010
1111101100100100100011010000000110000000000000000000000000000000000010
1111001000001111010110011011001001000000000000000000000000000000000010
1110010111100100001000000110110101000000000000000000000000000000000010
1110001001101101111110011101010100100000000000000000000000000000000010
1110000111111100001011011111000111000000000000000000000000000000000010
1111101000111000010110001001101001100000000000000000000000000000000010
1111100111110010000010010110100010000000000000000000000000000000000010
1111110010000011110110111011100110100000000000000000000000000000000010
1111010001101001011001101100111111000000000000000000000000000000000010
1110101000101100110100011101101100000000000000000000000000000000000010
1110110011111110010110100110100110100000000000000000000000000000000010
1110110100100011010100100111000100000000000000000000000000000000000010
1111100100000000100100111010101010000000000000000000000000000000000010
1110010111011010111110111001000111100000000000000000000000000000000010
1111001100011000100010101010010110100000000000000000000000000000000010
1110010000100010010100001111110011000000000000000000000000000000000010
1111000110000001000001000101110010000000000000000000000000000000000010
1111100101011101111110110000100110000000000000000000000000000000000010
1110000100111000100111010101010010000000000000000000000000000000000010
1111100100010010011110001000001011000000000000000000000000000000000010
1111101000000000000101110100011101000000000000000000000000000000000010
1110101001110100000101110000001101000000000000000000000000000000000010
1110010001110111000110110100100000000000000000000000000000000000000010
1110110000111001101110111001000100000000000000000000000000000000000010
1110101101111001011110110010100010100000000000000000000000000000000010
1111100111111101000010010011110000100000000000000000000000000000000010
1111011000100111111000111000100010000000000000000000000000000000000010
1111100101111011001101010110111111100000000000000000000000000000000010
1111000011111000000000011000010110100000000000000000000000000000000010
1111001111110111101111000001010111000000000000000000000000000000000010
1111111111011011100101000000110111000000000000000000000000000000000010
1111100110111000110011111010001110100000000000000000000000000000000010
1111000001111011100110111100010011000000000000000000000000000000000010
1110101101110001100111101000000111000000000000000000000000000000000010
1110111101110011001100010111110111100000000000000000000000000000000010
1110100010010010000000111111001110100000000000000000000000000000000010
1111000101011111010010011101111111100000000000000000000000000000000010
1110110000101001110101101101011111100000000000000000000000000000000010
1111100100000100000110011100010001000000000000000000000000000000000010
1111100011010101110011111101100111000000000000000000000000000000000010
1110111110011100001101010001001001100000000000000000000000000000000010
1111111111101101101101110000001111100000000000000000000000000000000010
1110110100100101111100111110110100000000000000000000000000000000000010
1110011110100010001000111000110111100000000000000000000000000000000010
1110011101111010100011110111011111100000000000000000000000000000000010
1111011001001101111001101010101111000000000000000000000000000000000010
1110101110100000110001101111001100100000000000000000000000000000000010
1110100001110111011001110110010001100000000000000000000000000000000010
1110111111000110000001110101100101100000000000000000000000000000000010
1110000011010100011010011001100000100000000000000000000000000000000010
1111010000011000101111100001101100000000000000000000000000000000000010
1110100011111110101001001101100111100000000000000000000000000000000010
1110100110011000010101000000010111000000000000000000000000000000000010
1111101110111010100011011111101010100000000000000000000000000000000010
1110011100111101000011101101011110000000000000000000000000000000000010
1111110100100000101110111011010101000000000000000000000000000000000010
1111000011000100001110100001110001100000000000000000000000000000000010
1110001111111100000011011110110101100000000000000000000000000000000010
1111011011000011000010100001000011000000000000000000000000000000000010
1110000011111000000000101010110110000000000000000000000000000000000010
1111010110001101000010010111011000100000000000000000000000000000000010
1110110010000010001111000100100001000000000000000000000000000000000010
1110010110110110011101111001000101000000000000000000000000000000000010
1111100101000100100001010110100110100000000000000000000000000000000010
1110000100010010011111111110001100000000000000000000000000000000000010
1110000100001101100010100111101001000000000000000000000000000000000010
1111110111110101001111010010001110000000000000000000000000000000000010
1110000000010110100000000011101110000000000000000000000000000000000010
1111010111011011001101011010110011000000000000000000000000000000000010
1111111001010000011010110111101001000000000000000000000000000000000010
1110001101101111011001001100111011100000000000000000000000000000000010
1110100110100101001000100000010111000000000000000000000000000000000010
1111100101000100011010011011111111000000000000000000000000000000000010
1111010101101011011001010111101011000000000000000000000000000000000010
1110111000111100100111110110011101100000000000000000000000000000000010
1111110010010110001010011001010011000000000000000000000000000000000010
1110110000001111000110110111101110000000000000000000000000000000000010
1110010101001011100111000111011000000000000000000000000000000000000010
1110001010000101110001101100110111000000000000000000000000000000000010
1111111100111110100110111110111111100000000000000000000000000000000010
1110001101100001010100010111010010100000000000000000000000000000000010
1111011001000010000000100111111000100000000000000000000000000000000010
1110000010000101111101001000111000100000000000000000000000000000000010
1110100000101000000101111000100010000000000000000000000000000000000010
1110100000011001100001101101010110100000000000000000000000000000000010
1111000000000000100110000100110101000000000000000000000000000000000010
1110000010011110000011111110111111100000000000000000000000000000000010
1111100100011100010111011100000100000000000000000000000000000000000010
1110101010011010111010010111000101000000000000000000000000000000000010
1111001000111101101100000010011001000000000000000000000000000000000010
1111011100010010010011110010101101100000000000000000000000000000000010
1110100000001110010011101110111100000000000000000000000000000000000010
1111001000100100001001001110101001100000000000000000000000000000000010
1111100110111011110010100110110001100000000000000000000000000000000010
1111010001001001110110101101100011000000000000000000000000000000000010
1110000101111100101100101011001011100000000000000000000000000000000010
1111100111100110000110101010111110000000000000000000000000000000000010
1111111111001011000100011100000000100000000000000000000000000000000010
1110111001111000100110100001101011000000000000000000000000000000000010
1110000100100101100100110111000111100000000000000000000000000000000010
1111110001101010011010100100111101000000000000000000000000000000000010
1111101111000110111000011000100011100000000000000000000000000000000010
1110001010111110001110110010111111100000000000000000000000000000000010
1110001010001101011010001111110100100000000000000000000000000000000010
1111111000001010111111010110010010000000000000000000000000000000000010
1111100110001101010110111011110000100000000000000000000000000000000010
1111011101100010100011101001111110100000000000000000000000000000000010
1111101110100011011111001001100110000000000000000000000000000000000010
1110011010000011001010000100001101000000000000000000000000000000000010
1111100100000111111010100111101110000000000000000000000000000000000010
1111110010100111100001101000100011100000000000000000000000000000000010
1110100100000010101100100010001011100000000000000000000000000000000010
1111101000100001010011100011011000000000000000000000000000000000000010
1110000111110101000101010111010101100000000000000000000000000000000010
1110110011001010000001110101000110000000000000000000000000000000000010
1110110100101101101100000100011001000000000000000000000000000000000010
1110101011111010100011000001111001100000000000000000000000000000000010
1110111011100001110110010110111101100000000000000000000000000000000010
1111001101110001010010100101010001100000000000000000000000000000000010
1110000010100101001110010000110000000000000000000000000000000000000010
1110000100001011001010000000101010000000000000000000000000000000000010
1111000111010001100001101111111111000000000000000000000000000000000010
1111010001010000000010011100001000000000000000000000000000000000000010
1110110100000001000001110100111000100000000000000000000000000000000010
1111111101101010001100100011100010100000000000000000000000000000000010
1110011110000011001010101000101111000000000000000000000000000000000010
1110101100100011000011000100001001000000000000000000000000000000000010
1110110010110000101011100010011010000000000000000000000000000000000010
1111101001101000000111110000001110100000000000000000000000000000000010
1111111101101110100101011000100011100000000000000000000000000000000010
1111101101100000101000010101110101000000000000000000000000000000000010
1110000111011000101011010000010110000000000000000000000000000000000010
1110010101110010110000101111101001100000000000000000000000000000000010
1111011010010101000010100100100110100000000000000000000000000000000010
1110100111100000001100000110111010100000000000000000000000000000000010
1111100100111101101100010110111011000000000000000000000000000000000010
1110100010111110110110001011111000000000000000000000000000000000000010
1111111111000111101001011100101011000000000000000000000000000000000010
1111101111000010001000100110101110000000000000000000000000000000000010
1110101001011111000010010001010110000000000000000000000000000000000010
1110011011101110110011100010111011100000000000000000000000000000000010
1111100111000111011001101001000000000000000000000000000000000000000010
1110111110000000111110010100110011000000000000000000000000000000000010
1111011011111000011101100011000110000000000000000000000000000000000010
1110010101001011100000111010101001000000000000000000000000000000000010
1110100101001001100000001000101111100000000000000000000000000000000010
1110001010100001110100100011111101000000000000000000000000000000000010
1111001111111100000000010000110000000000000000000000000000000000000010
1110100111110001100101011110011001000000000000000000000000000000000010
1110010101001001100110010001101101000000000000000000000000000000000010
1111101110000000000110100110111100000000000000000000000000000000000010
1110010010010110100100111001001010100000000000000000000000000000000010
1110011110001010000010000001001101000000000000000000000000000000000010
1110000001111110100001111101001101000000000000000000000000000000000010
1110011010010010010111101000001100100000000000000000000000000000000010
1110010111010110010010101101011010100000000000000000000000000000000010
1111010111101000100011111011101000100000000000000000000000000000000010
1111111101000101011000011000010011100000000000000000000000000000000010
1110001010010110101111111011101100100000000000000000000000000000000010
1110101100001111010000111010000111100000000000000000000000000000000010
1110001110110010010010000101001111100000000000000000000000000000000010
1111011011001100011010110010000010100000000000000000000000000000000010
1110111111000110010101110011100011100000000000000000000000000000000010
1111000011010101001010011111000001000000000000000000000000000000000010
1110101100110001101100001111001010100000000000000000000000000000000010
1110011110100000111110101000011000100000000000000000000000000000000010
1111011010010101001000110110110101100000000000000000000000000000000010
1111100101110000011000101011001100000000000000000000000000000000000010
1110100001000000100101101010100001100000000000000000000000000000000010
1110010110000000101100000010110110000000000000000000000000000000000010
1111101110101101101110101111000101100000000000000000000000000000000010
1110000011100001111110111011001000000000000000000000000000000000000010
1111111111110101010011001000110010100000000000000000000000000000000010
1110101011111101111111101011110110100000000000000000000000000000000010
1110111000110001001111111010111111000000000000000000000000000000000010
1110101110001110110110111100000001000000000000000000000000000000000010
1111011110000011110101110101010001000000000000000000000000000000000010
1110001111111010011001011101100010100000000000000000000000000000000010
1111010100000110100010101110010111000000000000000000000000000000000010
1110111111000100011011111100110110000000000000000000000000000000000010
1110010111011001001011001100000100100000000000000000000000000000000010
1110110001011010000101101110011000000000000000000000000000000000000010
1110110001000001110011100000010101000000000000000000000000000000000010
1111101001100001000001111101111101000000000000000000000000000000000010
1111101011011100100110010101110111100000000000000000000000000000000010
1111100010000001000111110000001101100000000000000000000000000000000010
1110110110111010001100110001111010100000000000000000000000000000000010
1110101010110001111001011110000001000000000000000000000000000000000010
1111101111101111110010011111010011100000000000000000000000000000000010
1111010010101100011101111001100101000000000000000000000000000000000010
1110001101010101100000101000010111000000000000000000000000000000000010
1110011111000010111100011011010100000000000000000000000000000000000010
1110100111000011001001001101011010000000000000000000000000000000000010
1110010001000101110111010010010000000000000000000000000000000000000010
1111111010011000101100111001111010100000000000000000000000000000000010
1110111100110100001000011000111100000000000000000000000000000000000010
1110101010011000001111001100001001100000000000000000000000000000000010
1110101101101101110110111100010010100000000000000000000000000000000010
1111111010110000111010101111110111100000000000000000000000000000000010
1110000100001000101001001000011100100000000000000000000000000000000010
1110101100011001000000000110101100000000000000000000000000000000000010
1110110111011001110101011101000111100000000000000000000000000000000010
1110010000101010001100111010100110000000000000000000000000000000000010
1111101010001001010110110011000100100000000000000000000000000000000010
1111101001011111111000101011100000000000000000000000000000000000000010
1111010101110011000100100001010001100000000000000000000000000000000010
1110111111000110001010100100001111100000000000000000000000000000000010
1111101100111001011010010110110101000000000000000000000000000000000010
1111110111001011011010001000110101000000000000000000000000000000000010
1111101100000100000101101010111101000000000000000000000000000000000010
1111101110001001110010011100111000100000000000000000000000000000000010
1110100101000010010001000111111011100000000000000000000000000000000010
1110110010110011110110001100100100000000000000000000000000000000000010
1111100000011001111011101111100100100000000000000000000000000000000010
1111000100110100100011010101011011000000000000000000000000000000000010
1111000001011010010100010111000010100000000000000000000000000000000010
1111110000011011100101111010001110100000000000000000000000000000000010
1110100111010100011110100011101000000000000000000000000000000000000010
1111011111010111100011101111000000000000000000000000000000000000000010
1110001010001100100011011111000111100000000000000000000000000000000010
1110010001101011111110101110000100000000000000000000000000000000000010
1110011111011010001100111011100110100000000000000000000000000000000010
1111101100110100010110111111011011100000000000000000000000000000000010
1110011100011010010000101100011011000000000000000000000000000000000010
1111010000111101110111100110000011100000000000000000000000000000000010
1111100101111000001100111011110100100000000000000000000000000000000010
1111001110100011011100110010110100100000000000000000000000000000000010
1110110101110111010010100101010010000000000000000000000000000000000010
1111111011111001011110100111101111000000000000000000000000000000000010
1110011001110110111110110110010010100000000000000000000000000000000010
1111010110001001000010100100100101100000000000000000000000000000000010
1111111000100111100111100100001001000000000000000000000000000000000010
1111100100111000011001100001011011000000000000000000000000000000000010
1111110100111000101100011111000011000000000000000000000000000000000010
1111001010000001110100110000101000000000000000000000000000000000000010
1110101000111110110101101100011111100000000000000000000000000000000010
1111111111111110011101010001100110000000000000000000000000000000000010
1110001010001001000000011110101101000000000000000000000000000000000010
1110111100000100110000001000010110000000000000000000000000000000000010
1111111000000101001101100010110101100000000000000000000000000000000010
1111001111111110011000100001000011000000000000000000000000000000000010
1111011100101111101111000000101000100000000000000000000000000000000010
1110001011001110001011000101001111000000000000000000000000000000000010
1110010111101110010111001010011110100000000000000000000000000000000010
1111111110011000101110110000100111000000000000000000000000000000000010
1110101011001011011100001011111000100000000000000000000000000000000010
1111101010101001100100100110000001100000000000000000000000000000000010
1110110001100100010010110010100110100000000000000000000000000000000010
1111100010011100101111111111110100100000000000000000000000000000000010
1110011010111010011110100110101101100000000000000000000000000000000010
1111000010000111111101110100001110100000000000000000000000000000000010
1111001111100110010100110101100110100000000000000000000000000000000010
1111101010111001011100111000111011000000000000000000000000000000000010
1111000000101011100011110110101101000000000000000000000000000000000010
1110001100000100100001110111011000100000000000000000000000000000000010
1111100111100101000100110000010110000000000000000000000000000000000010
1110000000011010011110111111100111100000000000000000000000000000000010
1110000111100001001111011010101101100000000000000000000000000000000010
1111111000100000101110110000100011000000000000000000000000000000000010
1111011111101000000101010100011110000000000000000000000000000000000010
1111010111011011100010100001101000100000000000000000000000000000000010
1110001111001101101010100011110110100000000000000000000000000000000010
1111110011000110011100000010001010000000000000000000000000000000000010
1111000101111000110111000001011010100000000000000000000000000000000010
1110111111000001001011100000000110100000000000000000000000000000000010
1110101001111000011101100010011101100000000000000000000000000000000010
1111010011100101000100101001001010000000000000000000000000000000000010
1111000000100111011010101111011111000000000000000000000000000000000010
1111001110001111111001100011010101100000000000000000000000000000000010
1111111001011001110001100111011011100000000000000000000000000000000010
1111100100000100110101011100010111000000000000000000000000000000000010
1111011010111100001011100101000000100000000000000000000000000000000010
1110011001011101100001001001000001000000000000000000000000000000000010
1111111100010010001110111101001000100000000000000000000000000000000010
1111011100110111111000011100101000100000000000000000000000000000000010
1110111001100010000011010111101010000000000000000000000000000000000010
1111011010111001010010101100110001100000000000000000000000000000000010
1110110110000100110100000000101100000000000000000000000000000000000010
1110011110110011101110101101111110000000000000000000000000000000000010
1110100100111011011011110010001001000000000000000000000000000000000010
1110000010000111101111010001001110000000000000000000000000000000000010
1110000110000110101101100011111110000000000000000000000000000000000010
1111000100110111000111111111110111100000000000000000000000000000000010
1111010100000100000111000010011110000000000000000000000000000000000010
1111110011001001111110110010111111100000000000000000000000000000000010
1111010011100011110001110010101010100000000000000000000000000000000010
1111001111111111010011111100101010100000000000000000000000000000000010
1111110000010101001101001111110101000000000000000000000000000000000010
1110101011010001110101111011000110000000000000000000000000000000000010
1111110010001100011101110111101111100000000000000000000000000000000010
1110101101011010000100111000111110000000000000000000000000000000000010
1111101010000100000111101011111000000000000000000000000000000000000010
1110110011011100000110101010100101000000000000000000000000000000000010
1110111010010111111101100011110000100000000000000000000000000000000010
1110001100101000100010010101010110100000000000000000000000000000000010
1110100100011100000010000001111101000000000000000000000000000000000010
1110011000100110000001010110011110100000000000000000000000000000000010
1110011100111101110011011101010101100000000000000000000000000000000010
1110111000011100011100001011111011000000000000000000000000000000000010
1111110100101001011100001100110110100000000000000000000000000000000010
1111111100111111100011101010010000000000000000000000000000000000000010
1110001010101011100001010101111011100000000000000000000000000000000010
1110101100111100011001111111000000000000000000000000000000000000000010
1111111101100011100101100110001011000000000000000000000000000000000010
1111010100111111110010000010011111000000000000000000000000000000000010
1110000010101110011111010100011110000000000000000000000000000000000010
1111001100110000111001110011101110100000000000000000000000000000000010
1111011010010101100110100101110000000000000000000000000000000000000010
1110001000011111011011011001010000100000000000000000000000000000000010
1111111111001010111001011100011001100000000000000000000000000000000010
1111110011111110011011010001010111000000000000000000000000000000000010
1110000011111000111010110111110000100000000000000000000000000000000010
1110110110000010000000001110010001100000000000000000000000000000000010
1111011101101110101110001010011000000000000000000000000000000000000010
1111111111111000001111011111011101100000000000000000000000000000000010
1110001101101000110011100110110000000000000000000000000000000000000010
1110000110010100101001010110101100000000000000000000000000000000000010
1110111100011110111001110101001001100000000000000000000000000000000010
1110101010010100010010001001110001100000000000000000000000000000000010
1111000101001011100101100001010001100000000000000000000000000000000010
1111000000011110010100100001010101100000000000000000000000000000000010
1111010101101110010101111001111001000000000000000000000000000000000010
1110101011101001000101101111111001000000000000000000000000000000000010
1111011100010011011101001100100011000000000000000000000000000000000010
1111000110011110110100010000010101100000000000000000000000000000000010
1111100110001111000101101000011100100000000000000000000000000000000010
1111000011101001010100111101000100000000000000000000000000000000000010
1111010101000011010110000011111100000000000000000000000000000000000010
1110100010101010101000000101000011000000000000000000000000000000000010
1110011001001111100000110011011000000000000000000000000000000000000010
1110101100000101000111111010101110100000000000000000000000000000000010
1111111101011001111110110101111101100000000000000000000000000000000010
1110001010100100101000110100011111000000000000000000000000000000000010
1110111011011000111010011110011000100000000000000000000000000000000010
1111001110000101011001100111001011000000000000000000000000000000000010
1110010001010011100101100101011001000000000000000000000000000000000010
1110111110111101001100001111011011000000000000000000000000000000000010
1111000011001101011011100000111000000000000000000000000000000000000010
1110100100100110100111011010011011000000000000000000000000000000000010
1110000101111111000111010100010010100000000000000000000000000000000010
1110001111111101100000100101001001000000000000000000000000000000000010
1111011111110100011100110010111110000000000000000000000000000000000010
1110000010000101011001011010010110000000000000000000000000000000000010
1110011001011001001101110000101010100000000000000000000000000000000010
1111000111010110000001001010010000000000000000000000000000000000000010
1110111111011010010010111110011100000000000000000000000000000000000010
1110001101000011011110110101011010000000000000000000000000000000000010
1110110101000111010111110000111111000000000000000000000000000000000010
1111110000100110010000101111111101100000000000000000000000000000000010
1111110110011011000100001111010100000000000000000000000000000000000010
1111100011100110011101111110011001000000000000000000000000000000000010
1110000011001110100011011010101111000000000000000000000000000000000010
1110011101101111000011111001100000100000000000000000000000000000000010
1110011010011001110011000100000101000000000000000000000000000000000010
1111011000011110100111111111011110000000000000000000000000000000000010
1110100000000110010011101110010000100000000000000000000000000000000010
1110110110010010101110101000110100000000000000000000000000000000000010
1110001110010010000011100110111110000000000000000000000000000000000010
1110000111011101100110000111110110000000000000000000000000000000000010
1111100101001010111111000100001000100000000000000000000000000000000010
1111011101011110110100111100010111100000000000000000000000000000000010
1110111010110100100011110110000011100000000000000000000000000000000010
1111010101011111011000101101000000000000000000000000000000000000000010
1111010110011111111001100110011001100000000000000000000000000000000010
1111011101011011110100011100010011000000000000000000000000000000000010
1110110110110101001110100000011111100000000000000000000000000000000010
1110001111001110101001111111000110100000000000000000000000000000000010
1111010101000111110101001101110011000000000000000000000000000000000010
1110110100011111001111111001010110100000000000000000000000000000000010
1110000000111110010101110101110110100000000000000000000000000000000010
1111000000011101010111010100111101100000000000000000000000000000000010
1111101110110111001101001111010010000000000000000000000000000000000010
1111101001001001101101011000010000100000000000000000000000000000000010
1110000110011100011010011110111110000000000000000000000000000000000010
1111000100101101101011011001001001100000000000000000000000000000000010
1111010010000010110111110111110111000000000000000000000000000000000010
1111010111111111111001111001000111100000000000000000000000000000000010
1111101100110100111010011011111000000000000000000000000000000000000010
1111111100010110011011100111011000100000000000000000000000000000000010
1110000110001100010000000111010010000000000000000000000000000000000010
1111000111100110001111011001101011000000000000000000000000000000000010
1111111010000010101101100101101000100000000000000000000000000000000010
1111110100111100111001001111011000100000000000000000000000000000000010
1110111101000101100010000000100111100000000000000000000000000000000010
1110000111100000010011001010110011100000000000000000000000000000000010
1110111100111010010100101010011011100000000000000000000000000000000010
1111110101100000010010101010100101000000000000000000000000000000000010
1110100001000111010111000010000111000000000000000000000000000000000010
1111000110110100010001100010010001000000000000000000000000000000000010
1111110111101001111111001100000100000000000000000000000000000000000010
1111000001100100111111111111110110000000000000000000000000000000000010
1110010010001000100010010100001011100000000000000000000000000000000010
1110000101010011001110000011110110100000000000000000000000000000000010
1111010111011001000010011000000011000000000000000000000000000000000010
1110101000000010010100011100111001100000000000000000000000000000000010
1111001110110011111110011111100010100000000000000000000000000000000010
1110000101000000100110100001110101100000000000000000000000000000000010
1111001110001101100000100010111100000000000000000000000000000000000010
1110100000000100110111011100001011100000000000000000000000000000000010
1111101100101110010110001001100100000000000000000000000000000000000010
1110111100100001010000110011100110000000000000000000000000000000000010
1111010011001010100000110110110100000000000000000000000000000000000010
1110001010011101000101000110000111100000000000000000000000000000000010
1111101000010110101011010110101101100000000000000000000000000000000010
1110101111110001000011111001110111000000000000000000000000000000000010
1111110100111111011101010111010001100000000000000000000000000000000010
1110101011011001100100010011101110100000000000000000000000000000000010
1110000100010101000001000001110000100000000000000000000000000000000010
1111011101100001001011111110100010100000000000000000000000000000000010
1110110011111011110101001010010111100000000000000000000000000000000010
1111010000011110011110000100111111100000000000000000000000000000000010
1110100000000111100110011111001100100000000000000000000000000000000010
1111101101000001110111000010010100100000000000000000000000000000000010
1110100000010100010110111010001110000000000000000000000000000000000010
1111011100011100101011101100110101100000000000000000000000000000000010
1111100010100000011101010011000001000000000000000000000000000000000010
1111100010101100011100101000101110100000000000000000000000000000000010
1111011100101100010000011001101111000000000000000000000000000000000010
1110011100101000011001001000011100000000000000000000000000000000000010
1111110111001101010000111011110011000000000000000000000000000000000010
1111010000100001001110010001001111000000000000000000000000000000000010
1110100000110011100010101100010000100000000000000000000000000000000010
1111000001110110011101110010001011100000000000000000000000000000000010
1110101001100000110001000011110111100000000000000000000000000000000010
1110011111110000000000010010110101100000000000000000000000000000000010
1110101100011111110001100111000011000000000000000000000000000000000010
1110000100111010101110100000000110000000000000000000000000000000000010
1110111100000001001110000100010100000000000000000000000000000000000010
1110001001001111001100100111111110000000000000000000000000000000000010
1111110110000111111001100010111011100000000000000000000000000000000010
1110100110010001010111011000000110100000000000000000000000000000000010
1110101110111101110001001100011100000000000000000000000000000000000010
1111001010001110010101010000000010100000000000000000000000000000000010
1110110101010001111111111110101101000000000000000000000000000000000010
1111000001011000000100010001101100100000000000000000000000000000000010
1110101111101100101000111000101011000000000000000000000000000000000010
1110100101001001001101110000100011000000000000000000000000000000000010
1111101111011100000111111111100111000000000000000000000000000000000010
1110100101001111000111011011100001100000000000000000000000000000000010
1111001000000101011000111101110100000000000000000000000000000000000010
1110001100010000110101101011011100100000000000000000000000000000000010
1110111000010011101100101100000110000000000000000000000000000000000010
1111000101111111001001010000011000000000000000000000000000000000000010
1110100111011101001101100111100010100000000000000000000000000000000010
1110100101010001100111100001000110100000000000000000000000000000000010
1111101101011000100000111100011100000000000000000000000000000000000010
1110010011110101010100100011010100100000000000000000000000000000000010
1111000110000001010101011000100100000000000000000000000000000000000010
1110000101101001101100110000001010100000000000000000000000000000000010
1110000001111010000110100001100111100000000000000000000000000000000010
1111110000011111110101000101111010100000000000000000000000000000000010
1110010110010110101011001010000101100000000000000000000000000000000010
1111100101101011100111100000100110100000000000000000000000000000000010
1110101111101011101110110001000100100000000000000000000000000000000010
1111101100001101100001100100011001100000000000000000000000000000000010
1111011100100111011101000100010101000000000000000000000000000000000010
1110100100101100110110100000100001100000000000000000000000000000000010
1110100111100111110000111000111010100000000000000000000000000000000010
1110001111000100100001001010110000100000000000000000000000000000000010
1110010011110101111111001000111011100000000000000000000000000000000010
1111010110000100001010100011111011000000000000000000000000000000000010
1111100000010101000010110110010010100000000000000000000000000000000010
1111011000111000010100100010010100000000000000000000000000000000000010
1111110011110110110001110000010110000000000000000000000000000000000010
1110111000000001000110011111100100000000000000000000000000000000000010
1110001110010110111001010000110011100000000000000000000000000000000010
1111101001001011010100100011101101100000000000000000000000000000000010
1110111010101111101111010000001111100000000000000000000000000000000010
1110111100110100011011011000101110100000000000000000000000000000000010
1111110010011000101000110010111011100000000000000000000000000000000010
1110101100011001011100000010110001100000000000000000000000000000000010
1111010001111001011011111011000111000000000000000000000000000000000010
1111110010000101100000111010100010000000000000000000000000000000000010
1111001000000100000001111011000001100000000000000000000000000000000010
1111001101110001111110100010001100000000000000000000000000000000000010
1110110010010011011011101111110111100000000000000000000000000000000010
1110100011010101011111010010110001100000000000000000000000000000000010
1110000110111000110101110011101001100000000000000000000000000000000010
1110000110000011111100110011001001000000000000000000000000000000000010
1111000001000100000101101100101111100000000000000000000000000000000010
1110010111001000011000001000110111000000000000000000000000000000000010
1110011111001001100100101110101100000000000000000000000000000000000010
1110010101000001110000001001011010100000000000000000000000000000000010
1110111110000001000011001011101011000000000000000000000000000000000010
1111001111100110110011011100100010000000000000000000000000000000000010
1111010010111011110100111111010001000000000000000000000000000000000010
1110111001101100001001110111001010100000000000000000000000000000000010
1111111001111010100101101001001001100000000000000000000000000000000010
1111110001111011111100110101111111100000000000000000000000000000000010
1110010010100110010110010000000001000000000000000000000000000000000010
1110110101111100011100011001111100100000000000000000000000000000000010
1110000100011001101001011001000010000000000000000000000000000000000010
1110010100110010001100110110011011000000000000000000000000000000000010
1110111100100111110111001100011010000000000000000000000000000000000010
1110100010000000000100000001111001100000000000000000000000000000000010
1111001001100000110110001100111011100000000000000000000000000000000010
1110110001001000100101011100100100100000000000000000000000000000000010
1111110111110100001101110111011101000000000000000000000000000000000010
1111100001010011110101111010100011000000000000000000000000000000000010
1111110110110110110010101001110101000000000000000000000000000000000010
1111101100101000000011011010111111100000000000000000000000000000000010
1110011100000101100101110100011100100000000000000000000000000000000010
1111000011001101101011101010000111000000000000000000000000000000000010
1110001101110100010000101110111101000000000000000000000000000000000010
1110011001100000000110100101001010100000000000000000000000000000000010
1111100101000011100001000110100100000000000000000000000000000000000010
1111010011101110101001001000010100100000000000000000000000000000000010
1110110100111110110010100000110010000000000000000000000000000000000010
1110010010000101100100101100100111000000000000000000000000000000000010
1111110100101001111110010001000100100000000000000000000000000000000010
1110001010010101010000000100010101000000000000000000000000000000000010
1110011001101011000110110011010100100000000000000000000000000000000010
1110001111001000111001101101001100000000000000000000000000000000000010
1110000100101110011101100011101101100000000000000000000000000000000010
1110100010110100110001100100110010000000000000000000000000000000000010
1110111000011110111110110001110110000000000000000000000000000000000010
1111010110110000110111001111111010100000000000000000000000000000000010
1111001000010010001101010111100011100000000000000000000000000000000010
1111001101000110101111010100001001100000000000000000000000000000000010
1111101111011000110010100001110110000000000000000000000000000000000010
1110100110011011000000001011000100100000000000000000000000000000000010
1110011001100000100010010011100100000000000000000000000000000000000010
1111001110101000100101111100100001100000000000000000000000000000000010
1111000111110100111011100000000100000000000000000000000000000000000010
1111110001011011010000011111110110000000000000000000000000000000000010
1110111110110011001010010100101010000000000000000000000000000000000010
1110101001010111011111100001001000100000000000000000000000000000000010
1110010111010001111011100000100100000000000000000000000000000000000010
1110001000011000000011010011111101100000000000000000000000000000000010
1111001010010100100011011001101101100000000000000000000000000000000010
1110111101011101100100111000010111100000000000000000000000000000000010
1111010001011101000111010100110110100000000000000000000000000000000010
1110111001010110001010110010101010000000000000000000000000000000000010
1110101110000100110100010101100010100000000000000000000000000000000010
1110100100100000110011010100001010000000000000000000000000000000000010
1110000001100100100000000000010010000000000000000000000000000000000010
1110000110011111001101111001101000000000000000000000000000000000000010
1111011100000000010101001110010101000000000000000000000000000000000010
1111010111010100110000111001001111000000000000000000000000000000000010
1111001101000100001011001001011011000000000000000000000000000000000010
1111000011000111110000011001111011100000000000000000000000000000000010
1111111010011111111001101101001000000000000000000000000000000000000010
1111011110101011000110111000000011000000000000000000000000000000000010
1110011111110100101001110010010011100000000000000000000000000000000010
1110110001100001111110011000101011000000000000000000000000000000000010
1110100000011001111100001100001110000000000000000000000000000000000010
1111101000101101001011101010011011000000000000000000000000000000000010
1110011110001011000010110010010011000000000000000000000000000000000010
1110110101100110111110111010011011100000000000000000000000000000000010
1110110101011111111110001111001000100000000000000000000000000000000010
1111000111101111110010010011101111100000000000000000000000000000000010
1110010110011111000110110101110011000000000000000000000000000000000010
1110110100001010101011110110110011100000000000000000000000000000000010
1111001000001011100100101001101010000000000000000000000000000000000010
1111111100101110100110111010000100000000000000000000000000000000000010
1110010111010110100101111100110101100000000000000000000000000000000010
1110010110011101011100110000111011000000000000000000000000000000000010
1111100100001010101100101001100110100000000000000000000000000000000010
1110010010001100011000111000010011000000000000000000000000000000000010
1110110110000111110010001010011110100000000000000000000000000000000010
