1010001011010111111010001110011101111110010000110111001011001000000010
1010011110011000001011100101011011001001110000100011010011100000000010
1011101100000011010111011010110100011010010010011001100111100000000010
1011001110111101101011110011100110111011100101111010000001001000000010
1010100110001101111000001010101100101110101001001101101001011000000010
1011001110010000011001010111001011111111111100110111111111011000000010
1011010100101001100000101100010111000101101110111001101110101000000010
1010100110111111011101011111100001110010001101111011001010011000000010
1010001011101111011000001011110010100001000000010000001001101000000010
1011111001110001110111011111111001011010110100011001010111110000000010
1010111011101010101110010011010111100111010001111010001000111000000010
1011011001111001100000011101100000110100000010100111001011010000000010
1010101001111111010000100101101010110111000001001100000000100000000010
1011100001011100100001110000110001010011010110110011101000011000000010
1010110101100101100001011100000000001100111010110011011100011000000010
1011100001010010111110110101000001010101011011100010000011100000000010
1011011000111111011110100101010001101101011010011111111010101000000010
1011000011000110111100011110101010111010000110111111001001101000000010
1011011010000000100100001111101100111001101100000001001111010000000010
1011011010010000100010010111110001100011011101101010110111101000000010
1011111011010101101100101010011110000100001110000111000100010000000010
1010100001001100011111100101001110101011110110101001111101010000000010
1011100010001010011001000000111000101010000001100101100111110000000010
1011111011010011000110100011011001101001000100000100001101111000000010
1010011000010100100010001100010111100010011101001011111100000000000010
1011011000111100110100000011010111100010100101101000101111110000000010
1011110101100011011010001001100011111110101111001010110111011000000010
1011110111000110101000011001011011101101010100000000111111100000000010
1011010010011000101111000100111011110110110010010000111000100000000010
1011001000001000011111111100000011100000001010000010001011000000000010
1011110001000001101010100000000000000000101111010110010011010000000010
1010000011010111011011011101101101011100010001100101111000011000000010
1010010000001110000111011000001001011110111001110101001111001000000010
1011001110101010001101111100110010010110100111111011110011101000000010
1010001010111001101010001000001000001001101001000011010100100000000010
1010110001010110000010111000001000011001011111101110011100011000000010
1010000111010110100010111110110010110100011010000100111010101000000010
1011001110000010001110101101010110011001000111001011010100000000000010
1011011001111000110111011100000001111011111101111100100100111000000010
1011011001110001010001111101011110001101000111110010110111011000000010
1010001101100111101011011010110110000001101011000110001100000000000010
1010101110110101101110010001110101111010001101011111110110110000000010
1010101001010010000101001001001111111101110100111101011001011000000010
1010100011110101000101010010000001100000011001111001111110101000000010
1011101110111001100100011100100011110100000110001101001110011000000010
1011111100101101101100000100100100001001011001111111011100111000000010
1011100111100110110101001001100101011110100010111101000000101000000010
1010110101111111111010000000110111111111101000010101000100111000000010
1011000111110101010000011010001110110100000000110000001010011000000010
1010011101011011000100010000100011110101100111110010001110110000000010
1010110110101111000010000101100001101110100000101011010111000000000010
1011010000010100101000111111010000000000000000000000000000000000000010
1010011010011001001100001000111110111111010100110110001001010000000010
1010101010101100100000011110010100110000111111111100011101110000000010
1010000111100101101111010010110111100100101011000111101010010000000010
1010000110111100010100001001101111010010101100001101111100000000000010
1011101011100110110010011101111010010101011100001011010100001000000010
1011100110001001010011101101010111100101001101001001110110000000000010
1011100000001101001010111011100101101111010110000010110001011000000010
1011111101000110001101001010000001110011101001001111000100011000000010
1010000001011111111010011110011010011111111111011001100001111000000010
1010110011000101010111001001101100011101100101000100001011000000000010
1011101101010010010000111111100101101000111101011111100100101000000010
1010100000111101111101000101100010011010100010000111101010100000000010
1011001001000000101011010011111000101110111100100010000110011000000010
1010110010101011001011010110111100110101100100100101101011100000000010
1011101011011110000111011001100100011100110011110101110101011000000010
1011101111101001111110110110011100100111011111111011010010001000000010
1011011011111110000001010101000100000111001010111100001011101000000010
1010101000110111111001010010110000000100100000000101100101101000000010
1011101101111010001011100101100011110010110010111001101111001000000010
1011101000111010101100001101011010001110010101100111011111101000000010
1011111011100101111111000101010010110101001000011101000100001000000010
1010111111000101110011011000001011010100110010010010010010110000000010
1011101001110011110001111101100011101111100101110100010100001000000010
1011010101011100101101011000110011111111001100110111101111111000000010
1011100110100010010111001011010101101111111000010111111001010000000010
1010001110011000110001001101010000110000100000101011011001011000000010
1011010110110110100011100101010010111111111110010011110011110000000010
1010110110100010001010000011111100111101001000111100001101100000000010
1011001001100010111111010001101011111010100100111001111010000000000010
1010101110010011110111100001010111111110010010011010001000011000000010
1011000100111101010100110000111011001011001010111011000001111000000010
1010100010000010110011110000001111101110101101100011010101001000000010
1010000100111010011011101100110100000100011100110011010110110000000010
1010000000101011011011010001100101101100011110100010110000010000000010
1010110001111111000010000100010001101001100110010111110000011000000010
1011011111110110110101010000110100111000010011001110110101001000000010
1011000111100110001011111110001101010001000001100011100100011000000010
1010011100001011110011100111001001010001010011101000101011011000000010
1011100111010010100010010001111011100101011100100010111010010000000010
1010100111100111010010100100010111101010100011001011010110110000000010
1010010010111011110101100100001100111111111011010010110011001000000010
1010111001011000110010100011001001011001010011000101101010011000000010
1011001000000100001001010011001111001111011001101010011110000000000010
1011000000100111011111110111111110001010100010010011000111110000000010
1011110110101001101100010111101000101111000001011110110010010000000010
1011101101110011110100110001101101011001001001001110100001000000000010
1010001111000111010001011000001111100000000000000000000000000000000010
1010110111101000111100010101011100111101000011100101000110010000000010
1010000011001111110101100010001100001001010100101000100101011000000010
1011111001100111011101011000100101111101110000010010111100011000000010
1011101101011001111100111011010011001011001111000100100001011000000010
1011110111000011100101010001011101111101100011110100011011110000000010
1011001010110010110100010011001101100001010001100000111001100000000010
1010101011110100011011000110011011101110111101010000100001111000000010
1011000111000101001100111111111000001110100100000110110111101000000010
1011101101000011000010000101111101101011111010000101101111110000000010
1010100100110101111001111100110001100001101010000100111100001000000010
1010100101010110100001110111001001001010111101101110110000011000000010
1010000011001001011001110100100101001110100111011100100011101000000010
1010100001111110100000011111000100010100100111000101100011110000000010
1011010101100101001100100100111000101001111111010011111011000000000010
1010101111111001010110110010001111101101001010010000011001011000000010
1010111101010110101010111101100000010110111000111100101100111000000010
1011101010110010000000001100000101011111010100101011001101000000000010
1011010001101000011100110101011111110110000110100110111011010000000010
1011000100110101101110111100001011101111111100000010011101101000000010
1010100001101101110010010111000011000000100101111110110001101000000010
1011000111101011110000001001000001101101010010100111011101110000000010
1011101011111010010000110001101111101101100011111001101101011000000010
1010101001001010001010100111111100101001100111000000110101111000000010
1010101001011001010101000001100100111010001110000101101110100000000010
1010000010101100011001111101110000010101100100100100010011101000000010
1011100111010010110110100110110101010100110111001011110001100000000010
1010101100110111001100101011011110001110101110001001111000000000000010
1010000011001101111011101111110110000111111101000100001011010000000010
1010010111000100010001101110111010010100001110100000100000110000000010
1011011100000001001011000000011011110010110010000100000001000000000010
1011000010111111110100101011110101011000100100010100011101110000000010
1010111011011111110101100101001100010001100101000001101011110000000010
1010111111101111001010000100111110100111100000001010010101110000000010
1010011010110011111100111010011110101101010000011110000110101000000010
1010100000000110111100100110010000110011100101000100110100010000000010
1011100010001001011110001100101000110111000000111101011001100000000010
1010101110011011110011001101100111000101100001100000110001110000000010
1010100100001110010101110110111001100001000010001010101011011000000010
1010110110001110011110010111000010001101111000001010001001110000000010
1010000111010001000111001011001101110111101010011101010100000000000010
1011110000110100111010111010010010011011010100110001001001111000000010
1010101100101101000001001100010011011101111110001010101011101000000010
1010101100001111000010101001000101110000001011000000001000110000000010
1011010110111011110100011100101111100101111011010100011101011000000010
1011001100100110110100001100100101110010011001100001110010100000000010
1010100100011001001010100010100000011011010100111100001101110000000010
1010000110011001010110010001010010010111011110111101101110011000000010
1011000100111101110000000000010000111111100100100111010101111000000010
1010101111111000001001101101000111000001110010101000001010001000000010
1011110010101100010000100110111111110110100111111101110100110000000010
1011101010011100111111100100101100011011110010000110011010110000000010
1011100100110100111010110001000110010101111111011001011001010000000010
1010110101000101011100111000110101110010000011101010010010011000000010
1011000011011100100101101000000100000001001111101110011001101000000010
1011000111000001001101101100100001000100111110001111111100101000000010
1011111000100111011010110011101110000101000010101000111110000000000010
1010011001001000011010101010111001111100010101111100000111011000000010
1010000110101111010000011111011100110001111000011110011011110000000010
1010000001111100101111101000010000101011000110101001101100001000000010
1010110001110111110110001000111010001011010110011001010110111000000010
1011111000111010100000100110100000110110111011111100000011001000000010
1010111101000110001110000101000111100010100001010111100111111000000010
1011001001001110100111100000111010011011110100101110001110110000000010
1011010001110010001101001000100010110111011101101100111110101000000010
1011110101111110100000010010000110011111101011100111100101011000000010
1010101110010010000000100011010000000101001001101000101000111000000010
1010001010101000111000100101001010111010010110001001011001000000000010
1011110011101111001111000000111000011001011101010101111000101000000010
1011010100111111101000000010000110110111110000011100100111100000000010
1011100011110011011011011111100110000000001100100101001101101000000010
1011001111010000000110011001011111101101111111011110110001101000000010
1011111110001100010010101100111111100111011100111010110100101000000010
1011000100010111010001001111100001011011111111001100110111110000000010
1010110101111110001010011100010011101010010110111100001001011000000010
1010001000100111110110111001000010011111011001110000011111110000000010
1011010000000100100111111110101011101111101101010001011101110000000010
1011100111101001000000001011100101100110010011100001110000010000000010
1010010110000101000000001101110110000111111000001110001101001000000010
1011101000100011110100100000100110101100011001100101101010100000000010
1010000111110111000101000111000011011011100010000100000101010000000010
1011010010100010100100110001111001110011010111101001110110001000000010
1010101110010110001111010100000100001010100001000011010100100000000010
1011001001100001100000001110110011100111011111010100001110100000000010
1011101100001010000001100111100011010111010110001111011111111000000010
1010111000001001010100101110111101100001100101100101111111011000000010
1010000111111001101110000010010110011111111110100110000010000000000010
1010101110110001010011000100101001001111000001100101110001110000000010
1010110101011110001001110101011100110001110010110001111010011000000010
1011110011110110010100001000000010001111100101010000110111111000000010
1010111100100111110100010010001010010111100001001010001001101000000010
1010101000110100001101011111001011001001001111001111110100110000000010
1010101110001100111010100001001110101111000000101010001011010000000010
1010111101010110101001111000111011100001100011011100110100001000000010
1011011110000011101111110000011110100111100101000010100011010000000010
1010111110111001001110000100111101111000111110011001110011100000000010
1011110110010010000101000100001000111011001010011110011010000000000010
1011101101010101100111111101010101100001100100101100111001100000000010
1011011110101111000100111100001111001110001101001100011010010000000010
1010001110011110010101000111010011100011000101010110010111101000000010
1011111000100101010010111100010100101001110010000011011010011000000010
1010110100100111001011101101001101100011100111011010101011010000000010
1010000000001101001001110111001111110100010111110101001000101000000010
1010000001110010101100001001000101001111100011101001111101101000000010
1011111001010001000101101000001101010111100010000110111110011000000010
1011111111100011100011111101000100010011101101111000111000001000000010
1011010011001000111110011101001011111011111011001110000100101000000010
1011110000110110000011110101010100111110100101001001111110101000000010
1011001101110001111011110010001111111100000110010001111001100000000010
1011110011001100001011100010100001101100101101001100110000000000000010
1010110100101111010010011101011110100001101000100100001110011000000010
1010011010000100111101100101101000001100111111010000010101010000000010
1010001001100111110000001011100101110001100001010111101100101000000010
1010111010100110001110000000100100100111011011011100101010011000000010
1010101010101100011100101101100101110000111111001110111110011000000010
1011001111110000000110101100110001110111110010100111011010010000000010
1011001011000111111000100111000100111110111011010011111001011000000010
1010110011101000011110010110100111100011001100001000011100111000000010
1011110010101111110100101000110101100000000111010000111100010000000010
1010001110011001000010000000010011100001001110110111011111100000000010
1011001000011011001110100001110101011000101101010001011011110000000010
1010011011101001100110011010101110110100000111011001110111001000000010
1011011110101111110000001011101010100100111000010001001111000000000010
1011010101010001001111001000110111001101110111110000010100000000000010
1010110001100111011111110110100111000110101000111111010111100000000010
1011011111100000110011111000111100110011011110011101110110000000000010
1011101010011101011010101111011111011100101110110011101011111000000010
1011100001111100010011000110000010010110001011010010100011100000000010
1011100000100100100000010110010001111111101000101000101011110000000010
1011100110001011100000001010110001010001001110011101110110011000000010
1011101110101011110100111001000101110001111111110110101000110000000010
1011111100100110000100110100001000010111001101111001011011100000000010
1011101100000000111100111010101110001110100111001101111000000000000010
1011111110010100101000100010100101001001000001011111111111011000000010
1011100010100000010011111011010000100011011011001011011011010000000010
1010000001110010010001110010001001010011101111001101110000111000000010
1011010101101000000001110111001101011100111010110011001001110000000010
1011000101101110101001110100100101110011000100011110111110010000000010
1010100011100101000110111001000001010001000111000001100101000000000010
1010100001001110111110111110011111011101011010001111101101011000000010
1010110110001010110000010111000010000001000011101000110000001000000010
1010100010101101100110111110111010100011100110001000110101001000000010
1011100111001111011110111000011011101010010101101100101100001000000010
1010100010000000000100101101111010100101100110010011100011110000000010
1011000011000110111010100001001010111100100001110111101010100000000010
1011011000111111100010001100100111100111010111010001100100100000000010
1011000001100110010101101101011001010111010111100101011010001000000010
1011110000000010100111010001100001011011010110110010101011110000000010
1011000001110100010001101001010110110110100100111101011110111000000010
1010100000011101111011100100100010111101101011101100110011101000000010
1011000100011111000110011011001101100110100110101100101110010000000010
1010010101011100110001010011000000011010100110011000111100100000000010
1010100101000000010100101110101001110000110001010100111101111000000010
1011111001001000001111000011100100110010101010011100110001100000000010
1010111110010111010101111001101010011110101000111000111110011000000010
1010011000110011000111010000011001000010100101000111101001111000000010
1010110111011100011010010010111011001001100011011000111001101000000010
1010011011011000111110010101101000000000100001010111011000111000000010
1010101100100011100100000000011101111011101110100000111101011000000010
1011000011111101011000111010101110110100100111010100100001010000000010
1011001010011010111100101000111011000100101001000000110010110000000010
1010011111000001000111000101000100100111001111100101011101000000000010
1010001010110011011110100000000001101111110001100100000101101000000010
1010001001000000111110100001010111101000000100111111000001011000000010
1011001010111010101100001000110111000011011010001000000110101000000010
1011010010011011010100011111011110011100110010011101000111110000000010
1010000001001101011001000000001001111111011111011001101011000000000010
1010111110110001101101100010000001011000100010110111111110111000000010
1010101111001000111110110010000100111011101010001000101010001000000010
1011011000101010101011101101101101011110001000010011100011111000000010
1010101000000001101101000110101111010001111100001000110011111000000010
1011100011101100010000001000000110111110000010000100010000010000000010
1010100100001000101000100100100000011001110100110001100011111000000010
1011011010001001101011010101101000000011011100111010101011010000000010
1010001101000111000101000000110100011001000100011011000010110000000010
1010100100110101011110100000111000100000110111000000101111011000000010
1011010100100100101110001010110100011101110101000000010110100000000010
1010110110000000001011010010110001100010111100111010110010110000000010
1010000111000001111101010110111011111000010001011100101001101000000010
1011101111100010001010011100010101110011101100101100011111000000000010
1010001011011001111011001000111101001001001111110010000110101000000010
1011100100110110110100111011000110111010011010111001000001110000000010
1010010010110000110101001101001000100011110011001110101011101000000010
1010111100001001100010000001000101111111001000001111101111000000000010
1011000111011110001000101000101101000110010010011000001000010000000010
1010011010001111010101100100110100011100111101110000000001110000000010
1010010101111010000111011010011011111011111000011100110001001000000010
1011101110010011111010000001001110101111001100100111110101001000000010
1011000111101111010100110000000101000101101111110010001100010000000010
1011111101101110001000101000011110011010101100111100101001011000000010
1011100011111010000110011100111011100111110010010011111111101000000010
1011000111001011111000001110110100011111101101100101001111100000000010
1011110001100111010110101111110100000100011011010010001001011000000010
1011101001111110010010100101001101100111111001110110011001011000000010
1011100001110111100000001101001100010000101011101111011101111000000010
1011100100111100101111001000010110110101011011101010100010011000000010
1010011001100000111101101110001100010001010010000101110101000000000010
1010001011010000010001010010011110010001100100110101100110110000000010
1011000010110110001011110000011111010110011010100011111000110000000010
1010001100001011101100001001110110001111011110011110000001111000000010
1011000100001111111010000110000000010000110010110101110001111000000010
1011001001100111001100100101001111100010010110011011000100011000000010
1011000110010011011110010101110001101001010010011111110001010000000010
1011100101111001100011000111010000001110100110000100000011101000000010
1010011011001101111101001110010010011111111110011010100010111000000010
1011111010001101111101011011111111100111001101110010100100111000000010
1011100010100111101000011001100111011111111110101000001111101000000010
1011110011110010100111001011011000101110011000000100000100101000000010
1010101001000101110100110000001111011101100001000010100110110000000010
1011100111110001011101111101100101110011000000001010000011000000000010
1010011111001010110100101101010011001001111101010001001010001000000010
1010101000100001110001011100111110111001010000110011110001110000000010
1010101000111100001100100100100101001111011101001110011010101000000010
1011110111100010000011111011000010010110101111001001010001110000000010
1010110010001000110111000101000100010000101100111101101011110000000010
1011100001011000011110011111000111010100011111011001110110010000000010
1011100100101001001000011110011100000011111111111100011100011000000010
1010111011111011101111111111100011111110000110111001001001110000000010
1010000010010011010111001100101000101100101010000011111101001000000010
1010000101011001100110110100100000111001011011000011111110110000000010
1010011101010111011100011001101001011000010010011011100010110000000010
1011101111010001000111110000101110111110101111111000100001100000000010
1011010010100100101010000110101000101001011000011011001000011000000010
1010011010011101001111000111001111010000001110001011111010011000000010
1011110100101001100110110011100011101001101110011000010001011000000010
1010100100010001100010110101110111011111000011011100000000110000000010
1011000101110011111100110101000011100101101100110000110101111000000010
1011000001111111001010100001011111011000011100111001011010001000000010
1011110101101011100101101001100010000011000110101100110010110000000010
1010001000001111010010100110110010010010010011110010011110011000000010
1011001100011011001111110001110000110000001110001001110111101000000010
1010010001010101101111110111101011100010011101110110011111101000000010
1010001001101010000111001000101110101001001111001010111010011000000010
1010011001010111001000111111010000101000110100001010011111100000000010
1010100010111010110111000000110010110010100101101100011010110000000010
1011110001110101010001110111111101110000000110010000100101010000000010
1010110011101111010011010101000111001001011111111110000100110000000010
1010100001101111001111001000001001011001100111011001110010010000000010
1010011010001101110100000100111000011001101000000011100101001000000010
1011000010101011000111100101001101110110111110110110000101111000000010
1011100010011101100101000000010110011001000100111011000010000000000010
1010000101110001101100110110001000111110001000110010111100100000000010
1010110101011011010010110101010101000000011111000101001111011000000010
1010010011010101110111001001011100001010001000110000011111100000000010
1010011101111000010000100010000010011100010001000111000100011000000010
1011011100110101100101101100001100101010000101011100111110111000000010
1010100000010010101001100000010111011000100110100100000011001000000010
1011010100010010110100001110011000011100010011001110000000111000000010
1011000011101011100111000111100010010000111000100111001000000000000010
1011110111111100100101110111000111111010110010011111110000010000000010
1011111111010100011111011001100011111011101011001110101100100000000010
1010010100110001111000010011011000101011100010001011101001001000000010
1010000100111010101011000000000110101100010111011100110111100000000010
1010010000110010101011110101110101001011110000111100001110100000000010
1010010001000011001000110011000000001000110001001000001000011000000010
1011011011011011110011101110010011101010001110101011111111011000000010
1011111101001000110011000101101010010100100000101100111111110000000010
1010010110011011111001110110110101101000111101110100001100110000000010
1010111100000001000010101010011101000110001101011010011101011000000010
1011011110100000110010000001000100110110010010111011111111011000000010
1010000111010000101111010000111011001111000111101110011011011000000010
1010010100011001111111011010001111101000001010111110100100101000000010
1011111101010010000010010000110100100101001101101100001011111000000010
1010110000001101010010001011001111011111010010101100110111001000000010
1010000000010000001101000011101101011001110000100100001010110000000010
1011001100001001111000011111110101101110000010111110101000001000000010
1010110100101110001111000011110110010100101100110010011010001000000010
1010011011001110110110111011000101110110110101001001101011101000000010
1010000000110101011101000100110001111111111111110011101111100000000010
1010001100000111101110110001001000011110000111011010001010010000000010
1010100001100011011110110001110010000010100100111010001100110000000010
1011011100001011010000111100100111011111010011110101010010011000000010
1010011101010100111110110011111011011110111101001011011001010000000010
1011011100111101010100101001001011000000110111001111010010111000000010
1011101001010100110110011111000011101100001111010111111011101000000010
1010111110110100010100010010111010010011000101011101010011000000000010
1010110101100101111000001111010000101100111110011111110110010000000010
1011010110010000100111111000000101111011100101101000111001101000000010
1011100000011101000011101010010011000001111101001000111011100000000010
1011100011111101010110111011110010110111010100101101101111000000000010
1010010000000101111001101101011001000110110011111111010101011000000010
1011010100010011010010010001001110011010100001110100101100110000000010
1010110000000100111110101001001000110011011110011110101100101000000010
1011100001011010110000001010111111011101000000001011101001011000000010
1011100011001111100001001101010001010010111111101111100001011000000010
1010010010110101001000010111100001110010000110110111010101111000000010
1011100001110100000011100001110001101010010100001100101111000000000010
1010110001010110111100000100100110101110110000000011110000001000000010
1010111011111010000100000001111000100001111001011111110011101000000010
1011101010110001001010010001000100100110101101111000011001101000000010
1010110101000110101000110011110110000111110111111100011001111000000010
1011001111000100101111101011001010001011001010110001001000001000000010
1011101111001001110010011000010001000011100101000110010111100000000010
1010101000011111010011011011011111000101100100111110101000011000000010
1010000100001000000001000000010010011011010011110100010111001000000010
1010001001010011000000101010010100011011100010100010101100010000000010
1011100111100000100000100010111100100010100011011110110011011000000010
1010000000011010100001000101100110110110111100110101001100001000000010
1010000111101000111100111110000000100001110111000110100010111000000010
1010011011000110100100011111110000111010010110110100010011100000000010
1010000101010010110001010100010111100011001101101010011001001000000010
1010010001000111010000001101001101011111111001100100111000111000000010
1010100010100110001100000110001000100010011001010001010010001000000010
1011010000000000111110111011110001001000010000100100110100111000000010
1011000100000000001101000110001010111110001110011001000011010000000010
1011100101111001111010101110101111101101100100010101100101110000000010
1010011110001111100100101110101000000011101001011111000010000000000010
1010010101000100001101111000001010101100011110101011110101111000000010
1010000100110111100111011111111000101100001011101000011010011000000010
1011001111001110100010101110011010010010111000010000101010100000000010
1010001111101110000110100110000000100011111111111110010100010000000010
1011101111000100010001001101101101111010010111000001110101011000000010
1011100100100100010011011011111001010100111010011011010010110000000010
1010011100111010101000000000100010100111110110111011110001110000000010
1010010110100001100010100100001001101101010101101010000000111000000010
1010100011100011001111100110111000110000001011101110001000110000000010
1011101100111110011000110000111101000111111001111110111111100000000010
1011101001001011110011000010101100110111101100111000001101010000000010
1011001111100010001000111011000011110110100100110000010010100000000010
1011111111000011010011110000111011011110011110110101111111111000000010
1010010001011110111000000001010111101011101001001010011010011000000010
1010010111011101111100101110111011100000111100110100101001111000000010
1011100100010000110100111001100001001010100001110111111010000000000010
1011101000010000000010100100001011001101000100101101111111101000000010
1011101000001001010011010000000101001000110110000000110111100000000010
1011010001011011011010110110010110000000010111101110000010101000000010
1010000100111011011001101000101111011110000000110001111000010000000010
1011010011110001000010010000001110000001100110010000110101000000000010
1010111101000001010001001101110000101000001011111110110000001000000010
1010010111010010110001011101000011001011001100111100101111011000000010
1011010111011000111000011011110010011011101001001010100100100000000010
1010101011111101000010010111100011001001010111001110010000010000000010
1010011010100101000111110100100110111111101010110111001110000000000010
1010001011111000111010010011110011010001100101110000100110001000000010
1011111011111001011010101101101000000110101110001111110000010000000010
1010101000101100000010110011101000010101000011001010000000110000000010
1010101110100101110011111001100110000111001010111010110010110000000010
1010111111001110111011010001101110110011100111101000110001101000000010
1010101110110011001110010110100011100101000111100111011101110000000010
1010000010111100010101010111000111011101011010010010011110100000000010
1011101001011111100011100010011001000011010111001010110111011000000010
1010111011000001010000010100111011111011110000001000110011011000000010
1011100101001111000110000001101101000100000000010011110111101000000010
1010011100000011100110101001101111000001011111010001011111001000000010
1011101111111100000010011000010011101000010001001110110010010000000010
1010001111110000111100010011101010000100100111110001110010001000000010
1010010110110010011010001110111111000110100001010101000101101000000010
1011001001000100010001110000110000100011110011010100010100001000000010
1011101111110000101011011110011100111010111010101110101100001000000010
1010010000000000101101101101011110000111110111111000110001011000000010
1011111111010110100111001010110101110101100000110101110011100000000010
1010100001101111001000011101111001110000010001100111111100000000000010
1011101100001101100001111111100110011011101000001110110101001000000010
1010010011101000110010101111010000010100110111001010010011110000000010
1010100100110000110011111001001100100101110101010100110011000000000010
1010100100001001100001000001110010100000000110011101111101100000000010
1010100000111100010110000111100000110010101111101000110111110000000010
1010000111100110101111100101000010101100101101011010000110110000000010
1010001000001010001010110101101011110101000101001000000101101000000010
1011101110010001010000000011001011000100001000100111001111000000000010
1010001001110000100001010010001000110110000011000101110011000000000010
1010101101000101011111111000101010011100101101011111101101010000000010
1010100001100011101000100000111011001101100011010100001010010000000010
1010100110111001001001101101000011010001100001011101010100110000000010
1010010001010011100101101110011001000011001110000011100011111000000010
1010111100001100001001010100100100000100010100011111010000111000000010
1011010011100101111001100100001111011111000111110111010010011000000010
1010000101110000100000111000000010110010101010011111010111110000000010
1011111001100010110000111001000110001111001011010010101010011000000010
1011001101101011101110001001101111110011000110111011100000010000000010
1011000100111101110001101101100111110111001000110101011110111000000010
1011010100010101011101010000100000100000100001111101110101100000000010
1010000100010101000010010101010010001111111000101001111101011000000010
1010100011111100001000010101111001011101110101010101001101000000000010
1010111111000100111111000101100010110101100011110111110011011000000010
1011000101000000001100100101111001100011010011100011110010110000000010
1011000000101110011001010110010100111111101001000110000111010000000010
1010111111011000001011111110000011000001110111000010001101000000000010
1011000011111111010010111011101010001101011010000011110101001000000010
1010100000100000011100001011010001100010111010000000010000100000000010
1011000010011001000101111001111011011111011011001011101111110000000010
1010010111000000001111010101000101101011101101100010011110011000000010
1010111010110010011110011001111001100100010111010010100111101000000010
1011100000010101010110001001001011010010001010110100110001111000000010
1011000000100001111100111010110000001111001100001011000111100000000010
1011001101001011111000010101010010110101110101100110100111100000000010
1010001100011110001010110110101001110101011110101101010001010000000010
1010101110111000010001010011010000111110001101010100101001001000000010
1010001001010010011100111000111011100101000000010111111111011000000010
1011011000110011000010000101110010011101001111101011100111001000000010
1011001101000110011011010111001001101111110001101100111100001000000010
1010010010101010001100011010010110100101011110100110001110111000000010
1010000100011101110110010110010001111101101000011110110010111000000010
1011110010101100001100000110010010101101110110111110110101111000000010
1010100100010101110001000100110101111001100100011111101110101000000010
1011100001100011001010000100010100100101110010010101100111111000000010
1010010110100100000010100110110111110100000010001011111101000000000010
1010110000100011000000010001111011000000011110101110001111000000000010
1010110001000001110101001001101000011111111011110010010111100000000010
1010001011111101110001110011111110110010100110101111100010101000000010
1011110100101101010000101101001011000011011000011100110111011000000010
1011110101111111010001001100001110100100101011011101011101001000000010
1011111001111101101100101101110011111110100111110010000101001000000010
1011010010010001100010001011101101110101100111100010111101001000000010
1011100001100000101110010100011011010011111101010010111001011000000010
1010001100010000101101101011101110000111100111100100011101000000000010
1011011100110010100101001110111101101010000000001000001000111000000010
1010110110110010000011111001101101110110010100010011010011101000000010
1011011101100011001101001001110111010001111101100010110011101000000010
1010000000011101000001000111011001011101110011000100001100111000000010
1011010010010011010100100011101011000110010010101110001110111000000010
1010010111011111000101100100100110101011100100010011101100011000000010
1010110101011011000010000111111100000011011100000111011010000000000010
1011100000100011110010101010100100010011001100001011000111010000000010
1010000101000011101101110000101000101110001011101110111000111000000010
1011000110101100011000110001010110110010101110111010101101001000000010
1011110110111000110110111000001111111111001011001101110100001000000010
1010100011010111001001111101001101001000011110110011101000001000000010
1011000000001011000110101111101110100111111101101010000101110000000010
1011001101001100011111000110010111001011111010101000100000101000000010
1010000110111111011100101101100100001111011010011011001110110000000010
1010100101110001001110000100110001010011001111001110001110010000000010
1010110001111110001110001110100001111111111000011011000011100000000010
1010001001011111101100010010010001110011110010010100111001101000000010
1010010110010111000010100001101101011110001111101000010011111000000010
1011100001101000110001101011111001010001011011101000111011011000000010
1011000101011110100000111011101010101101111100000111100110110000000010
1010011101100010000001001010101010110000110000101100001000110000000010
1010110111011001011000110011001100010000001101110100010010111000000010
1011010011101111100101110111101001010111001111100000010100001000000010
1010001111011010011010001100100001000100011100110101010100100000000010
1010011110100110111001111010110111100000111000101001100000001000000010
1011101000000111110100111000001010010100001001100100110000010000000010
1011010011100011010001101000000010010011000000101110110101101000000010
1011111010010110011100000100100100001011101000101110110010111000000010
1011100100110100110011101110110101111100001010101001011000001000000010
1011000001110010010000111100011010010111010101000110110100100000000010
1011100000110011010000000110100111010010101000110100010100101000000010
1010110101010000101001111011011001000110111001001001000111010000000010
1011000001110100011101010000100100000101010011101100011100101000000010
1010110001100100111011110001000000100001000110101011011100000000000010
1011111000111101111111110000111110010110111011111110101101100000000010
1010000011101010011010001100010001110011101000000100010110100000000010
1011000110101101001001010011100110111111111010011000010001011000000010
1011010110011011101000001001100110110000111010100011011101010000000010
1011011000001111010001111000011101111000011111010100000110101000000010
1011001101111011001001010010000101111001000100011111101100100000000010
1011000010011001100000011001111011000110001011011011000000110000000010
1010010101111101011001100001111101001101100111011111101001100000000010
1011100101011001111111110001101010000011111100101000110011111000000010
1010110111000101111100000010110101110110111101011001001100110000000010
1011001100111001000100011100011000011100000000101001100010010000000010
1011110001100100101100100100101001101010001111001011001110100000000010
1011101000011101110110000111010110001101111000001110100011110000000010
1010111111010101001000010010011000100001001100110001101111101000000010
1011000101110101010100011100100000111110011101001101100110011000000010
1010100110000001111010110101000100011110001110001101111011110000000010
1010100000001111010110010110100101001001001101010111010110011000000010
1010100100011101001011001011111010111001010100110111001111111000000010
1010010111001011001000001111101000011100100101101011001011011000000010
1011000110011010010010110011100111111110000000000000111101011000000010
1010010100111110011111110110011000011000101001100010011111110000000010
1011010111110111011101111101000100111001100011101001001111111000000010
1010001111000001100110001011000100100100110011011001001001111000000010
1011100011011011101110111010111111110100000010010111111010111000000010
1011000111100101110101001000010010111011100111111010011011110000000010
1011011011000100010010101100111000111101110101010111110110010000000010
1010000011101000001100010000000010000000111100010101100010011000000010
1011001011111101111111111011001010011011001100101011001010110000000010
1011101111000111101000111100001100011100000100101001001001111000000010
