1011101011100001001010011010110000001010001000000001110001011110111010
1010000000010011001100101101110101111110010001000100010001000101011010
1011110001000010000101110001111000001000010111010101011011010001100010
1010010000100110000001001000011000001100110011000000010111100000000010
1011101101100111110010110001111110000011100100000100100001001000100010
1010100101010110101010011000111110001000010101111100101101101111000010
1011100011100100000010100001110111100000001010011101101001011101100010
1011010000000100000000010111001101110100110001100111110100100000101010
1010001100100010101100001101000110010011110111010111000010010000001010
1011101000101100011001101001001110110101110000011101110010101001011010
1010111101001011011100100110010011100110010011001000111110010000110010
1011101010010111000000010010011101001111110001100101100111101010000010
1010011010011111001101110011100111101111010010111010101111110000001010
1011111110001101010010010011100011010000100011001111101010010110111010
1011011101011001001100000101101001110000011101100011001010110010010010
1011001001111111011101011011011010100011010111010010011100110101010010
1010101101001111000100000011011010100000100100100100101000110010011010
1010110111000001011111101001011000110001101111011101000001101110111010
1010111101100100100011100000011100001110101000110101010110100010101010
1010000000111000111000111000001001101010110011001100010111001101110010
1011110110001111010100011011111000111110010111101100001001000001011010
1010011101000011110101011000110011001010101011100110001010010010011010
1011101010011101110000011101010010110101110000001000011110110100100010
1010001000111111100000101011011000110101110001100111111111011101110010
1010011101010000110101011110111111110001010001101101100001101100111010
1011000000100101001100001000100000101011110000100011011010010010100010
1010100001000010100101101001100100100111010101010111010101100110011010
1010000001101010101001100101001010111000100000000100101110110001000010
1010000101010101000110011111000011111111111111110110010001010100111010
1011111000101001001110011111101010010001101011101010110011111101110010
1011000001011000100001110000110111111011001000001101111111101000101010
1011001011011100101101001110000001001101110110000101011011101111100010
1010101111000000011101110101000001100001001010100100101000011100001010
1011111110001000111110000101010111000111000110110101110101000010000010
1011101010011000101101111101010001000111101001011101111000110000101010
1010010010010001111000010110101001000100010111100010101111100111101010
1010001101010010111101011011000100101011000000001111100001011000001010
1010011100111010101001000011001111001011111101111000010111101011111010
1010101111001100111010100110010101010110101001111100000101011000001010
1011000110111101101101001011111010111111110001100011010011000100111010
1010110010110011001011011011100011000111000011100111110000000010001010
1010110100000110101001111011110010101101011000001010100010001001100010
1010001110110100110110000100010111100011001000110001000000000100100010
1010100010100111100110110000000101001100100101010111110000011101101010
1011100011111110110110110010111001110001111000010111010000111011011010
1010110110000100111001111111100011010110011001111011011110111010011010
1011001101011111000111001101101111110110001101011111111100000111110010
1011001110111110001011011001010100000110000011111000111101111000111010
1011111101001000011100100010011100111101000110011100101000011011000010
1011101001100000011111000011011100010101010010101000001110101001001010
1011101111011100101111011100101010101110011100101101011111000110110010
1011110111000110001010011010100010010100101010100000110101011101011010
1011111110111101010001111101110110000001001001011001001000100111101010
1010111011100101101011001111010011010001100000011111100001011011011010
1011111110111010111100111111111101001001100101010110110111011110011010
1010110101000010010101110000101110101011001001111110110000011001011010
1011011111010110001011100101000000101001010001111000000001101000001010
1010110110110100100000000011101101100111101001001111011011100100110010
1011010000001001110010000110110010100011001010010011000101010100001010
1010101011110001010001111111100101010000011001101001001110101100001010
1011101100110000010000000000000101000101011001110001000110000010100010
1010110110010110101001001010101111111110110011010101111010010001100010
1010101101110110100010110100000011110010100100101000011001000101010010
1011100000011000111111001110100100011101001011001110011000100001001010
1010000110100101001001000001010111110010110110100001011001100110000010
1010001000100010001001111000011110001100001010111000000001010111101010
1010001111010110001101010110011000100010110011011000111001110000111010
1010000101000000010010101110100100101001000011100001000011010010101010
1010011110111111001100000011000000101000101110110111101111010110110010
1011011011001111000101001100101010111000101011101001101110111000011010
1010111111001110001110101110101100100100000101100011101011100101110010
1010110010011111011001001000100100101100100011010101101000000101101010
1011011011011101001100100101000101111101110111010111010011011111010010
1010101101010101010101001100110111001000101011001111100001010101010010
1010011000100001100100000011011000111001000011101101000001100111011010
1010001001100100011111011001000001000101000110010001101011100011010010
1010110100111100110100111101110001101101000100001111111001110101010010
1011101011001110000011111111001011011100010000111011101100001100111010
1010010100011111111111001011001010001110100110011011100110111100010010
1010111100110111010110101001000111011101100110010111100000110010010010
1010101010001111000000010100111011101000101000101010001000101010010010
1010011101110001011100011101011011011001110110101000010011001101100010
1010010011010101011011001011011111100110011000001011101010000000001010
1011010000001100000100100010010101010101010010000111100000000100010010
1011110101001110000001010001101010101111101110110110100100110010011010
1010110111110111111100110101011010011001011010001100000101010001100010
1010111010000111010111011010010110000001111001110000100011001000110010
1010111010000110000100111010011001010110111111001010111000110100010010
1010011101011011001100011101111010001010101000110001110101010101111010
1010100010101010100011000110001011001101000110001110000000001110100010
1010010010000010111001000101000000000001111110111110001101010000000010
1010010010101110010000001110010010111011011111110010111100011010000010
1011100100010100110001000000101110101111100011010010010100001110110010
1010101001001101100011111100100101011101110101110110111000000011101010
1011110111100100001111101100011101001100001001110101010001110001111010
1010011101100010010100001100001010101001100111010111011100011100101010
1011100011111110110000100010010010111100000010100011111010010111000010
1010011000010011010011101100010110101010100010000110110101001111101010
1010110000011011000010000100100011111011010101011000110001000011000010
1011110111111011011100010110000110001010010000101101110011010001000010
1011101101011110001110011111010100110011101110110101110110111110010010
1011010010110001010010001111111110101010101110101001100111010100100010
1010101110011011001110010111101011111101011100101001001111110101100010
1011101001001101111001011011110001111010101100101001111111111111101010
1011101111101110101011010001000100101001000011010101100000011001111010
1011101100000001011010010011110011011101001010111100100010001010000010
1011110100011011001111111101101111001010011010111101110001101100101010
1011011001101110110111010101010110110100111101000110100011001110111010
1010101111111111011101001101011100101101010011000000010011111110100010
1011110100100010001011001010100111110011101110010110000110111011001010
1011001111001001100101111011001111101110010111110010001011011001001010
1010110011010011010000001010001111110100110110000111100010010110101010
1010001010000101000011001001100110100100110011000000010110011000111010
1011110001100111110001010110001100001001000001100110010010110001111010
1010001110000010011101010100100001010100100111000110100101011010011010
1010110010010001011001110011000110111000101110010100001110000100111010
1010010000110101101100011101100100000100110000000111111111111011111010
1010101110011110111010100101010101100000011011001010011110010101111010
1011111111011001110110010111111101010111001010101110010110000100101010
1010001101000100111001000000011100101111111010100010100010100011110010
1010010011010111011011100110111001100001001010000110000111011000011010
1011111001010000000001111010000001001011110000101000010110110100000010
1011011101111111010100001111010001101110011010001001000110000011010010
1011000111000011111101100111000100111010111011000110001011100111100010
1010011000000001001110110111001111011100011000000011000100111001100010
1010110001101011111001111000100011000001001111111000110111000100000010
1011111110000101000001011010110101010100011010100010001000001100101010
1010100110100001100010000101010100001000001010100001011100100000010010
