1010100000100001110001010111000100010011011010101110000101010011111010
1011011101110110000000110100100111100001110100100011000100010001001010
1010100000001100010100001001011100110101011011101110000010010111110010
1011010110011110010010111010111111100000101100010001111100000100001010
1010110000001010010001100101111100011111110011011101001010001111011010
1011111111110111111110011011101100011010011001001011011100001100001010
1011100001100001110000000110001000011111010011100010110010101100100010
1010111100010010111111100000101101110000011001010000010101100010100010
1010100001111011001100100000011010110111011111000111100011100111111010
1011010100001110101010100111100100010010001111011000001100110010111010
1011000000101011011010010010100100101010110011111111010001100000111010
1010010001110011001001001110011001010101011010011001001001000010100010
1010000000100010011011011000000001110010010010011111000110101101100010
1011011111100011001011010100101111100110001011101100010010000010011010
1010010010001100011111111101011010001010000110101011011001111101110010
1011111110011010100110001011011000101100000010011101111100001010101010
1011110000100001010000001101001000101010100011111100011000111101110010
1010110110101000101100011100001011010110000001100011001111000111001010
1010101100100100011100101100100110001111100110001100010001111100110010
1011000100101100111111111010010111110000000010100100001000011011000010
1010100000101000101011110100000111111110011101001110011011010100110010
1011011101001000101010011110111001100000000010100000111000100111000010
1011001000000001001010001011000010010111111011101001111110111110101010
1010101100101110101110111101001011011000010001100101000000100100011010
1011101110000101010100000110100000001101011011001101110010010101110010
1010101000100010111011110111011111110001001001100000001101010101000010
1011101110110011000010000011001110101111011011111111110111001101100010
1010110110100010110110110110110111001001100000010100110101000000101010
1010100010000011000010101000000110001111000001010101110101101110101010
1011110011011110110011111111011101000000011001100101000000010110100010
1010000110000000110000101001010011001011111011100011111100110110000010
1011110101100010100011011100010101100100010001011000000000000010101010
1011111101000011001010100000010101011000111000101110011111101110011010
1011110000010110110010011110000101000100100111000000000101000110010010
1011100000110011101111000001101011011001001001111111011011000110011010
1011001101110101011110010011110110101011000000000010110001100000110010
1010001000000010100001110011001100011101010111111011101110110111010010
1011011100011111011111011111110100100111100000010111000011000001110010
1010000011011100011111100001000010011011110111110101111111101001110010
1011010000111011011101111111010011000101100011010111101011010110100010
1010010010110000001000000101110100011000111110101011011011111111111010
1011110001110010011111110111101111000000110011001011000000100101000010
1011100000000101110000110101000010000010111111101000110010011111111010
1010101000001011111101110001111101010100000011010101000100010000011010
1010011100100111000000111100010100010111101011111110110100111010011010
1011010100000110001111010100000011011000000000101100010100110100101010
1010000011101000011100010111010100111101001010110100011011101011011010
1010000100010100111001111010110010011100111110101000100001100001011010
1010100000000100000110010100101001111000011011111111001111000101101010
1011101101010111001010000000011111100100000010000100001000100100010010
1010000000011100100010100100100111011011001101110110100100010111001010
1011001001000111001110111010010111100100010101101101010000010111011010
1010000001010000000010010100000101101010101000000111111101001111000010
1011100100110011010110011001111111111101010000111001010011111001011010
1011010001101000111100010000100001000110010010010010100000101101111010
1011110110000101101110111011011110100011010000000001001100010010011010
1010000010001110001101010111010100110110011010010110010100101011111010
1011110100100111011011110011001100100110011000110101100001000010101010
1010110000101010000001100111000101011100011100110111111110111110100010
1010001101011111111101110101100000000110011100011001000110001111111010
1011110011001100010100100000010000100011001111101111111111110000110010
1010111100101101111101100111110011110010000100100001000001010111100010
1010000001111001100000000100001000010110001110010100101011100111110010
1010001000000001111001101000111010100000000010100000001011001100100010
1011100100001101100000000000011010000110100100110101001101011101100010
1011000110110001110011011111001100100001000010100000010100001010011010
1011011010111011000000010110000011100110101000001111111100110110111010
1011100111001000000110010011111011110100010100000000100000000111000010
1010001010011101010000011100101101011111101010111101111010111110110010
1010011010000001101010100001010011000110000110011000000010010001100010
1010010100100010000000001000010000001111101011011101110110111110110010
1011011111011001000010100011110011100100111100000010100000000101100010
1011010100101010100101000011010000001111000100101011111111100011001010
1011110011010011101010101011100000010110001101011100000100000100011010
1010011000001100010001001000101001111100011110111111100100011111111010
1011000111010110100110110100101111100001010110011001001101000000000010
1011001100000110010000000000001001100110110100111101001101001101111010
1011101010011111001110010000000110110010100000111001001001000000111010
1010110010010100000010000001101011010001100111110111111001110111101010
1010000000011100001111110110110001001010110000001000011101100110111010
1011111100000011111010000001001101111110000110111010101011101110111010
1010101011011100111011110111111111000000000110100000001000101010010010
1011101001101100001101011100001101010001010100110001111010001101101010
1010110111011110111001101100110101100000000000001000011001010000100010
1010100011100110010010110011101010111111101011111010110100101101111010
1010111100011010101101111101110111101000100000000000001010010010000010
1011100010000101001010110010100101000111111000010101101010110101111010
1010011011011111111101111001110111101100010010000100000011010001000010
1010111110011000101011000100110111011111111111000101111111010011011010
1011101111110011110111000110011111111000100101000000000010001010000010
1010001101000010101010001110010000011101111111110001111001101111111010
1011111111110111010111101111111101100001111110100010000100101000010010
1011110000100111010011000010001000000101111011100001101000110101001010
1010111101111010000011111001011100000110001100000001100100100010000010
1011000000001110000000010101000001000110110101100111111011000101010010
1011110010111001001001010001111000100000000011101101000100001100100010
1011010000110001110010000110001001001100111110111010011001001011010010
1011110010101010110110010101000010100011101000000000000100000001000010
1010001010110011001000001010000001110011111110010011101010100111110010
1011111010101101110110000011111100100100101000111100010110101010100010
1011001000100011010001010001010010101111101010101100011100111101101010
1011001110010111101110011010011110010110110011100110000000010000100010
1011111100010000100011100001110101111111100101111101110101111111101010
1010010010110000000111000011111000100000011111010000100010100011101010
1011001100011000000010000011101100111001110111001111011100111011111010
1011011011111001110101000010110100000100101001000101100010101010001010
1010010100100001100101001010001110011011110101011111111111111000111010
1010110011111000110101001011101111101000010000000110000001100100011010
1010000001010001000011010010000001110011111101101110110110000110111010
1010111100111010110110110111111101100101000101110110000011011001010010
1010100000000011000001111001110001010110011000000011001100101101011010
1010111010101111110101110100111111101000010101011010010011110101100010
1010101000010000100001010111101100010110111000000111010111101110111010
1011011011111000111000111101101100110110110000000010010100110001011010
1010101001001010110110000010100000011001011010010101111100111011101010
1011111011100110111111011110101111110000000110001001101110011001010010
1011101001000000011100000010010100000010111110010110111101001001111010
1010010001101011010100111000101010000000000111000000010000110000000010
1011001001001000110110011010000001111111011111111111101011010101110010
1010000111111011011000011001111111111000010101100100001000000010001010
1010111101010100000010101100010000010111101101100000110000001111000010
1010010001100010100001101000011011101110100000001001000010010101001010
1011010101011110010010110101001010100110010010111101101111000110010010
1010110110101110011010110111111111110101100010100011010101101111000010
1010000011000000101000110010011011110011011111111111011110011111011010
1011001010111010011111011001101111101110001010000011110110001101001010
1011001010000000001100010010101001001111101100101000010010110111111010
1010011100011011000111011111100010000111111111000000010000111111100010
