1010001001011100100001100111001110001000000000000010110110101110011010
1011110111010101000011001100111010000010000101100011100000011001111010
1011000000011100000111000111001100011100101011001011101011011110001010
1011111011100111010100101101000111010010010001100000100100111111001010
1010011010011100011110101100010100001010001110000010111110011010101010
1010100001000111011011000110010010101101010111011100000001100011110010
1010111011000011110000010011001111010000000000000111010010010100100010
1010111011000111101001010010011100011011111000110110010011011101100010
1010011110011100000001011001110001001010001110001100011111010100111010
1010000100000111101111011100101110100001011111011000111001100001100010
1011111010111110011001101001010111111100100000001000001100110101111010
1011100010001000001111111111101111001000000111001111000001011011010010
1011011010010011111111110001111100001101101110001010110011101010110010
1010001110101000010100110011010010110001001000010101100000000000110010
1010010110001100011101001011000001000111000101000110101010111110011010
1010001101000011100100111010001010000010101101100011100001001010010010
1011001011000011100100011111011100000001101011000111001100110111101010
1010100011100100011010100110100101110000100111101010010110100000100010
1011000011111101111000010010011001100111101101011000111011101110001010
1010111100010001101100111001101111001010100001000101110001110101000010
1011100011000010001110110111010100010000101011100011011001111100010010
1010110000101001111011101001100101010000000111100100111110111011111010
1010011010011100101001111010100001101001010001000011000101010110111010
1011110100001011110100110101001101010001110000110111110010100000001010
1011000011100111011101001010001001111010101101001011111110001010111010
1011100101101011011001100100011110110111010000110101010000111000111010
1010111110011111101010111011100001100110011001001010011111110011101010
1011010111101111000010001111001110000010111100101100101101111011101010
1011011101011101110101000000000001001001000100011101110011000101011010
1011111100011010100100000000010011010000101011110010100001000101011010
1011011010101110000010101110001100000001010101010010111010111001101010
1011010100100100100110100010100110111010000011111100001001101111011010
1011010111100110001111000011011111011011101110011011111010011011101010
1010110110011000100110000001110001010110011001111000000001101100010010
1011010001100100110111110011000100010011011111110111001100001000101010
1011110011000001110010000000101111011110111010010111000110100110001010
1010111110011000011101000010100111010001000111100001010111010010001010
1011011011000111111101100110110001100001101111010001111100110010000010
1010001110100010100100110001000011101110110110011000001100100011111010
1010110111010111001110110111000110011101110011010011100011101010011010
1010100111100001000111011001110111111111110000000110001110010010100010
1011111010011010110001000110010010011010101110010011101001100001100010
1011111110100110101110010110000100100111110010010011100101101111001010
1011010111011011111110000100011101101111101110111111001111001100111010
1011011111010001110000010101101011001001110011111010100001010011010010
1011011100110011101001011110011011000110010010000001110010111011011010
1010101000101110010100110111100100001101101010100011111000000111000010
1011110000000111100010001101010000011000110000100001001101100011010010
1011111100100101111001000001011011001110000000011111111011010100100010
1010100101100010011011100000011000111111110010000101110011000010110010
1010111011101001110111000010110000010100111001001101110010011000000010
1011011100000111011100000111011001001011101101000111010101111011111010
1010100111100110011001110010100111100000011000011001001000001010110010
1010001001110111001000110111110010111111110011001011000011001000010010
1010110011100101011000111101111100000111110001011001010110001001100010
1010000000110111011100100011011100001001101001000010100111011110101010
1011100100111010101111010011101010000011110000111010001010101011111010
1011010001111100001101001111101010101101110001010011001101101001001010
1010101111111000011000001011110101010110011100011011011011100110111010
1010000111001101111011110101011111101110101000001110100001011100110010
1011001010110010000111100100001010001110010000010000111000111000000010
1011110000010111100101101001110110111100000010001100000011001101111010
1011000010111100001000001001110000000111010110001111010111111000011010
1010100011000001010001000111111101000110101000110101110011110111001010
1011011100100100101101101000110000111101010101000100110101100011000010
1010010100101110111000001001101010110100011001110111000100011100011010
1010111100000111001110001100111110000110101000110000100010101111010010
1010000110011101011000101101000001011010010010011000001111010001101010
1010100000000110101100100110101000110101011011101011110011010011001010
1010101111111011111100110001111110110011010000101001000101010111000010
1010100100111110010101000100111001100110000010001111100011110001011010
1011011001110101110001011000100011111011000011000100100010011010011010
1011011000011010111110110001101100010010100100011101111001110001011010
1010010110110000101111001001101110111011001110100001101100110111001010
1010110100001111101001110011111001101111010001100010100011010101101010
1010011110000100100111110011111111000010100011101100111001001111011010
1011000000110100011011000000100010000010100000000101101010001011001010
1011010110010101001010111110110100010001101001000000100101010101011010
1010101000101000011110100010010001101100100001001000001111110110001010
1010101000100110000110011010110011101001010100111111100110000000100010
1011101011010010100100111001011010110001000010110000101011100000111010
1011001110011000101110001001010111010110101001011110111110101101111010
1010111100001100101111111011010010111110010101011000111100110111010010
1010001010110010101101001110010001111100011111110101011110100110000010
1010000001000100110000011000000011101010000010110100111110100011101010
1011011101101111101110101110011111101101011101001110111100011101010010
1010010011000000111110000101011100101000100101101011110000111100111010
1011000111000000101010011000010101110000110110100111011010000000110010
1011100111000110111010110011100001000110110010111101101000111110101010
1011000101111000011101101010101001001011001111011101011110111010000010
1011111110111000111001101101100001010110000011101011000001101101100010
1011100011010101111001110101010011111010000110100010011111001011110010
1011000110101110110110011011100100010101000001101110101010001000011010
1010110101000101101101101011001010001011101110111000110110101000110010
1011010011100011100010011001100001010000011000110100011010100010010010
1011110010100001010001110111101111000001100010100000010010001101101010
1011110100101011101110001111110001101110000110000111011100110011011010
1010011111000011111101010010011110110110000110010000100001100000110010
1010100000000001111111110001110000111111010010001000111101111110010010
1010100110011010101011010111101000110110100101101010111011110111101010
1010011101101011001000010010000111111110110111100111101010001100011010
1010111011001011111100111000010010010101111010111010000010000011100010
1010110010001001111011100101100101101101001100011111100011001010101010
1010000001010011010100001011011011110111111010100111111001001101010010
1011100110111000001000010010100110100111000010110111001001110100101010
1011010111000011110111110100010111110010001001101010110100001110110010
1011101001110001101101111100111101011001011110000111010000101110000010
1011011101110010000010110101111011000011001011101010101011110111000010
1011000110010111111001101010001010011101101111110111101011000000101010
1011011111000010001011001101010110100101000101001010010100001100110010
1010010101000011101001000011101010101100100100011000000111111100010010
1011111000111000010011000011010110000110010100101010110101100101101010
1010101010110111010011011001100010000001011011101011101111000010100010
1010110100011101100111011010011100010001101110000000000011101101111010
1011110110000001110010101111000011000011010111011011111100110111000010
1011011001101001101110111001011111010100111111110011001011110110110010
1011010100010100100001101011001100000111100111111001110011100111101010
1011111000011010000010000111100001011110101111111000110111001110100010
1010000101100001100111000010110010011011110100001011010001100111010010
1011100001110011000010111101001010010011101111111100110011110010000010
1010110100111110110100010001101101001101011111100000010000111001000010
1011101100101110111110011010001001011010100001011111101001100011101010
1010111111010010110111001010000000001011111111110010110111011111100010
1011011011111101011001011111001101001000101101101100100110000010011010
1011000100111010100000000001001000100101011110000001100010101001010010
1011000001000010000100010111001000011000011001101000010100001001111010
1010111011100000010100000111001001000111001101000100000010000000101010
1010000011110100010001110010010111100010110011000011100000000001001010
