1011111110001000011110011100111011110010001111010111100001110000000010
1010100111110000100101010100000011110010111101111100010010101000000010
1010000100010110110001010101110110010111101110001010011001001000000010
1011000011100101100010001011111111101011001010001111101110110000000010
1010000010100101111101101001111111001011011010110101111010111000000010
1010110111101000011100010010000011111111000101110010100101011000000010
1010101000001100111110100010101001111100111111000000100001110000000010
1011110000010100100101111010110010001011010100001100000010110000000010
1010101111110100101111010001110001110001011111110010010110001000000010
1010111111111001001010011010011110101011011100110011110001011000000010
1010111001011001000101100010001110000100110111110010010110100000000010
1011010000011101110011110000111001101001110000111101101110000000000010
1010011111011010001000111011001001110111010001110010010010001000000010
1010100111111101011100000100010100111011011001001110010011001000000010
1011001011011101111101111101000110100001000011110000011000000000000010
1011110100010001100001101101110000110001111000000010010011001000000010
1011011110101000000000001011110100110111100110010110010000100000000010
1010001101100111010000101000111110111001110010110111010101001000000010
1011100011101010011100000100000000110110011001111101100011111000000010
1010011100111001001000111000111011101100010110100110111111111000000010
1011001110001000011100101001011101001011101111100001111110101000000010
1010101001011101000000100101101110110100100111011000110011110000000010
1011100101111000011011110000001001111011010110101100111000010000000010
1010100110100011111100110110011010101101011100001101100101010000000010
1011110010111101001101010001010100111010100010100000010011111000000010
1011010010011111101000001010101100111110101100010000101011100000000010
1010101011001010110101011100001000111101000101000011110010000000000010
1010010110101100111010000000000100000110111000010101101011000000000010
1010110001001000101001000001101010100100110000100110101110100000000010
1010010001000110101011001000011011111111100010000111001100011000000010
1011000010100101101010000000101010101101001010001101100101000000000010
1011100110111010100000001000111001111111010000110111101011111000000010
1010100110000100001011100001000111010000011000000100101000110000000010
1011100010101101111010111000101011100110001011001011100101111000000010
1010000110001110111100110010011100001011100100001010010001101000000010
1011011010010111110110001001110000100110001010000100110001101000000010
1011000101110011000000101010110001111001111001010111100011110000000010
1010101100011111010001011000101110111011110011100100000110101000000010
1010000000011001100111010110000111111101010111011111111100110000000010
1010001000110100100110011010111011101001111111010101000010011000000010
1010111111111110011100110100111000011101001001010001001011011000000010
1011100110011011010010001100000010101000111110101010111010010000000010
1010010101001111011100000001110100101000011100000000000001010000000010
1010010100000110001001100111011101000011110111010110001001100000000010
1011100111000110110001100011100011011100001111001011010011000000000010
1010110111010011101110101111100100001010100110000110011011100000000010
1011011111011010000000010000011111101101010001101011000000010000000010
1011010100001010011010011010111011000111001011100110111000010000000010
1011010100000101100111010011100000011111000011001101110001010000000010
1010010010011001111110011101010101010110111000101110010111110000000010
1010110101011101010110101001000010010000100011100001010001110000000010
1011011110111100010011011001111011001010011101000111000011100000000010
1011011100011010101101011011101010010110110000011100011101000000000010
1010011011111001110101000001001101011100011001011100100000011000000010
1011000110010111100010100100011111101001110001100100110100000000000010
1011101110000000011000001101011001111001101111001111110110101000000010
1011001111010111001111010001001001010110111101100001010110010000000010
1010010100101001010111011111000010001111010000011110010010100000000010
1011000100001001101111011001100011100100000001011101011000011000000010
1010110110110000010101010010111111110111110100011111101011001000000010
1011111001001011011001000100001111011001110011110100101010110000000010
1010111110000011001000000000111000001010111110101111101100100000000010
1011111100110011100101000001110001001001101000011011111000011000000010
1010010010110011011111011100010010001100110011010101101000110000000010
1010111000110111011011001001001010101100000111000110110100100000000010
1011010111010000110010100110011010001010110000001010111001100000000010
1010010111110011100110010010000110010010001100000000110010010000000010
1011011100010001010010101011100101010001110011110111001001000000000010
1010011110001100001100110000001000101011010111110110101011110000000010
1011110110101011111110100101011001101011110101101111101001100000000010
1011111001000011010011011000101001100101000100001001110100100000000010
1010110011101100110010010100000001110010000011010110001000101000000010
1011101101101111001001011011100101101111000001110001101110110000000010
1010110100001110110011101101000010111011110111101000000000100000000010
1011010001011000010101111010100101100111100110101001010110111000000010
1011100100000101011010001000010000001100011011101010011001000000000010
1011100101110010011100010011110101000101010101111100101110101000000010
1010101000101101010011010000010001100001001010010001000000101000000010
1010111101111010101010000101110110011110000101100100001001111000000010
1011110000010011010011110101100010001111000011010111010011001000000010
1010101011100001110100011111001110010001101011000101101101001000000010
1010111000001001111101000000110100100101101111001110011101101000000010
1011011010101011010000010111111000011010100001000100011010010000000010
1010101000000001010010010001001001011011110111011001010111010000000010
1010000011110011111110100110110000010011101011001001111101011000000010
1011100001011100100101111000100000100111101001111101110101001000000010
1011001001000100010011010100101110010111011010111100100010100000000010
1010010001000000011110000001101010111100000111011001011111011000000010
1010010000110001001110111011000100110011101000000001000110001000000010
1011110101111100011011101000010011111001001011111100001100110000000010
1010101000000100000011111001001111010101111111011011101111000000000010
1011111000000101110001000000110011010101101110110101010001001000000010
1010110000101100111010010110100111101011101010100100101011100000000010
1011100000010010000000001010011100101101101011101000001110110000000010
1011111001111101110000011101111100111111000010110011010011000000000010
1011110001000010101101001011010011101001010111001110111010001000000010
1010110000110111001010010111100001011011101100011111001010100000000010
1011011011111001010001010011111011100101101001100101111111100000000010
1011010011010010111001101110110000011010010000111100101011110000000010
1011100111110100011000010101100100001000001111010010001101100000000010
1011010000100110100011010110011110010111110010111110001110010000000010
1010001001100110000011010111100101100010011001110111101000101000000010
1010001010010010101001111010100100111010111000001011011111010000000010
1011100010001110100011000100101110010011000011000001100111001000000010
1011000011111010010111100101010011111000001100110001011000000000000010
1011101001110001001110100010111110111010111110110010100100100000000010
1010100011110000110101010110111000011000010001110110011010100000000010
1011010011011110001011100100000111110111101011000001100111001000000010
1010100111011000110010010101000001101111111101100010011110011000000010
1011010000010001001110100110111001101110011011000100000001001000000010
1011000000100001110111010101111001000111100011001101111010100000000010
1011100110010000100100110110010011111010010111001010001010000000000010
1011100011010111100000001101101110100011010011010000001101011000000010
1010100101010000110101100110011101000100001011110110100101000000000010
1010110011100100011000011011011101011001100010000111100101000000000010
1011011111110010011100110010111001100001000011100001000010101000000010
1011010010100111011110111001110110001101001000010101110000001000000010
1010100110110000101100010111000001001110011111110111001000110000000010
1010100001000101011111001100111010111001011010001110110010110000000010
1010100011100101011001110100101110110101001011001001100000010000000010
1011110010101011011110000011101011110011110001000010111110110000000010
1011101101111000011000010111001010000010010010001001000000101000000010
1010010110101110010100010111001011011110101111011100100011111000000010
1010110001110000110010110001001111000011000010111111010010011000000010
1011100011111101111110000010111011111010011110110000000101111000000010
1011001001111000000011101110000110100010010100101110110100101000000010
1010010101000111000110111011010101101101100100101000000010011000000010
1010000100110011110101011110101010101111011000000011010110101000000010
1010010001000101100010100011001010110100100101001010111101000000000010
1010011111010000001011001001011110011101100001010111001100001000000010
1011110001011000010101000011100101010111011101001000001111010000000010
1010100001001110110100100010100010000111110001011011001111101000000010
1010010011010000110011100100100011100001100110000111011000100000000010
1010010111001011010010011011111101000000001010000010111101001000000010
1010010010111101110100110100111101111100110010010000000010100000000010
1011110010111001101110010000101100110101001100100111011101100000000010
1011101111010000100001101010111101110001000011010101001100111000000010
1011100001100110001001001111011001011000001001101101100011101000000010
1010010111111011111100110110010000000010111010111000110101000000000010
1010111000101010101000100111011110011001011000000011110101000000000010
1011010111111101110110011100011010100111001100001011110101010000000010
1010011111110010110100001111000001000001000001001000111011010000000010
1010110100010110011111100101100110011110100101111000110100011000000010
1011010111110011111111010100011100110101101101000000001000000000000010
1010100100000001101110101000111010010100110011011010001100011000000010
1011110010001110011000110011110010011111010001000010011011110000000010
1011001011010100110101100100111101101010000011111000001000010000000010
1011100111010001100100011011010111011101100000000001010000111000000010
1011000110110111100011001011000000011101001000011100110110111000000010
1011101111000101010100001100100100111011000111000010011001101000000010
1011100010011001111001110000111101101010010001100000011011010000000010
1011001001100010100101011111101110010001110100010000010111111000000010
1011100110111011101000000101011111000111011010111111101110001000000010
1010000110101001110001100100110110100111110100000010111001100000000010
1010010010001101111110110011010001101011001000111000111101011000000010
1010011110101111110001001011110001010000100010101110100101011000000010
1011110001001001000000000100111110001000011110001101111100001000000010
1011000100011001110001001010011010110001100010011110000101011000000010
1011000011011011001100000111010110111100101010000101011101100000000010
1011100001111010100010010110010000011001100110001111010010010000000010
1011101010010001111110000111101100101100001010100110010001010000000010
1010101101110101100101011010111101011010101000110101001100110000000010
1010100110010100000000000001110010110100101010100011000011110000000010
1011100110010000111001101101111011001111101000100110011010001000000010
1011000110111111011111001100110101110101011101001110110001011000000010
1011011110010110100001000011000000011001000010111010100010010000000010
1011110111010011001100111001000010011100100101001000010000110000000010
1011000000010110111001001110111110111011100001001000001010111000000010
1011010110100110001010011001000101010110111001110000000010010000000010
1010110101011101101110000101110110101100000000010110000000101000000010
1010110000001001111001000100001011010111000110010111011001000000000010
1011100111111000001101110011000100011110001100111011011101101000000010
1010110101011101010010000010000110100100100001110100010011000000000010
1010110111101100000011101011111001101101110011001110110101111000000010
1010100000100101001111111100100000011011001100111010000001100000000010
1011001111100110010000011100010000110110100100010111001010101000000010
1010011100001000011100001101001011010111111010110011010001001000000010
1010100101010011100011001001010110011011001011101100010111011000000010
1011100001100010101100011000101000010010000100000110011011110000000010
1011111001011001000110101111000100011100010101111111001010101000000010
1011001100110000111111110111010010011010100011110100111001101000000010
1010000100100001101111010110011100101000001110100110000101101000000010
1011110111010010111011100001001110100010011101110100101000010000000010
1011100010000000110010101001101101011101110001011001100100011000000010
1011100110011011001010111011100000011011010111001010110001111000000010
1010010111110001001000110011110000101111100111001000011000011000000010
1011000010111000010111101100010011011011010010111010100100000000000010
1011111110111000110101000101100011011001000101011110110000010000000010
1010110010111011110001011010101000110110110001000111100000110000000010
1011010010110100100001000101010001111111000011111000111111011000000010
1011110100110000011010100110010111111011000111110100000011100000000010
1011000011101010110111000000011111000000011010110110010101011000000010
1010000011111000111111011010011110101101001010111011001000111000000010
1010111100110111010001100110001110111100010011111011011101110000000010
1010000011101011010100100001100111010001010111110110110001101000000010
1010110000101101010100111101001000011010100011100001110110010000000010
1010011100011011111110010011111110010001011010110000111000011000000010
1010001001110101010111111110001000001000001101111101100101110000000010
1011111000101001000100000001011000010000011011000010000000011000000010
1010010000111100110100001000001001101000100101110000101110101000000010
1011001111100110011101100010111101110001100010101111101101111000000010
1011011101100101111111100110100011110010101001100000011100100000000010
1011010000110100111111111101001001111111110010100111110101010000000010
1010001111101100101010011011111111100100000010100111110010110000000010
1010000110011111101001000000100110111010011010001111001111000000000010
1011110100100010010111111000110111001000000100100100110100101000000010
1011110100111101010001001111110111001111001101100110110000001000000010
1010000000100110000101000111100110110010001000001101100000110000000010
1010010000101011110000010000101111100011100100001000111111011000000010
1011000011000011101111111010011101101010000100110101101001011000000010
1011110010000110101011110010101001010011101010100011001000100000000010
1011010101101110000011110011001000100111100000100000110101010000000010
1011110110000010110000100100110101110010010001001000101001100000000010
1010011000111010000010110110100111011111111010110011110111000000000010
1011101000111100000100100101101101100000001000101000011100000000000010
1010010101111100010100101101011100010000011011110010110111000000000010
1010100010001100010101001000111101110110011100011111010101010000000010
1010111101110111110000111010011010110001101001101001010110101000000010
1010001000011011000001101010000000000010110100000110010100101000000010
1010100001011110110101101001001101110100011101011100101010010000000010
1010011111011110010111111001111100110101011110100011011100111000000010
1011001001001111000010010100000110110100100000001000100011000000000010
1010011111101010100100010101100000100001001111001010010101011000000010
1010111001111101000011000111011101010010010011111100101000100000000010
1011101010001100110101101010011101100000011010000011001110110000000010
1010010101011110000010100100101000000011101010101001000111011000000010
1011101101000011110000110110100000001010111111100010010101011000000010
1011001001111110111001010101010000011101100110011110010010110000000010
1010111101010100111101001100001011100101011110100000000011011000000010
1010100001010100101101101010000000111010110000101101001100001000000010
1011001011110101010011101100000000111110111100000111001011110000000010
1010101111110100110110011100100010101101100100101010000011110000000010
1011100010110111010110100010111101100011110101110010101010111000000010
1010000000010100010111111111000001101100100000011100001110000000000010
1011111111100010011000100100001000010111000111000110010000100000000010
1010101101001000010111100111111000010110101001100011111010000000000010
1011010111010110010110011111100001000011011101001101010110011000000010
1011101001010001100111010000101110011111111000101010111011100000000010
1011000110001001101001011011100111111001100010110111100010100000000010
1010111000100010110010100101010100110110001001001000011000000000000010
1011000101111100110000001111001000000100001011111010101111101000000010
1011001001000010101000001001100011110011001001100010000011010000000010
1010110101001111100111001101110000110001010001000101101000100000000010
1011011010000001011011110101110000011010011010100011101011111000000010
1011001001100001001010001110101001010111110011110111111011111000000010
1010011001011100010110101011000001111010110111010001000111111000000010
1011100000100111100101010100110111010110100001010001010010001000000010
1011001011000001100011001110111000110010001000010011100011100000000010
1010000010110111010100101011001001001110110000011111101001100000000010
1010101110000111011111100101010001000100011111001101011010110000000010
1010001001111101100101000100010111011111100101101101000111111000000010
1011001110110100110110000111100111011100101111111011001001001000000010
1011111111000010001100010110111110011100000000011000111101110000000010
1010100001000101100011001100000100100100011101110000001001111000000010
1011101100101001000100110101011100111010100000110111011011000000000010
1010100111010111010010010011010001101010101110010110111110011000000010
1010111101001100011010111110010110111011000010100011010000100000000010
1011001001001000101110011110110111010001001010001000010001111000000010
1011110101110010010100111011101111000011101011000011101101101000000010
1011100111111111100100110100011001010010000000100100001110000000000010
1011110000010110100110101111110001001111111101001010000101011000000010
1011101111000010101110000110110001110000110111111110111101100000000010
1011011000010010001101010110011001000111100110110001011000110000000010
1010010101101000010001100101000000000011111001110010100011010000000010
1011101110101111011111011101011100100010011010010000101100110000000010
1010110000000011110110000100110000011101010001111111110100001000000010
1011110101011111001011111110011011010010100110101100001100110000000010
1010110101001111001110110111010000110110101101111011101110010000000010
1011111111011001011001001011000010001101111110000110011111111000000010
1010100001000011111110111001100000011101100100110110000000000000000010
1010000011011100011101101111000110101011011110100101001100011000000010
1011100110010111110011011101100001001011100011101111100000100000000010
1011111011110010110010101010011101000101101001111001110101111000000010
1011101110011011101100101001100001111010110111001111101011000000000010
1011010110101000101001001010101110010010011101000000100000011000000010
1011010000100111111010101011101010111110001000011011010000100000000010
1010011011011101011100000000101101111101011101111001011111011000000010
1011101000100000000001111000110100000000100001111100011000001000000010
1010000000101100101110110011010011000011010100101001100100011000000010
1010110101010010110001011011111101010001001101010101100110110000000010
1010110100001111000010110000100111100010001001101011000101011000000010
1011011000101011000101110001110010010011011111101011110100010000000010
1011101100010111011101100010101010100011011011000111000011011000000010
1010010101010111101001001000010000011011011110100010100110101000000010
1011011011000110111110100000000110000111000011000111010101010000000010
1010001111000011000011100000111100011010000010100101111010001000000010
1010000110101100110101001100101111101010100100110001010000111000000010
1011011010011001001011010011100010100101001111011110111101100000000010
1011010011001010101101110010000110001010101111110100001000000000000010
1011011000100110010001001001110100011011001011011001111101100000000010
1011001111010101011111000110110111000000000100100110111011010000000010
1011100010101011110110110000000101011101000110011101001000000000000010
1010100101011001000001011011110100000111101110011000110111000000000010
1011101100000110110101011000111110100101101010110011111000001000000010
1011001010011101001001010110001010010111000101001011001011111000000010
1011010100011000111110100101011101101110010000101101000101110000000010
1010110111001100001100011100011000001101101000110000110010011000000010
1011100001001110111111111001110001101101101001111000111100001000000010
1011011110011000101010010011000010110000010111100110010011111000000010
1010010101111000101100001111010011000000110101100110000000000000000010
1010001010000100110010000000010001001011000100010000110010001000000010
1010101110100010010001111100111100111101010111101000010110010000000010
1011100010101010110010010000111000101001000111000101100000100000000010
1010100000111001111110001111010011000010011011010110110101111000000010
1011100101110110001011011000101001000101000110001000011100100000000010
1011001010011001000110111010111000010111010010111010010110011000000010
1011011001011010010010011001000010001110101011100101001011010000000010
1010011011011101100110011111011111011010010100001001000100100000000010
1011110001001101101110000001000100001011010000111011010110101000000010
1011101000111101110101001110001101011111111101100011111101111000000010
1010111011111101000110001001000000111011011110110111101010010000000010
1011010111111101100110111110001000011011001100111011110100011000000010
1011100101111110110101100000010110100001100100010000101111100000000010
1010110110000001111101001110001010001010101110100000110001110000000010
1011100010110100101000100101001001010101110110001001001110011000000010
1010011011101011000101110110100110110111001100111101110010101000000010
1011000011000001011101110000101110100011111001101011101011100000000010
1010100011010100011111001101011001011110110011101000011100110000000010
1010010100010111001010111100010100001101110111011100010010011000000010
1010001110100100100001110100100011110110010000111010000010001000000010
1011000011100000010000010000111000100111011111000110100001000000000010
1010111011110010110100000101000101110010001010011010001101100000000010
1010001011011101000100010101000111101000100010110110000101000000000010
1010010010101100110100000001110111111111110101000100000101101000000010
1010110000001111011100100100010011011011101110011111011001010000000010
1010100011100001101000000101100110011110100100111010101101110000000010
1010001001000111111100010001001110101000101010011100100111011000000010
1011111110101101010010001000010100011011000101001100101111000000000010
1011010010010011010111010101010100011001110111000011000100100000000010
1010100010010011111101101010010010100011110000000011000101100000000010
1011100101110000001010111110101011000000000111000010010111100000000010
1010010101001000111111100101010100111101001011010001101011010000000010
1011001001000110001111001100111011111100100111100110001010000000000010
1010101111001111111101001001110100011010010100001111000101101000000010
1011111011011011000100111100110101100111000101011011010000001000000010
1011110100001101101011011111110110010110001000110011000101110000000010
1011011110010100001110110011100111111010000000110111100001101000000010
1010010100101101101010001011001100100001101000001110011101111000000010
1010100111100111000000111000011100101011100000000000110111001000000010
1010011101001000101111011010001000110000110110010011101110101000000010
1011100011000110110010011111010011101000010001011010011001111000000010
1011011100101000111110000011000111111110110110010100110110010000000010
1010000011110101000101111101110111100001100101011010011110100000000010
1010110001001001100001000000011000001001010110101111110110001000000010
1010100000100011000011000100001111011010100000100000101110110000000010
1011011010010010100110101010001110011000010010010010011010000000000010
1010101010110111101101001110110111010001111101111000010101110000000010
1011100110100011011000001101000000000101110101001011011011010000000010
1011000000100101100001100011101100111010010110011110100101000000000010
1011011110100110100001110011001010000010011100100010010010110000000010
1011100110000000000111111111001110110111111001010001011110111000000010
1010100011101101110111011011111000001111010111011011101100010000000010
1010000001011011000100001011111111100100011110101110100110000000000010
1011011101100111010110010101000110100010101000101001011110100000000010
1011010100111000100111000011100000100110111000100111000101000000000010
1011111001011000101011000101000100110111101010011100101101011000000010
1010011011110110001110101001100111100110101110111011010111010000000010
1010011100111101011101011100000101000000101100000111001111010000000010
1010000010100010110011010010010110111110111000000010100111110000000010
1011010000100000010100011110111110001101000110001111000111010000000010
1010110010110001100111101110111101110000110010011011100010110000000010
1010001001111111000111000100101000011001000001000100011011101000000010
1010010110110100101001010011000111100000101011011100010101110000000010
1010101111100000010001111110110111110111011010101101000011011000000010
1010111101110001110010010100100111111001001100111110100000101000000010
1010000010111010101000100110000001101001001110111100100110101000000010
1011000110110010100101000111011011010010100101011011101110110000000010
1011100000011011010011100001110100010000110010001001001110110000000010
1011010010110010011001000011100111110001100000101111010111001000000010
1010000011011011111011110000111001101100111000000111110101111000000010
1010011101001101011100010100001111111010010100111011100110011000000010
1011101010100000011111100111110011101111110000111100111111000000000010
1011010110101011010111011101010010010000111100101000100000000000000010
1010011111101000101101001010111111001100111100111110000001111000000010
1011111111110100010001000100001111011100101101000111000110111000000010
1010110110101000000100001011011110000010001010010010100010100000000010
1011010111011100111111110110110100010010101101110001111101101000000010
1010010111011100001001000000011010001010100011101010110011001000000010
1010010110010000100011010101010111101010011100000011111111110000000010
1010110101101110010001101100111100011110101110010010100000110000000010
1011101011100000110001011101100110010111010000101010111111011000000010
1010111011001001001001100000001000100011100001011101100111001000000010
1010010101111100011010000010001000001011011000011010010010010000000010
1010101111000000110010111001011010001100110110000101000101000000000010
1010110000100100010110100111010101011011101001001111101101100000000010
1011101101101010110010111000011100101011100010011111001111111000000010
1010001101001101100110000110010000010011011100101110011001000000000010
1011111011100100010110101000011011010010110100111001011110001000000010
1010011010010100011000111100100101101001001001011001100001101000000010
1010010010110011010101101111011010010010100100001110011011011000000010
1010101001000011010001001110001100110010110100100001000101001000000010
1010111111011001110010110011000100000011000001110110110010001000000010
1010011011000000101100110000001110011100000011110010011001100000000010
1011110000001001110001001110000011000100100100001101011110001000000010
1011010111111100000011010011101000100010111110000101111101000000000010
1010111101001000010010111010000111111001010001010100101000111000000010
1011010010000100100111101010110010100011100011000001011111000000000010
1010011111110001010001100010100111011101101110101110000100111000000010
1010010101110111111100110111000101111101000111010110011110001000000010
1010101011101001011010101011110110011101011010000000001000100000000010
1011100000001100101011001110110000111011010010110100110010100000000010
1011011101100010111100100001100000111110110011010101111111001000000010
1011001011010010111000101011110100100000101100111010000110101000000010
1011010111100010000110101111011001010101100010001010100000001000000010
1011100011101010000100000101011011101000000100001101000010111000000010
1010010011111111111101011101010110010111010111001101010101100000000010
1010111010110011111001111010001000011001110100010111010111010000000010
1010001110010110111000100010111001111000110011010110001000011000000010
1010010011110011111100011100000001000011010100110001011011000000000010
1010000011001100110101011011111010110001010000000101111010000000000010
1011001110011000011111101001001001011001110100010111010101000000000010
1011111001111111011010101011011011001110000000011100000011011000000010
1011110011110011110111101110010011001110111000100100010011001000000010
1011001100001110010001011110101101101010011011101111110101111000000010
1011100010001101110001100100011110011000000000111100000010100000000010
1011100001110111111110011010010100001111011000101011101000010000000010
1011010011001110110011100000010011000000100001001001000111110000000010
1011001110110111011001100011101111000111011110000110010010100000000010
1010000000000111101111000111101110111100101100101010101010100000000010
1011011011110110111110010101111010000100101010101001110111101000000010
1010111011110001110001001011101011110100111010110010010101100000000010
1011100110101000010100110000011010010011001011010101010111011000000010
1010011001011100111010000101001011110000101100010111101000111000000010
1010000110001001000100010000100011010100011011110101011011011000000010
1011111110001010101000001000011010111011110011011010011100100000000010
1011011010110100101011000101111110001111110001011011101111110000000010
1011010001100111100100010110110111010111001011110111101101101000000010
1010110000111111000100001001000001010100001001110001010111111000000010
1011111100100010101010111001100010010111001101000011001101111000000010
1011000110101100110111111111000010000110000101100101111110000000000010
1010000010101001100010100011010010011100000111011000111011111000000010
1010110110111001110110101010100011000000110101000110110001111000000010
1011101111011110101100110011101011111100010111011011001001000000000010
1011011100101100110000001101000011010000011100011111001011110000000010
1011010110011101010011111010010100010101111110111000111101011000000010
1011001100110011101010111100101000011110000010101011000101111000000010
1010010100111100111001110001011011011101011100011010011101011000000010
1010100110111011011111010110001100100010010101111110001011111000000010
1010011010100110111111111100111110110110101000110010101011101000000010
1011110001000101100110011101011001010011110100010100110000101000000010
1011001001110101101010101110101000110101110100001011101101001000000010
1011111010101110000001000010000101110011110101110111000110010000000010
1011101011010011111011101110001011110010000110101000001000000000000010
1010101110100101010100110100110111000111001011010001110010001000000010
1011101111110110101001110000110001001001100101000111101111100000000010
1010101010001110111000111111001000111101010011001010101000101000000010
1011001111001000000011101010000010100110000000100001011111101000000010
1011001011100001011000001011110001000110110001100111111011011000000010
1011001001010001011101110100100010010011001110000011011000111000000010
1011001000100100100001100001001011001100110000101100101000010000000010
1011001010011011010011110101010010011110010011110011111110110000000010
1011011111001010110101011010000101101001110000100000111111100000000010
1011010011000001001011111110100101001000001110101100111000100000000010
1010110100101111100111000100100110010100100101101010100000011000000010
1011100101110110111010010111011010101010000100111011011011011000000010
1011110011011110001100100011111101100001111001111101000101100000000010
1010010011101111100111010001001110111010011000000110011001100000000010
1011101000001011111100001111100000011101101011001010100100001000000010
1011100110111111000110111101101100101001010111111111010111011000000010
1011110001001100111000011010011011100111010111100101101001000000000010
1010111011011001110110101001010111111110000000100110001000000000000010
1010011111100010010111100000000000011111010000110010000001010000000010
1010001001011010010001011100101001100110000110110110011010010000000010
1011000100000111111011101100110000101011000100000100101010101000000010
1010000101011011000111100111001001000111110010001101101110011000000010
1011111101101010001001010010100101100011011100111001010111100000000010
1010001101111111001111000000110100001000000111000010011001000000000010
1011100110100110000011111111110111011010011111000100110110100000000010
1011010001101000111100100110011001100010000000101100101110110000000010
1011101010101100101111111110000001000100011110011000111101110000000010
1011111111100100000111010110001111111100100111111101000010111000000010
1010000011001101100011000111000010101011011001101001100010101000000010
1011100001100011001110010011101100110011010100100001110100001000000010
1011111100000000100010110001010000100111011101011000001000111000000010
1011111010110101000110011100101111100111101100011011111101011000000010
1011000101010010000001001100011100000111010111110000100111010000000010
1011010111010110111000000110110110000101111011011110010110010000000010
1011011011110110101110011101010110100110000011001100011111010000000010
1011010110011011101100011100100101000010110100111111011110110000000010
1010000111110101110000111011001100110100111111000010100001010000000010
1011011001010100110111011010110011000100001110001101100000000000000010
1010001100111110101001111111000101001011100001111100001110111000000010
1010110100000011000001111001000000000011001011101010111111110000000010
1010111100011000011100101111001001001101101111100110011001000000000010
1011001010111100001011010000001100000001010110101001100101001000000010
1011111101100101011000001011100000101110011000011010110010010000000010
1011011000010100011101001001010001011111100111110110101011010000000010
1010001010010000110001101000001001011101011101100011000100001000000010
1011010011001001110000110111111010010001000010100010010100001000000010
1010111011011011110000011001010010110111001101010110000000110000000010
1011111010111001001001110111110100010010101011010110010000011000000010
1011011100111100001101000110101010010011000101001010001010001000000010
1011001111011111110111100100000110100111111100110101100000001000000010
1010001111110001011101101101100100110000000110001111101110010000000010
1010011000011100101000111101100000001010110111010101110100111000000010
1010000001101001011111101101111000000101010011101010110100000000000010
1011001011011001011001100010111101000100100001000001101001000000000010
1011100010001001111101110011011000011110011010101111110110010000000010
1010001010010000110110101100010101001010011111001110101111111000000010
1010100101111011010111010100001010111101010011101100110000010000000010
1010111111011110110010010110100111001100101000011100001110000000000010
1011001001100000110101110100010010110110101100000001111110000000000010
1011011101011000001010101110011001111001111000101100111010011000000010
1011001110100111000111111110010010110111011011110001001110100000000010
1011110100010110110010111011000110011100111011010111101110001000000010
1010001001100001000000001111101000001011100100110100000110110000000010
1010101000010111000101111001001101101101100111000000011001010000000010
1010001001101010111101111001011111111110010010110010101110110000000010
1010101110110011100001110001011000011110010110100101001101111000000010
1011011100010101011010001010000110100111011010000110100100110000000010
1011101000100110101110010101001000000010111111100011011000110000000010
1011100011011001100001011011011111010010010101111001010100110000000010
1010001000010000011100111000100101100001111010000100111001110000000010
1010110010110100111100100011010101111111001000010000011000111000000010
1011100011011101100111111011001000001001100001010000011000101000000010
1010111111000010010011100111101110101111100011010110100011011000000010
1011100011111011101101001110101001110011011000100111101111110000000010
1011111011100010011000000000011110110111001010000001011101000000000010
1010000001101010001100001001000001011100110010001000000101011000000010
1010000001100101110011000101111110111001110110011100001010000000000010
1010111110011100001111011111110101110101110110110110110100000000000010
1011110110101110010000101010111011010000111101011111010101110000000010
1011011001110010001001000110100110001000010101001010100101000000000010
1011100110110010110101010010100110001010001001000100001010110000000010
1010010100101001111110100101000111110101111000010111110000111000000010
1010100000011001001010010100100101101000100010100111101001100000000010
1011101001111010010011011000100001101001110111101011101101000000000010
1010110001000110110101001010011000011011000001111110101000101000000010
1011101000110011101000001000101101011110111010100111110010111000000010
1011001110011101000011010011000100100011010000010011101101110000000010
1011010000010010011011010000110000111111110001001111110100011000000010
1010111001000110111100011010010101111001010101001001101000010000000010
1011100111100101100101110100001001000100101101100110010011101000000010
1010100100100001100011110010010101100001000000100001100100100000000010
1010010000111010011110000000100110111000000101000111100011111000000010
1010100101001101101101010101000111011101100101101011100011101000000010
1011010011111111000111100110001000101101100101100101110011100000000010
1010101110100100111110111101011111110110101011010000100001011000000010
1010011100011011011100001001010010111000011010111111000100001000000010
1011000111111110110000011001000010111011110010011010101001010000000010
1010001001110110101111100111101100001110110111001111100010101000000010
1011111110100111110101010101001101100100011001110100101101001000000010
1010001011111110010000001101110110010000100110101110011110101000000010
1011010111111001001000101001111001011001110010111111011110001000000010
1010000101101101010011100101000111110011111010000101001111100000000010
1011111001011101011100011000111001010110001101011100101100101000000010
1010001000000100001111111000111100010010110110111111101111010000000010
1010101010101111101111000100101111101000000001111101001111001000000010
1010101010111000111100110010110111010011011000011110110111000000000010
1011000011110100101110101101111001000000110101001101000101101000000010
1010100110011001111101111001011101100111100110011101101101110000000010
1011010111101110010101010110110011101101010001000010101000100000000010
1010011000000101111000010010010010011111011111111111100111011000000010
1011101110111100010010011010100001111011001111100000101000000000000010
1010101000111001101110110011001110001001100010110100111100100000000010
1011111101101110110001001111100110111011011010010000001000000000000010
1011010100100111010000000001101010001111111010101010000111111000000010
1011011000111100010000101110101001010010110101110010110001000000000010
1011101000100111001101001101111101010001001011110101000100000000000010
1011111100110001000101100110101111110111110100001011000110010000000010
1011000001000010111000000000001011010101001001111011011100111000000010
1010101010001100101100110000100011001110111011010101101110111000000010
1010010100111000010001100001100010110001000001011110111000110000000010
1010000010011010001001000110111000010101010111001101101011100000000010
1011011001000000111110010101000001011101011101001001001001110000000010
1010101010100101101110100000100110100010111010001110010000101000000010
1011011001111101000010100101001011011001110011110000111111001000000010
1010010011001000100011011001111110110111100110101100101011000000000010
