1010010111110011000100001010101001000000011111111010110011110000000010
1010101000110111000011100100000000101111101010011111110011100001000010
1011111111111100110100001001111011011111010001001101000010011101000010
1011100101000000000100001101101001100100111011111000101011001110011010
1010100000101001001010010000000000110111101111001010111101110100000010
1010001011100110010011101000001011110000101000111100001011000101001010
1011100000111101000110101101110001100000011001000011011100000111010010
1011011111001011001110001000001110001000111010100011011000100001100010
1010101110111010111100111010110011110011010111011110101111101001011010
1011100111010111111000001101111000011100010010111000101011010100111010
1010000101100000101100110001100011010011000001101000011011110101101010
1011101111101101001101111011011110111100010111110100011011000000110010
1011010011100110110110001011110010010101000101011011001000011011010010
1010001101111010011100001001111111010000100110011000000001100101011010
1010011000101001111001010110001011000101011000101010001001011101101010
1010101011001010010100001100000100001110010101010010110100101100110010
1010101101110110000111101101010111111111111010001010110001011011001010
1010100110000000111011010100100000101010111000011011000100100001110010
1011100001001111000101011111001111010000001111011001000011000100101010
1010111111011011001100111110000001010010101101011000101111111110111010
1010111001100000000011110001011100111000011011010100010010000000000010
1010001100101000011111011001010101100110011010111111000110001111100010
1011010000101111010010010110110101010011010110000011101101000000011010
1011001000010111001110100101000011101100001111011011111111001100010010
1010111100101100011010110010011111011110101001111011111110001100111010
1011110111111000100000000001011101001110111100110111110111010111101010
1011001011110001011111000011111101000010110011001101000011111011011010
1010100100000010000100110101000010110100110100000111111110001010011010
1011100001000011111110101100010010111100001011100101111110110101111010
1011110101100000111000000100011110100011101001100110101011100100000010
1011011100111100011011101001010110000010110001000010110000000100100010
1010100000000101110100110111110100110010111011010010111010000101010010
1011110100101000110110011100100001010101010000010011010101010100001010
1011000001010010111110001111000010101001101000111010101011110001000010
1010101100101100101010100000100100001011110001001000011101000011011010
1010010001100100011010101000101110000001110101111101110110110110010010
1010111101101100111011101111100011101000111100010010000010000000000010
1010010000100010111010010111111001010111001101100100000101011001110010
1010000110001110110001101010100011011100100000001000011100100000111010
1011011001101010100001100100110010110011110101110110010110010010111010
1010101001001100101101011111010101001111001010110111010110010000000010
1010111111101000111011010000101001011101101001001101101100010111111010
1010010101110000101101100111101111101011010101011011100110010000110010
1010011111011001011101110010110011011110000100111010010111111111001010
1011111000111011110110011101110010000000100100011110000100001011010010
1010101100000000011101100000100111101001010001101101000011010110111010
1010111001010111110100111001010001100000011001011011000001000010010010
1011100001000101110000101011110100010011000000101011110011001011010010
1011101100111111111100001110001000010101010001101110101101000100011010
1010110110101011101001101001010111010111010001011111001111001001110010
1010100101011101110111001110000101010000011001001010001010100000001010
1011111100101101111000000100111101001100100000110100001110111111011010
1010000010100000100111010010111001010111100111010000100101111110000010
1011111110010010100101010101010000100101000010000001111011111011000010
1010110001111100111101000110001111010000111010101011000010101000101010
1011110000010100000000001110000110100010011100001101000011010011011010
1010110000100001110001011110111010110101010011100101011000000011001010
1011101010010000011010100010010001101001111111001010011010000100101010
1010111001001110000101101111001110000000011100111101101010001111000010
1011000000000100001100011010011110000001111110111001001011000111101010
1010101001101110110001111100111110001101010001101111001000110000010010
1010101110010010000101000100000011111110111101011001011010000100010010
1011011001000110100000111100011100000110000001100011001011110100100010
1010100000010101010100000100100000011000110011001101101011100011001010
1011101100100110000010000001110010101001000100111111101100111100010010
1011011110011100110010101011111000010100110001111110011010001010111010
1011001001110011101110110100111100100001011110100101000011100011000010
1011011101101000111100001000100011000010001101001110010011001111011010
1010001100001001011100000010010100001010100011011101011110100100111010
1010001100010001100010101000110110011101110010101011011000100110111010
1011101101011110110111110001101110100001011110011110010111110111110010
1010010011010100100001111000110101100001101101011100111011010010010010
1010010001100111010010010000100110101111110111111011010000000100011010
1011010010011000101101001000101111001101001110101000011101001111001010
1011010100111100110100111000100001111001111100110100110100101111010010
1010111011101001011010111011000110100010000011001101111000111111101010
1010000111000100010110110100101110000000011111011101101100011111110010
1010011010001000100101100000010010011111000110111101111010001011101010
1010001111010111110001110001111001001000101011111110111000010110001010
1011110011111101001101100010010001001111000110010001001110100111100010
1010001000110001000111101111110100111101001010001000111000111101111010
1011110000101001100100000000010001000110110001110111110110110100000010
1010101001011101001111011111010001001100001001000111101010110010011010
1010001100110100011000101110110000001001110001110100101110110101101010
1010100001100011111011000101011111010101100100001100011111110000101010
1011010000110000100000111100101110011001101000001111111001010101100010
1010011110101100000011010011010101010101001000110001101111011111001010
1011100001111010010000110000110110110000001010101001100000111100000010
1011111110100111111010101000110010000101001110101100101001000001101010
1011001000001001000011100110101100110010011101001011000011010111011010
1010101010011000010110000101001111001111101111111001011110111001101010
1010100111110011010000100111010011011111101111111011011101000000101010
1010111011011100110001110010111010011100001011101101100111111000110010
1011100010010000000000110101110101101111011011110010101001111001000010
1011110110101011111110100100101010000010111010011111011100000101000010
1010101111100000010100001001111100011010000101010010101010000101000010
1010101101010111011110001010000011111101000110100011000111100010111010
1010010100111000111010111011011110101001101101011010000110000000011010
1011000010001111000010011000000000001111001010111000000011011000011010
1010100010100010110101100001000011011101110010101010111100100101011010
1010000110001110101101100000010010100111111110001111001011011011011010
1010010001001111111000111100111101011110100000011110100010001000101010
1011000111010011010000110001010010110101010100111110101000001001100010
1010111101101011001011011110000000011100110100110101000010000000101010
1010000110111011011101111010011100010011110100111100011111100101110010
1011010010111011100010000000110110001111100111000101100100011001001010
1010000100010101000100011110101101111101110100011101101100001001001010
1010011000000000110011001001101111010110100101110100001011100000100010
1011100110000101000010110010111110001101100010100110010111110011110010
1011010110111111010111000011001110011010100011110111111111010011111010
1011011100010101010100101100110011100001100000100001101010010101100010
1010011000100001011001011100110101000010100111000111110000000010110010
1011000010000100011111011101101100100100111100100001011110100011110010
1011111111111000001000001111011111011110011111101001111110011010111010
1010101001011010010100000110010011111111011000011101111001111101001010
1011101110110000111111011101000101001010000011100001100101111001000010
1011010010101110111100101100101100111110101001000001000101010101110010
1010100000000110000100000011010001001111010011101000111101010110111010
1011010111110000100111011000010000011000111100111010101110111101101010
1011110100110000111100000100100110011100000001100011000001001111001010
1011111010111010101100011101011001101101011101000001110001111110100010
1010001101001001111100001011111011001101110010110000111101111011010010
1010110000001011111110000000100110010000100101011001011110010110100010
1010001011110100011100111110000001001001001101110010100111101111111010
1011010010011110100011100100011010000111011001001110100001101111100010
1010100000001011010011011000000101011001101010000000111000111010100010
1010100000101001011110001100101011001111100000001101100000010100101010
1011111100000110001011000101111111100010010101101001110010100110000010
