1010100101011011101101110100010111010001000111110101011000011001011010
1011101010010011101011000000011100101010011101010011110111111100001010
1011111001101100000000000010001100000111001001100011010001100000011010
1010010010110101001000010100100000011110100101010000011011100101000010
1010000101001100100001111001100000001110001010111110010110001000101010
1010111001101011110001101100110100011011111100110111010101011111011010
1010000100101000010010110000010100001100011110101101111100111111001010
1011000011101111101101010100110111111111010000011001111100001011110010
1010000110110000000001110111011001111111110010101011000110101110111010
1011010011110000110101110001011000001110001000001001000111110011100010
1011100010101010000100111011000011111101111000100011111100100011011010
1010001001100110001001100011001100111100100010110010110100111001110010
1011001101100100001101001001110001001111100001111111111000110001111010
1010000110001101101011010010101100110111000001001010100000101110011010
1010001110001000011000010010000001101110000100101100010111101111100010
1011001010111111001110100010000001100000001000101000000110100000010010
1010111000110111101001100110011111000011110100101110100110101001110010
1011011111111101100111011110111001110000000100011001011010001011011010
1010001000001100010010010111011010000010110101001111100000111110011010
1011110011100001100111011011100011010000010100010001011111111010101010
1011001010100000001011000001000010011011101111010110010101111111110010
1010110111111001110101100100110011101011011110101000000010100010110010
1010001011010111000110001101010001001101101101100000111110111010101010
1010100010010100111101010110010011010000011101100101000000010001101010
1010100011101010011110100000010111001100011111101111101101011101111010
1010101000010010011001011110111001111000001000000000010001010010111010
1010010110001000011001010001110011001101001101111001110100101100101010
1011011111001110111111101010111111111011101001001101001001000010011010
1010110101100110101101011111101011001101001011001110100011110101010010
1011111011000101011101001110010011010000011000000100000101110010111010
1011010101000000100100111000101100101100010011010011010000101111111010
1011001101111101001111010110000000100101011000011101010001100100000010
1010111000100110000001010001011011101011000110011100001011111101001010
1010011010000000100000000101111110001010001000011000010110000110101010
1011000000010000111100101000110110101000011110110010110101010111000010
1011111001001011011101001100110111001010010101010110010001101010101010
1011010000001100000011011001110100011111010011101010111011110001010010
1011101101111111000000101000111111001001001100010101011001111000001010
1010001010011101001000101001110000111100100011101100010110111011110010
1011110011101010111000111010011111011001100110010100110001110000001010
1010000001011001001111100011011111100011111110000001111011001011111010
1011111010001001101011111100110101110010100100010011010000111100101010
1010000100001011010110100001111110001011011110001111101101000000010010
1010101010000000011100100110000001111000100000000011011000000001100010
1011000000110010000110001111000101001111111001110111101011101010001010
1010011011110111001001011110111111100111001000011000011000001001101010
1011101011011110101011111100110100101110111011101110010111110101110010
1010111010101100001101110111000100110001111101011110011000001110001010
1011011001000010001010101101011111011111110111100110110100111011111010
1010011111001111100111011000101010001001000011101100111001010100001010
1010111100111110000010000010001011100100111100000010100011101100111010
1011111111010001001101110100001110111000110100101100110111000100101010
1010111100011111001101100101010000110111011010011111110101000100110010
1011010111111101111001111010101100110000000100110010010110010101000010
1011000010010001001100011011001011101011100101111100000111011110111010
1010011001110100010010111110111110101100001000001110000001010000011010
1011011101000111001100010011011110011001111101100100111110011011101010
1011110111101001110100010101011100001010000000011010111010100110010010
1011110111101110110100001001111010111000000100001101011101000011101010
1011110010010001101101111110111001111111001100111110000100011011011010
1010011001111010111110111000010010000101010100110110011110001011001010
1011011110110101100011110111100100010011111001100110101010001011000010
1011011110010010111100110101010011101011111000000110011010100011010010
1010101111010111111010111111101000000110110011000110100001100000010010
1011110000111110000010001011011100110010110111000111110110001100101010
1011011000100000100100010011010010100001110001011011110101001110000010
1011011101000001111010010111100000110111110111101110111111000000010010
1011111110111101110100000110100000111000111011110110000000001000111010
1011010100111001101110010100000101010111001100111011011000001110000010
1010111000100011100101100001100000111111001000110001011110100010100010
1011111100001101110000110010010011001000010110010110101101101011110010
1011000111010010101101110000111011110010000100000100010001000010000010
1011000011001001010010010011000110011000100110011100101010101000010010
1011101111111010111000111101110011101010101010011010101000000010100010
1010101111011111100010001110010010011001100001111111000110010110011010
1011011011000010101100000101111001100101101000000111010000001110101010
1011101101110100011011010101010010110111000110000111011001010100011010
1011011110010100101011101100101001111101010000111101010000111100100010
1011101010000010001000000111001010101011001001110011001111011010011010
1011011101100010010101010101101111101111011111010001010101111111110010
1010100011100110110000000010010001100011101100110010111110010111011010
1010011111010100011001111010001000011101011001000001011011110111001010
1010100110100001011110000010100001101111001111111000011111011010011010
1010101000101101101100001111101101100011010110011000000001111011000010
1010001001010100000000100011101001101011010000110111011000111001010010
1011000001111111100100111001001001101001100101000011100111000000001010
1011001000100110010110001100011111111111110110000110001010110101100010
1011111111001010001000111011111011111011000111101010001010110100110010
1010000100000110110101110001001011011100010111011110011111010111010010
1011011111000101101100110101001111100000100100010110001000010100000010
1010000000110111011000101111001000011111100011011001100011011000010010
1011101111111001110010110000100101001100001010010000110101110010010010
1010101000100101111000101100110111010111100001111101001110101101011010
1011110101110101010110001110011010000101001010011000100100111000100010
1011110001001000100011101011110111110101000011110100011000110110110010
1011100000111111010100000001001000000100100011100101010010000000001010
1010000000100011001000100101010000011110001001111110010111110111101010
1011011000000011010111111101010011100100011011010101010001000011001010
1010101010001101100011010000001110011010010110010110010011011111111010
1011110111111011110110111111011101101001100001100100000010110100110010
1010000001000101101110111000111110011100111001011101101010011101011010
1010011110011001011011101011000001001000100000101100101110100000110010
1011011001101110000001100110001010101111111101100011111111110110111010
1011011101010100010000101011110010101000010011000001100110001001101010
1010000000001101000001110001000010000111111111001111111100000100101010
1010101111001100111100111101110100100110010100100000001101110011100010
1010100101100101101110010011100000000010111010000001110010111001110010
1011000110011000111100010110010110100001100110100000000001010001100010
1010100111011011111000000011001011110110101011101011101100000000110010
1011111101111010111100110110100000100010100101011000010100110001110010
1011100110010000101000001110011111000011111011000111011000010110000010
1010001100100110011111111110000111101000111010110111101010100011010010
1011011101000000011010001010000010101011000111101000011000101010001010
1010111000010101011011010001110000111101011100101011000111100110001010
1010010101101001011000111111000000000111110000101001011100101011111010
1010011011111011011111001100111001010010111000011011100100000000101010
1010000101011000110010000010011001010101001000110011111000111111111010
1011011111011111010001101100100000111101101101011100001110100010101010
1010001000010100101000110111001100101111000011010100110111010010011010
1010010001010000011011111101111111001100000011110100101101101001111010
1010011010110010100010110101110010101111101101001101101000110111100010
1010011001001101101001011011011010101010010100010000111100111001010010
1010110101010110000111010011010010001110011001110110101010111111111010
1010001001100011001100111010111101010100001001010000111110000011000010
1011010010011000100011000010001100111110010111110101111011001010111010
1010101100001011001111111110001110011101011001010001100110101111011010
1010101010001000101000111010101001000010000010110000001111101110101010
1011010011001100110110010111101111001011100000000100001100000101010010
