1011001100111110001011010010001100100000000000000000000000000000000010
1010100011001010001000111101010100000000000000000000000000000000000010
1011101100000001110000000011000011000000000000000000000000000000000010
1010011001010100000001100001110111000000000000000000000000000000000010
1011010010110101011000010100100110100000000000000000000000000000000010
1010101011100111001010001110000110000000000000000000000000000000000010
1011011100001101101010011110001010100000000000000000000000000000000010
1011100001110100010110011101110110000000000000000000000000000000000010
1010101110010101101001010010000001000000000000000000000000000000000010
1011101101101101100111101100011110000000000000000000000000000000000010
1011101011000001110010000001011000100000000000000000000000000000000010
1010000000011011000010011000010101100000000000000000000000000000000010
1010010111110100110001011001000000100000000000000000000000000000000010
1010100000101101000111111001111100000000000000000000000000000000000010
1011100111011101010001010000011101000000000000000000000000000000000010
1010100000000111011011011001101110100000000000000000000000000000000010
1011111001110111001011101001110101100000000000000000000000000000000010
1011010101101011001100100011101101000000000000000000000000000000000010
1010111110011010110100010000001011100000000000000000000000000000000010
1010010101111110000100111000101100000000000000000000000000000000000010
1011100001111111001001000000001011000000000000000000000000000000000010
1011011010111010010001101011001000100000000000000000000000000000000010
1011010011001101100000100111110000100000000000000000000000000000000010
1010000111010001000111100111111011100000000000000000000000000000000010
1011001111110000011010000010000000000000000000000000000000000000000010
1010000100000101001101110100000100100000000000000000000000000000000010
1010101110110101011011101010000101000000000000000000000000000000000010
1011001101000010001011100111111110000000000000000000000000000000000010
1010101110001101011001001100101000000000000000000000000000000000000010
1010101011001100010010011111010110100000000000000000000000000000000010
1011100100011111000001011111010000100000000000000000000000000000000010
1010011101101101010011111001111010100000000000000000000000000000000010
1011011011000011000010111011010111000000000000000000000000000000000010
1010011101100101011011111111101000100000000000000000000000000000000010
1010101111101110101100011011101011000000000000000000000000000000000010
1010001010110010100101101001110100000000000000000000000000000000000010
1011001111111111101111101101000010000000000000000000000000000000000010
1011100100100001101001101111011100100000000000000000000000000000000010
1011001010011101010100100010001001000000000000000000000000000000000010
1010000110000011000101011011100111100000000000000000000000000000000010
1011111110000011101110011010010000100000000000000000000000000000000010
1010010110011000010101111111000110100000000000000000000000000000000010
1010100110001010010100101010001100100000000000000000000000000000000010
1010100110100101100111010100010100100000000000000000000000000000000010
1011000101000001101101100100010000000000000000000000000000000000000010
1011101101001110110100101010010110000000000000000000000000000000000010
1011101111010001011010000110111000100000000000000000000000000000000010
1011101011001010010011101011111101100000000000000000000000000000000010
1011101100011000111000110010011000100000000000000000000000000000000010
1010010011100000001110100111101011100000000000000000000000000000000010
1010111110111010101100110000001000000000000000000000000000000000000010
1010010011011001110000001101010001000000000000000000000000000000000010
1010100100111101101001100000101010000000000000000000000000000000000010
1011001100000001001101101001011111000000000000000000000000000000000010
1010010111111101100010111101000100000000000000000000000000000000000010
1011000011011100110111001010100011100000000000000000000000000000000010
1011111111000111000100010010010110100000000000000000000000000000000010
1010100000100000101110001110100011100000000000000000000000000000000010
1011101000111101101111101110001111100000000000000000000000000000000010
1010000111000110110101010111111100100000000000000000000000000000000010
1010000100100011001111100010101101100000000000000000000000000000000010
1010000100001100000000110100001010000000000000000000000000000000000010
1010100000110011111001001000001101000000000000000000000000000000000010
1010000001111111010100111111000111000000000000000000000000000000000010
1011011111111111110110111010101101100000000000000000000000000000000010
1011110001000100011011111111101011100000000000000000000000000000000010
1011101111010011111010110011000110000000000000000000000000000000000010
1010100100010000110110001111100001000000000000000000000000000000000010
1010100010000111011001000101001110100000000000000000000000000000000010
1011101110000101001011011010110011100000000000000000000000000000000010
1010100001110111100000101100100000100000000000000000000000000000000010
1010110001000100000101011010110110100000000000000000000000000000000010
1010111100010111101000001010001011000000000000000000000000000000000010
1010100011001110000111011110011011000000000000000000000000000000000010
1011110110011110010110001010011011000000000000000000000000000000000010
1010001101110010000111110101110001100000000000000000000000000000000010
1011000010000000101100001000100000000000000000000000000000000000000010
1010000100110100000110000001101001100000000000000000000000000000000010
1010001011010100110001000011110111100000000000000000000000000000000010
1010011000100001110111010110011010100000000000000000000000000000000010
1011011111110010100101000110001001000000000000000000000000000000000010
1010111100100000000110000110111100000000000000000000000000000000000010
1011011100101010011100001100101100100000000000000000000000000000000010
1010111111010001100101010101110011000000000000000000000000000000000010
1011101111111000110111100000001011000000000000000000000000000000000010
1010000011100111001100011111010100000000000000000000000000000000000010
1010101011000101101101100001010000000000000000000000000000000000000010
1010001010100000010111010111001001000000000000000000000000000000000010
1011101001111011101100001100000110100000000000000000000000000000000010
1011100100100100001110111111111011000000000000000000000000000000000010
1010001101010100110110011000001110000000000000000000000000000000000010
1010101000100000100111111100000001100000000000000000000000000000000010
1010111011111011110010001100100100000000000000000000000000000000000010
1011011000010100001101100000000100100000000000000000000000000000000010
1011111101111110101011101011110101100000000000000000000000000000000010
1010001100100001100011101111101110100000000000000000000000000000000010
1011111010111001101110010010101001100000000000000000000000000000000010
1010011011000101010011011011111110000000000000000000000000000000000010
1011110101101001111100011010111011000000000000000000000000000000000010
1010111000010101000010001111111101000000000000000000000000000000000010
1010100001111010100011000010000011000000000000000000000000000000000010
1010100101100101110001101010110110100000000000000000000000000000000010
1010001111101011100100101011110010000000000000000000000000000000000010
1010010101000001100111011010101110000000000000000000000000000000000010
1011111011011100111101110110100110000000000000000000000000000000000010
1010100100010111100110110010101111100000000000000000000000000000000010
1011011100110001010110101001000001000000000000000000000000000000000010
1010000101011000110010100100010111000000000000000000000000000000000010
1010111011011000111110010111101111000000000000000000000000000000000010
1011000000000100100010101011001110000000000000000000000000000000000010
1011011010011000100111000111110010000000000000000000000000000000000010
1011010000011101110001111011110010000000000000000000000000000000000010
1011110111101011000011110101010101100000000000000000000000000000000010
1011111110100001001011101010101111100000000000000000000000000000000010
1010010110101010110001000000011001000000000000000000000000000000000010
1010101011011010100000101101001101000000000000000000000000000000000010
1010011011100100101000001001100101100000000000000000000000000000000010
1011011101100001111111111000111111000000000000000000000000000000000010
1011001010101111111000011010010111100000000000000000000000000000000010
1011001010000101101111111010001100100000000000000000000000000000000010
1011110011110101001010101011100001100000000000000000000000000000000010
1010100100010111100011111100100101000000000000000000000000000000000010
1011110011101010011010101101000100100000000000000000000000000000000010
1011101011101001011000001110011101100000000000000000000000000000000010
1011000011011001010011111001010001000000000000000000000000000000000010
1011110000011101111111110110001111100000000000000000000000000000000010
1010011101110010111010010000110000000000000000000000000000000000000010
1011100000000000010000101010011111100000000000000000000000000000000010
1010011001000001010011110111110101000000000000000000000000000000000010
1011010010001011000111100101110110100000000000000000000000000000000010
1010111011110011000101100010011011100000000000000000000000000000000010
1011111001111100101101000001111010000000000000000000000000000000000010
1011010000000101111110101101000100100000000000000000000000000000000010
1010100101100110110111110101110011100000000000000000000000000000000010
1011110010100000100100110011110011000000000000000000000000000000000010
1010001110000000100000010110100001100000000000000000000000000000000010
1011101110010100001001110100110100000000000000000000000000000000000010
1010110001001011000011001101000100000000000000000000000000000000000010
1011011001101100111101010001011001100000000000000000000000000000000010
1010000100010010101001110001011011000000000000000000000000000000000010
1010101110101101010111000100011101000000000000000000000000000000000010
1011100100111011010111011001001101100000000000000000000000000000000010
1011111110110110011011010000101111000000000000000000000000000000000010
1010110111010100000101100110110101000000000000000000000000000000000010
1010011001000100000101000010010110000000000000000000000000000000000010
1010000010100100011000011010101110100000000000000000000000000000000010
1011111001000001000110010001100011100000000000000000000000000000000010
1010000000011000110011011000101111000000000000000000000000000000000010
1011110010100110010011100011111001100000000000000000000000000000000010
1010000000000000110011101101011011000000000000000000000000000000000010
1011111100010000100100000110011000100000000000000000000000000000000010
1011100000101011101111100011010010100000000000000000000000000000000010
1011100111010110000000000100100101100000000000000000000000000000000010
1010111000101001100110111001000000000000000000000000000000000000000010
1011111010000010111100000011011001100000000000000000000000000000000010
1010000100000010100100111101111101000000000000000000000000000000000010
1010100010100110011001001001110101000000000000000000000000000000000010
1010110100001100100111110101101101100000000000000000000000000000000010
1011011101100011010100001000001111000000000000000000000000000000000010
1010010100111111001111110001001111000000000000000000000000000000000010
1011010100001010010010001101101000000000000000000000000000000000000010
1010000011100111001110101000000010000000000000000000000000000000000010
1011011000110011000000100110000001000000000000000000000000000000000010
1010000011000001011011001001110001100000000000000000000000000000000010
1010000111010111000110100001101110000000000000000000000000000000000010
1010000101100000100111001100101101100000000000000000000000000000000010
1010000000110100101010000100100110000000000000000000000000000000000010
1010111101000110100010111011011011000000000000000000000000000000000010
1011110100111111010100101111000100100000000000000000000000000000000010
1010001110010100000110100101111101000000000000000000000000000000000010
1010110001111010100010011011100000100000000000000000000000000000000010
1011100011101100000101010110111100000000000000000000000000000000000010
1010101001101110011101010100010000000000000000000000000000000000000010
1010001111100000111110110000101010100000000000000000000000000000000010
1010111111110101100100101111001100000000000000000000000000000000000010
1010001010000101000010110100100001100000000000000000000000000000000010
1011100111010010010010101010001000000000000000000000000000000000000010
1010100011000000110101101101111110000000000000000000000000000000000010
1011000111001101011000100001000011000000000000000000000000000000000010
1010010111000010000010001011110110100000000000000000000000000000000010
1010000111001100010001010001101101100000000000000000000000000000000010
1010100011011100100000011111110001000000000000000000000000000000000010
1010110011111000111010110101000000000000000000000000000000000000000010
1010000100101100000100101101100101000000000000000000000000000000000010
1011100001100010010101101001000111100000000000000000000000000000000010
1010010010001100101110110101010111000000000000000000000000000000000010
1011010111111111000010010001010010100000000000000000000000000000000010
1010111101100101001010001010010011100000000000000000000000000000000010
1010111000001111000111000110111000100000000000000000000000000000000010
1010001001101000100111111011000100000000000000000000000000000000000010
1010001001110000000001101100000000100000000000000000000000000000000010
1010101001100001001110110110100111100000000000000000000000000000000010
1011100010000101001010000010111101000000000000000000000000000000000010
1011001010000000111111001100100110000000000000000000000000000000000010
1011111111110110011010000000101010000000000000000000000000000000000010
1011110110001000000011100001111101100000000000000000000000000000000010
1011011001100100100011110011011101100000000000000000000000000000000010
1011000001000000101011111000101110100000000000000000000000000000000010
1011110111110010110100011011111111100000000000000000000000000000000010
1011001110011000111101001010001011100000000000000000000000000000000010
1010100011101111110011101101010001100000000000000000000000000000000010
1010101000110011010011010100010011000000000000000000000000000000000010
1011101000010110001110100011001010100000000000000000000000000000000010
1011110111010110010111111101010111000000000000000000000000000000000010
1011110101100111110000001011010101100000000000000000000000000000000010
1010100011000000000110110000011110000000000000000000000000000000000010
1010100000110110110110100110001111100000000000000000000000000000000010
1010000001100001100000110111111110100000000000000000000000000000000010
1011010001100011001011101001110100000000000000000000000000000000000010
1010000001101111000010011100010101100000000000000000000000000000000010
1011110111111011010001001011101011100000000000000000000000000000000010
1010110100100100010111100110010110100000000000000000000000000000000010
1011011011101101010001101101011010000000000000000000000000000000000010
1011001010011011001111111001111100000000000000000000000000000000000010
1011010011000101001101001111111111000000000000000000000000000000000010
1011001100010100000010001011110100100000000000000000000000000000000010
1011110001011011101001001000000010000000000000000000000000000000000010
1010010001001011010111110001000001000000000000000000000000000000000010
1010010000010101001010000001111100000000000000000000000000000000000010
1011111110100100000011001101110100000000000000000000000000000000000010
1011000110111001110001011000101101100000000000000000000000000000000010
1011110001001101100111101111110011000000000000000000000000000000000010
1011011010000010101110001101110000100000000000000000000000000000000010
1011100110010100100101101110001100100000000000000000000000000000000010
1011010111100111101011101001001001000000000000000000000000000000000010
1011001010001000010010111111110100100000000000000000000000000000000010
1011011101110011110010111010100000100000000000000000000000000000000010
1010100111000000010110000011011011100000000000000000000000000000000010
1011010011001110110101000101000011000000000000000000000000000000000010
1010101100010101001001010010110110000000000000000000000000000000000010
1010111011111101110001011100100111000000000000000000000000000000000010
1011011000111010001100001101110000000000000000000000000000000000000010
1011110010111111001100001111000111000000000000000000000000000000000010
1010000010101010000111001011010011100000000000000000000000000000000010
1010100100111101001010101101101100100000000000000000000000000000000010
1010011101100010100111101011010100100000000000000000000000000000000010
1011111011111001001101010000101111000000000000000000000000000000000010
1011010101110100100001101110011101100000000000000000000000000000000010
1011000111000111111010010000001010100000000000000000000000000000000010
1010100111110000101100100110000011000000000000000000000000000000000010
1010010010000111110010001101101100000000000000000000000000000000000010
1010111011100100111010011101110000100000000000000000000000000000000010
1010101100101100000000101000100010100000000000000000000000000000000010
1010010011001000000000001101111011100000000000000000000000000000000010
1011110000011110110100001000001010100000000000000000000000000000000010
1010011000001100011010011110000000100000000000000000000000000000000010
1011001001011111011110110011110000100000000000000000000000000000000010
1010110011111010001011110001111000100000000000000000000000000000000010
1011101111001011011010101101010011000000000000000000000000000000000010
1010001110010100111010010111100011000000000000000000000000000000000010
1011011000111100111101000000100100000000000000000000000000000000000010
1010001001000101010010111101000101000000000000000000000000000000000010
1010011000000110001001110001000101000000000000000000000000000000000010
1010010001110001100100101011010000100000000000000000000000000000000010
1010110111011111111111101001110000000000000000000000000000000000000010
1011110011010000010001000001111001000000000000000000000000000000000010
1010101110000111101110001010111001000000000000000000000000000000000010
1010000011101000100110110001100101100000000000000000000000000000000010
1011011011111001111010100100000100000000000000000000000000000000000010
1010010001010000100111000101110100000000000000000000000000000000000010
1011010010000111011101010010001110000000000000000000000000000000000010
1010111100000101011111100010001001000000000000000000000000000000000010
1011100010100111111011110010010101000000000000000000000000000000000010
1011100100000000010111001101100001000000000000000000000000000000000010
1010000110111010001101110000000011000000000000000000000000000000000010
1010001000011111101101110011011011100000000000000000000000000000000010
1011011100011111101101100101011100000000000000000000000000000000000010
1010000001111110010001101111011111100000000000000000000000000000000010
1011011110010010000001110010000011000000000000000000000000000000000010
1011111000011001000110001110010111000000000000000000000000000000000010
1010111101000010100000101001111101100000000000000000000000000000000010
1010010110110101000111011111010001000000000000000000000000000000000010
1011001111001110101001011101000000000000000000000000000000000000000010
1010001001011100100110101011001001000000000000000000000000000000000010
1011000110001011100110000011001010100000000000000000000000000000000010
1010111001100111000001110010000111100000000000000000000000000000000010
1010000011111101111001001011000010000000000000000000000000000000000010
1011111101010101101110111001111010000000000000000000000000000000000010
1011100010110000010011010010001001000000000000000000000000000000000010
1010111000110001010110101011101010000000000000000000000000000000000010
1010000110101110000101100011101010000000000000000000000000000000000010
1011000110110101000111101011101111000000000000000000000000000000000010
1011110111001001011100010000001001000000000000000000000000000000000010
1010111011010010111101110011000011100000000000000000000000000000000010
1011111111100110010100011000111011100000000000000000000000000000000010
1010000101000100100001001101101111000000000000000000000000000000000010
1010110111110001111000001011010110100000000000000000000000000000000010
1011010101100001110101011001111011100000000000000000000000000000000010
1010011011100110000001010111010011100000000000000000000000000000000010
1011010001110101000010011011010001000000000000000000000000000000000010
1011101101101101100010001110010011100000000000000000000000000000000010
1010000001000100010101100001100111100000000000000000000000000000000010
1011111010101001111100110101010100000000000000000000000000000000000010
1010011000000111111101110101111011100000000000000000000000000000000010
1010111011110111011000110010010000000000000000000000000000000000000010
1010011011001100000111111100111100100000000000000000000000000000000010
1010100101110010010011000001010000000000000000000000000000000000000010
1010010000011100000111100001111111100000000000000000000000000000000010
1011111000100111111111010000010000100000000000000000000000000000000010
1011001111101011001011010000000000000000000000000000000000000000000010
1011001010001010010101001100001111100000000000000000000000000000000010
1010011000001101011111101001110011100000000000000000000000000000000010
1010111111111000010111001101000100100000000000000000000000000000000010
1010001101010101001001001111110110000000000000000000000000000000000010
1011010111101001001011010011110011100000000000000000000000000000000010
1010001010011111001110011110100100000000000000000000000000000000000010
1010100010011000010111101000101011100000000000000000000000000000000010
1010011110000010011101000000010010000000000000000000000000000000000010
1011010110110101000110010111000000000000000000000000000000000000000010
1011001001100110110000100100100010000000000000000000000000000000000010
1011001100010100011101010111110000100000000000000000000000000000000010
1011100011111100011110111001110001100000000000000000000000000000000010
1011100101111100110110101111010010100000000000000000000000000000000010
1011101110011000000001101011011100100000000000000000000000000000000010
1011110100110011010001010111111100100000000000000000000000000000000010
1011000000100000100111011111001001000000000000000000000000000000000010
1011110111111101011001001011100000100000000000000000000000000000000010
1010111000001001100100011001001011100000000000000000000000000000000010
1011000010101110011001101000000011100000000000000000000000000000000010
1010011010000000001100100111111100000000000000000000000000000000000010
1011100010010001111100011010001011000000000000000000000000000000000010
1010111110000001000010101000010111100000000000000000000000000000000010
1010000111000101011000101000011001100000000000000000000000000000000010
1010000110001011011101110110100101000000000000000000000000000000000010
1011100110010100101100001110001000100000000000000000000000000000000010
1011010010100100101111000000111101100000000000000000000000000000000010
1010101000001011111001000010000100000000000000000000000000000000000010
1011101011011001010111110101010000100000000000000000000000000000000010
1010100111111011010111110000001001000000000000000000000000000000000010
1010100100111000001110111101001010100000000000000000000000000000000010
1011100010111111001010001010010100100000000000000000000000000000000010
1011000101001100000101011111001001000000000000000000000000000000000010
1010001010111110111100101000100011000000000000000000000000000000000010
1011010001000001000111101111101101100000000000000000000000000000000010
1011100011111110101000111010000001000000000000000000000000000000000010
1010110110001111010001110001110110000000000000000000000000000000000010
1010010000111010001000110100101001100000000000000000000000000000000010
1011011101011001001111111001111111100000000000000000000000000000000010
1011010101010101111000100111000000000000000000000000000000000000000010
1011110011000010100110110010111110000000000000000000000000000000000010
1010000011111011111101001000000110000000000000000000000000000000000010
1011000010001000000011100000100001000000000000000000000000000000000010
1011111101001100011011000110100100000000000000000000000000000000000010
1011100011110001000101100010011010100000000000000000000000000000000010
1011100011010001010110011000110101100000000000000000000000000000000010
1010101111100111111111010110010011100000000000000000000000000000000010
1011010010101110110000000011111010100000000000000000000000000000000010
1010001011111011100001010001010110000000000000000000000000000000000010
1010010111101011111010100010000100100000000000000000000000000000000010
1011010110100000101110001111011101000000000000000000000000000000000010
1010000101101011011000100000010110000000000000000000000000000000000010
1010010110101111101110100100011110100000000000000000000000000000000010
1010111100101000000011000010011000100000000000000000000000000000000010
1011001111001110000100111010111011000000000000000000000000000000000010
1011111101010111101000101010010011000000000000000000000000000000000010
1011100100010001000101011000101010000000000000000000000000000000000010
1010111101111110011000101000011100100000000000000000000000000000000010
1010000000000100100010101111000100100000000000000000000000000000000010
1011111110110101111010100100110010000000000000000000000000000000000010
1010010111000100001001101000001110100000000000000000000000000000000010
1011011111011100110000111000100000000000000000000000000000000000000010
1010000111001011000010101001110111100000000000000000000000000000000010
1010100001111111100010001101000010100000000000000000000000000000000010
1010000010001000001010111110110110100000000000000000000000000000000010
1011000001101101110000010010000011000000000000000000000000000000000010
1011010110100100111100011010100011000000000000000000000000000000000010
1010110110100010111010001111110000000000000000000000000000000000000010
1010001110011010110101000101111110000000000000000000000000000000000010
1011001111111101011001000011100001000000000000000000000000000000000010
1011001000011110010101101001000111000000000000000000000000000000000010
1011111010011111101110101001100001100000000000000000000000000000000010
1010011100001101001111011011111011000000000000000000000000000000000010
1011101100101011101000011000111001000000000000000000000000000000000010
1010111011000100001000111001110000100000000000000000000000000000000010
1011101010110101100110100001000110100000000000000000000000000000000010
1011110000100111111001010011010111000000000000000000000000000000000010
1011110001101110101000000001001011000000000000000000000000000000000010
1011000010101000100011111010111111100000000000000000000000000000000010
1010000111011101101111001000111110100000000000000000000000000000000010
1011110100010100101011111110111111000000000000000000000000000000000010
1011011101100010001011001110101000100000000000000000000000000000000010
1011000111111000110100001000110110000000000000000000000000000000000010
1011110111010100111111111110010100100000000000000000000000000000000010
1011001001111010100001111101011110100000000000000000000000000000000010
1010011111110101011111011011001001100000000000000000000000000000000010
1011001011001111001010111111110010000000000000000000000000000000000010
1011110110100111110000110011000011100000000000000000000000000000000010
1010001011001101111111010000001001100000000000000000000000000000000010
1011100100110110110111001001100010100000000000000000000000000000000010
1010010010100001001000110001110010100000000000000000000000000000000010
1010110000101111011001011101011000100000000000000000000000000000000010
1011010001000001110101010111011011100000000000000000000000000000000010
1011010110111111000111101101000000000000000000000000000000000000000010
1010100001101011010000101111110100100000000000000000000000000000000010
1010011011011100101100101001111011000000000000000000000000000000000010
1010001010011000110100111100110011000000000000000000000000000000000010
1010111000101100111010111000101111100000000000000000000000000000000010
1010111000101100111010111000101111100000000000000000000000000000000010
1011111110010100110111101000001010000000000000000000000000000000000010
1010001000001001001010001001100110100000000000000000000000000000000010
1010011111100111000010101000001011000000000000000000000000000000000010
1011110000001001100001110011110000100000000000000000000000000000000010
1011101100111101111000000011011001000000000000000000000000000000000010
1010001110100000111000000101001101100000000000000000000000000000000010
1011011011000101000000101011110111100000000000000000000000000000000010
1010001001000000111111110100101011100000000000000000000000000000000010
1010011110110000001100010000011100100000000000000000000000000000000010
1010110101011011000010011111011011100000000000000000000000000000000010
1010110001111111110011001001001111100000000000000000000000000000000010
1010110101010001011100100111001010100000000000000000000000000000000010
1010110111111011110000010110011111000000000000000000000000000000000010
1011000000010111100011101000110110000000000000000000000000000000000010
1010110100010101001001111000010001100000000000000000000000000000000010
1011111010111001100000110100001000100000000000000000000000000000000010
1010001111110011111001100110000011000000000000000000000000000000000010
1011001011010010011000000101100111100000000000000000000000000000000010
1010110001000010111010110101000001100000000000000000000000000000000010
1010011010101010100011101111001111100000000000000000000000000000000010
1011010111011000110001100011001001000000000000000000000000000000000010
1011010110101001001101110111110110100000000000000000000000000000000010
1011010100000001111000101110000011100000000000000000000000000000000010
1011011001010000100101001110110111100000000000000000000000000000000010
1010010010111100011100010100000101000000000000000000000000000000000010
1010000110111011110010101001110001100000000000000000000000000000000010
1011011011101111101110100001011001100000000000000000000000000000000010
1011001010011110111100110111100011100000000000000000000000000000000010
1010011001011010111011100001010001000000000000000000000000000000000010
1010000000101010101001110011111110100000000000000000000000000000000010
1010111000100001010100001000000000000000000000000000000000000000000010
1010001001100010010111011101101000100000000000000000000000000000000010
1011101011011101000100010100000100000000000000000000000000000000000010
1010011100010010011111000111110111000000000000000000000000000000000010
1010001111110010111010110011000001100000000000000000000000000000000010
1011011011000101110010011011011011000000000000000000000000000000000010
1010011010111001110100001011101101100000000000000000000000000000000010
1010010100000000001101001100010100100000000000000000000000000000000010
1011010111110110110010001010101010000000000000000000000000000000000010
1010100001010001010111100001111101000000000000000000000000000000000010
1011111110000000011101010100100101000000000000000000000000000000000010
1011000101100011110100101011111111100000000000000000000000000000000010
1011010100010001010110100011101110100000000000000000000000000000000010
1010011010000110000001111000110001100000000000000000000000000000000010
1010110110101010101101110011000000100000000000000000000000000000000010
1011110111000101000101110111000001100000000000000000000000000000000010
1011111111010111110100110001011000100000000000000000000000000000000010
1010110111111000001101110011101000000000000000000000000000000000000010
1011011110000111010010100010011000000000000000000000000000000000000010
1010001010111010111101110111010101100000000000000000000000000000000010
1011110100101011100010100000000010000000000000000000000000000000000010
1011011101101101100111111011101111100000000000000000000000000000000010
1010001001100001011000001010000111000000000000000000000000000000000010
1011000100100100000000110110011110100000000000000000000000000000000010
1011111110011011001010000101100010100000000000000000000000000000000010
1010000100010101011110100111100000000000000000000000000000000000000010
1010110110001101010000010000010110000000000000000000000000000000000010
1010110110001111101101111101110011000000000000000000000000000000000010
1011111101111101011101100111001000000000000000000000000000000000000010
1010000001110000011010111100010001100000000000000000000000000000000010
1011100111001011011110110011001110000000000000000000000000000000000010
1011010110001000111111000111001111100000000000000000000000000000000010
1010000110100111000100100011010000100000000000000000000000000000000010
1010001000000100001110111111110001000000000000000000000000000000000010
1010011100010011011100101000001100000000000000000000000000000000000010
1011111011110100011101001001111011000000000000000000000000000000000010
1010101011110011110000000010010110000000000000000000000000000000000010
1011011011101010000000000011011100100000000000000000000000000000000010
1011001100011000110101101001100011000000000000000000000000000000000010
1010001000101110011010011101111011000000000000000000000000000000000010
1011110000111001100000101111110010100000000000000000000000000000000010
1011110101000100010110111111000011100000000000000000000000000000000010
1010010111010111111010011110000111000000000000000000000000000000000010
1010111000000111110011011100011000100000000000000000000000000000000010
1010000100000111011100101001110001000000000000000000000000000000000010
1011000011111000111011111001000101000000000000000000000000000000000010
1010010111100000011100000010101111100000000000000000000000000000000010
1010000000111001111111011011101001100000000000000000000000000000000010
1010011110001110100011010111110001000000000000000000000000000000000010
1011111010100000111001001111110110000000000000000000000000000000000010
1011001110001111110000100000000110100000000000000000000000000000000010
1010111110101000010001000111001011100000000000000000000000000000000010
1010111001111000111010100000111110000000000000000000000000000000000010
1011111011100100110010000100010011100000000000000000000000000000000010
1011111111001001001001010000100011000000000000000000000000000000000010
1011011011010000110101010101010001100000000000000000000000000000000010
1011100100010101111011010100100101000000000000000000000000000000000010
1010010111111001010001010110111110100000000000000000000000000000000010
1011111101010111111100000010010010000000000000000000000000000000000010
1010101010011011100010011111111111100000000000000000000000000000000010
1011011110001110110101101001111001100000000000000000000000000000000010
1011100011111111010000000001001001000000000000000000000000000000000010
1011010000010100111000100010011010000000000000000000000000000000000010
1011001011011100010010000111111001100000000000000000000000000000000010
1010001010000110011000010101000100000000000000000000000000000000000010
1011010101011111010000101010111000000000000000000000000000000000000010
1010111110010111010110001100111110000000000000000000000000000000000010
1011110011001110001110101001111101100000000000000000000000000000000010
1010110000110011111010010010001010000000000000000000000000000000000010
1010000010100111000100001100010101100000000000000000000000000000000010
1010110111001110101100100100011101100000000000000000000000000000000010
1011001110100100010101110111110101100000000000000000000000000000000010
1011110111100011101100110100101000100000000000000000000000000000000010
1011001000000010000101011000011011000000000000000000000000000000000010
1010110111001110101100100100011101100000000000000000000000000000000010
1010011011011001000110010011101111100000000000000000000000000000000010
1010000101101100101010100100100000000000000000000000000000000000000010
1010111011011111101101001111111011000000000000000000000000000000000010
1011011011110100110101111110000000000000000000000000000000000000000010
1011100111010100010010100001011101000000000000000000000000000000000010
1011101111000111101001110111011001000000000000000000000000000000000010
1011111110110010000000000111110111100000000000000000000000000000000010
1011011110011100010010001001010010100000000000000000000000000000000010
1010100011100011010001000000110101000000000000000000000000000000000010
1011001101011000010010011000000001000000000000000000000000000000000010
1011000001010011011011011100011101100000000000000000000000000000000010
1011111111000110011010001110000011000000000000000000000000000000000010
1011101100011100001111110101101111100000000000000000000000000000000010
1011001101001110010011000101101011100000000000000000000000000000000010
1010001011001100011101110111011001100000000000000000000000000000000010
1011010011001111101101111111110011100000000000000000000000000000000010
1011011101101110011111111011011001100000000000000000000000000000000010
1011001010101111010100101100000000000000000000000000000000000000000010
1011110010011001111010101110001010000000000000000000000000000000000010
1011011111000111101000001010111000000000000000000000000000000000000010
1010101000100100100011101001000011000000000000000000000000000000000010
1010111011100011111010011011001101100000000000000000000000000000000010
1010111011000100000110110011111000100000000000000000000000000000000010
1011101010110011111111001111011010000000000000000000000000000000000010
1010010110111001110010010010100011100000000000000000000000000000000010
1011110110110010100101111111101010100000000000000000000000000000000010
1010100100001101101100110100011110000000000000000000000000000000000010
1011001100110101100010100010010111100000000000000000000000000000000010
1011101000101111000000110010001111100000000000000000000000000000000010
1011011101010011001010000111010101100000000000000000000000000000000010
1010101000100100100110001111111100000000000000000000000000000000000010
1010101111010010101110010101011101100000000000000000000000000000000010
1011010000000000111101000011001101000000000000000000000000000000000010
1010011100000011111001110100010101000000000000000000000000000000000010
1011110011010000111101000011001111000000000000000000000000000000000010
1011011111100101100011001110001111000000000000000000000000000000000010
1011100010010000101100011101110110100000000000000000000000000000000010
1011110000010101111101100001001010100000000000000000000000000000000010
1011101101000001101111000110111011100000000000000000000000000000000010
1011111110010111111000110000101101000000000000000000000000000000000010
1011011111011100011111000000101010100000000000000000000000000000000010
1011110001001100011010001000100010100000000000000000000000000000000010
1011010000110100100110100001000101000000000000000000000000000000000010
1011011111101001110011000000001111000000000000000000000000000000000010
1010101111101010110010110001000001100000000000000000000000000000000010
1011110101010010111011010000110110000000000000000000000000000000000010
1011001100010110000111010000011010000000000000000000000000000000000010
1010100010111100010111101010000110000000000000000000000000000000000010
1011010000111010001101111011110010100000000000000000000000000000000010
1010101111101001011001101100101101100000000000000000000000000000000010
1010001011011010011111010010111111000000000000000000000000000000000010
1011000101011101100010100100101000000000000000000000000000000000000010
1010100010100011101001000001011111100000000000000000000000000000000010
1011000111100111111010010101110111000000000000000000000000000000000010
1010000101100011000101010011111011000000000000000000000000000000000010
1011111110111110000001010100001010000000000000000000000000000000000010
1010010001010101101110001001101001000000000000000000000000000000000010
1010111000111001010001000101000011100000000000000000000000000000000010
1011110011111110101001100011101110100000000000000000000000000000000010
1011110101110100111111000000111010000000000000000000000000000000000010
1010111000010010100010000101111111000000000000000000000000000000000010
1011110111010001101000001011001000000000000000000000000000000000000010
1010100100100010111111111001111001000000000000000000000000000000000010
1010110100110111101001100010101101000000000000000000000000000000000010
1011000000000011100101101010110111100000000000000000000000000000000010
1011101010010101100000110100010001100000000000000000000000000000000010
1010000000001000010110101000111100000000000000000000000000000000000010
1011011110011110100101110111011000000000000000000000000000000000000010
1011010011000101001111100111100111000000000000000000000000000000000010
1011110111010101110010010111100111000000000000000000000000000000000010
1010001101000001111011000100101010100000000000000000000000000000000010
1011111001000111110010000100101011100000000000000000000000000000000010
1010000010111110010011101100111100000000000000000000000000000000000010
1011110111110101111000001101101111000000000000000000000000000000000010
1011010111110111100001101001111111000000000000000000000000000000000010
1011001000111111010100000010001011100000000000000000000000000000000010
1011010101001000000000001001000001000000000000000000000000000000000010
1011110011101100110010100111000010100000000000000000000000000000000010
1010110011000111100101011100111000000000000000000000000000000000000010
1010111111110011110001100100011011000000000000000000000000000000000010
1010011101101001001001011100101001100000000000000000000000000000000010
1011011000100000010110010010101000000000000000000000000000000000000010
1010000010001100100001100110011010100000000000000000000000000000000010
1010000111011101101111010110010011000000000000000000000000000000000010
1010000111001001001110100000110011100000000000000000000000000000000010
1011101010101011001000001001001010000000000000000000000000000000000010
1010100001000011000101101111011111100000000000000000000000000000000010
1011010011101011111011100000111111100000000000000000000000000000000010
1011010100101110010011101111101001100000000000000000000000000000000010
1010100001101100111000101100111101000000000000000000000000000000000010
1010100000110110001101100111011000100000000000000000000000000000000010
1011011000011110010101110100010110100000000000000000000000000000000010
1011000011111101010110100010110000100000000000000000000000000000000010
1010101111100011111110101110000011100000000000000000000000000000000010
1010000001010111101010101011011100100000000000000000000000000000000010
1010010011011100111000010010010010000000000000000000000000000000000010
1010110100001010011110110111110011000000000000000000000000000000000010
1010110100100110010000000101110010000000000000000000000000000000000010
1010011001001000101001100101001010000000000000000000000000000000000010
1011010001010110110001111000101000100000000000000000000000000000000010
1010110001010111110001101010101111100000000000000000000000000000000010
1011100100000001111000110001011010000000000000000000000000000000000010
1010111100001100100011100111010111100000000000000000000000000000000010
1011001001001010110001100101101111000000000000000000000000000000000010
1010001101100110110010010101000110000000000000000000000000000000000010
1011101001010010101100000101000001100000000000000000000000000000000010
1011000000001000001110010101111000000000000000000000000000000000000010
1010011100111111101011000011001000000000000000000000000000000000000010
1011101000000010011111111011100000000000000000000000000000000000000010
1010101010101011100010101000100001000000000000000000000000000000000010
1010000000110001000000100100111110000000000000000000000000000000000010
1011111001001111111000000001010110100000000000000000000000000000000010
1011100000100110000111111010111100100000000000000000000000000000000010
1011110000100001010100100001110010100000000000000000000000000000000010
1011000111001110100101111111100110000000000000000000000000000000000010
1010101101011101000100110100010000100000000000000000000000000000000010
1011100010000001000011101101101000100000000000000000000000000000000010
1011101101010001110101010001101001000000000000000000000000000000000010
1011100001110000010001101011101111000000000000000000000000000000000010
1010011000111111110000110001110011000000000000000000000000000000000010
1010001111101001010111101000110011100000000000000000000000000000000010
1011010111110100001000110101001010000000000000000000000000000000000010
1010100011011001001011110001011000100000000000000000000000000000000010
1011001101011101001100001011110000000000000000000000000000000000000010
1010011100011000001100010000000110100000000000000000000000000000000010
1010001000101101111010001100000010100000000000000000000000000000000010
1011000000010010000111101101011110100000000000000000000000000000000010
1011110111110101110000000000001000000000000000000000000000000000000010
1011100011000000100100010010010010000000000000000000000000000000000010
1011011010101111111100110110010011100000000000000000000000000000000010
1010000111011011000011110101000111000000000000000000000000000000000010
1011100101111000000110100000001101100000000000000000000000000000000010
1010001010000010000110010000110010000000000000000000000000000000000010
1011000111101101111101101001101110100000000000000000000000000000000010
1011000010110110100111111101111111100000000000000000000000000000000010
1011110001110001101001001000100100100000000000000000000000000000000010
1011000001111001100111001010111011100000000000000000000000000000000010
1010110111111101110101000001001000000000000000000000000000000000000010
1011001010011001000001011101111010100000000000000000000000000000000010
1011110110000000011110100011000001000000000000000000000000000000000010
1011000000101110000110001101101011100000000000000000000000000000000010
1010001101101111011001001001010010000000000000000000000000000000000010
1011000101110100010110010100110100100000000000000000000000000000000010
1011101011010011100010000101100100000000000000000000000000000000000010
1011010101111110101011111100101111000000000000000000000000000000000010
1011111110010110111000101111111100000000000000000000000000000000000010
1011000111111001000001011001011111000000000000000000000000000000000010
1011101100110100011100100110000011000000000000000000000000000000000010
1011100111001011110110110011101010000000000000000000000000000000000010
1011110110111111101011001000111100000000000000000000000000000000000010
1011110110110000100011101011111110100000000000000000000000000000000010
1010010011111101110110011001011000100000000000000000000000000000000010
1010011101000011100100101111001000100000000000000000000000000000000010
1011101110001000101000000100010011100000000000000000000000000000000010
1011100001101000011101101100000111000000000000000000000000000000000010
1010011011000010010111110111000011000000000000000000000000000000000010
1010010000110010000010110101101110100000000000000000000000000000000010
1010000100100110011111000000101100000000000000000000000000000000000010
1010010100010010110100100011101000000000000000000000000000000000000010
1010011111001001100011010000000011000000000000000000000000000000000010
1010001110011100000001110010010111100000000000000000000000000000000010
1011101110001111001000100011010100100000000000000000000000000000000010
1011101110100000000001000011111101100000000000000000000000000000000010
1010101100001110101100000010000001000000000000000000000000000000000010
1010010111101011010001111011100010000000000000000000000000000000000010
1010111111011111001000111010110111000000000000000000000000000000000010
1011001101001110010011010011111011100000000000000000000000000000000010
1011110011011110110101001001101001000000000000000000000000000000000010
1010100100100101011100001100011110000000000000000000000000000000000010
1011111011100011011010101101011000100000000000000000000000000000000010
1011000111001001010111010011001111100000000000000000000000000000000010
1010110011100010100011101010110001000000000000000000000000000000000010
1010110000000111011110110110001110100000000000000000000000000000000010
1010110011110101001011010000111100000000000000000000000000000000000010
1011100010100000010101110001111001000000000000000000000000000000000010
1011100110011010000111001011111011000000000000000000000000000000000010
1011000011101100001100011011011111100000000000000000000000000000000010
1011011100110000000000000111010110100000000000000000000000000000000010
1011100011000010000010101111111010100000000000000000000000000000000010
1010000110001010111101001101011110000000000000000000000000000000000010
1011010001000010100111001110001011000000000000000000000000000000000010
1011000010110011100100010010110101000000000000000000000000000000000010
1010000011000000000101111011011111100000000000000000000000000000000010
1010010001000011111010000000100101000000000000000000000000000000000010
1010100001000000100100001110011111100000000000000000000000000000000010
1011011101111010001101101001000011100000000000000000000000000000000010
1010100001011110000110110011101101100000000000000000000000000000000010
1010101111100011010001100100100100000000000000000000000000000000000010
1011100001000110110010001111011011100000000000000000000000000000000010
1010111011010001010000010110001100000000000000000000000000000000000010
1011010010001011100001010010000101100000000000000000000000000000000010
1011111000011001010000011000100100100000000000000000000000000000000010
1010011100011100011100001110001111100000000000000000000000000000000010
1010111010111101110111100000100100100000000000000000000000000000000010
1010000010110001111011110100010011000000000000000000000000000000000010
1010011111000001000000100111000010100000000000000000000000000000000010
1010101000011101101111001111110101000000000000000000000000000000000010
1011100111100101011001001000000001000000000000000000000000000000000010
1010000010010001010100101100111010000000000000000000000000000000000010
1010001101101110111001110101001111000000000000000000000000000000000010
1010110010100000100111001100001101000000000000000000000000000000000010
1011100111010110010101000000001000100000000000000000000000000000000010
1010001101010100011101010100010111000000000000000000000000000000000010
1011010100011111101111101010011011100000000000000000000000000000000010
1010000101101110100001010000110100100000000000000000000000000000000010
1011111110010001111010101010010110000000000000000000000000000000000010
1011110000000100111001010000011111100000000000000000000000000000000010
1011100010100111111000000000100010000000000000000000000000000000000010
1011101100011111100011011111111011100000000000000000000000000000000010
1011010100111110111010100010011000000000000000000000000000000000000010
1010001010111100000010100010100111000000000000000000000000000000000010
1010101110100111111111100100000011000000000000000000000000000000000010
1010001000011001110101101010111011000000000000000000000000000000000010
1011100000111110101011011001000110000000000000000000000000000000000010
1011100110110111111100110110101000000000000000000000000000000000000010
1010110000100101101010111101011001000000000000000000000000000000000010
1011011110011101100101011010100001100000000000000000000000000000000010
1010001010110111111000000000100000100000000000000000000000000000000010
1011100011011110001011000001100101000000000000000000000000000000000010
1010111101010001111100001110100000000000000000000000000000000000000010
1010110001100010101011000010101001000000000000000000000000000000000010
1010111111010010111011110000101011100000000000000000000000000000000010
1010001011111110011000001001010010100000000000000000000000000000000010
1010010111001011000000010001001000100000000000000000000000000000000010
1011000010001000010011110011000011100000000000000000000000000000000010
1011001001101010111100000110001011000000000000000000000000000000000010
1010010101111100000001110110111110000000000000000000000000000000000010
1011100000100011100000110000000010000000000000000000000000000000000010
1011000100100000111101110111110111000000000000000000000000000000000010
1011101000011110100110011100001000000000000000000000000000000000000010
1011000001101110100110010101101110000000000000000000000000000000000010
1011011111000101101110111001011111100000000000000000000000000000000010
1011101011010111110101001010101000000000000000000000000000000000000010
1010011111010110011010011011000000100000000000000000000000000000000010
1011100110101110111110100101001011100000000000000000000000000000000010
1010101101101001101010100001100110100000000000000000000000000000000010
1011001000101011000011111000100100000000000000000000000000000000000010
1011101110111001111111011010110010000000000000000000000000000000000010
1010110110001010101111111100011011100000000000000000000000000000000010
1010011101010001111110010000110010100000000000000000000000000000000010
1010001000000001000100110000111100100000000000000000000000000000000010
1011111101001110011101100000010010000000000000000000000000000000000010
1010011001000001101111011011101100000000000000000000000000000000000010
1010111000111011100011011101011001100000000000000000000000000000000010
1010010000001011100001101001110111000000000000000000000000000000000010
1011100010011001100100101001100010000000000000000000000000000000000010
1010001101011110110101111001110000000000000000000000000000000000000010
1011110101010000010110001111001001100000000000000000000000000000000010
1010101010000011010110000101101001100000000000000000000000000000000010
1010101111100111110100100101000100100000000000000000000000000000000010
1011000111011101110010111000101011000000000000000000000000000000000010
1011110101111001110000110010100101000000000000000000000000000000000010
1010101101000001110100100011100011000000000000000000000000000000000010
1010000110110100110111001011001111100000000000000000000000000000000010
1010010111001100001110100110010110000000000000000000000000000000000010
1010100101111011110000100111000110100000000000000000000000000000000010
1011000010001100000001001101111111100000000000000000000000000000000010
1011011100011101011110000010011110000000000000000000000000000000000010
1010111111001001000100111111011101000000000000000000000000000000000010
1010101111011111101011010010011110000000000000000000000000000000000010
1010000000010101011001110000101001100000000000000000000000000000000010
1010100111101011010000100101110000100000000000000000000000000000000010
1010011100011101011101110101110110100000000000000000000000000000000010
1010101000000001100001011111111000000000000000000000000000000000000010
1010110111011101000100110110101000100000000000000000000000000000000010
1011101011011011011111111101001010100000000000000000000000000000000010
1011010001000010010110110101110011000000000000000000000000000000000010
1010111010100110110100010010010010000000000000000000000000000000000010
1010001111010001000111111110011111000000000000000000000000000000000010
1011010100000100001000100110100001100000000000000000000000000000000010
1010100110011101001100010001011000100000000000000000000000000000000010
1011101100101001111111100101000000000000000000000000000000000000000010
1011011100110001101101001110000100100000000000000000000000000000000010
1010111110111111101011100111110000000000000000000000000000000000000010
1011111111010010000101001111101011100000000000000000000000000000000010
1010010110110111110111011001000011000000000000000000000000000000000010
1011010010010000000110001001101111000000000000000000000000000000000010
1011101001100010101100100110100100000000000000000000000000000000000010
1011111111010000001011111101001101000000000000000000000000000000000010
1011011111101101110101100010011100000000000000000000000000000000000010
1010011010000100001111000000111111000000000000000000000000000000000010
1011100101100110000101011010110000000000000000000000000000000000000010
1010001001001100010001000111110011100000000000000000000000000000000010
1010111010101110000000010000101010100000000000000000000000000000000010
1010000001001110010100110011101111000000000000000000000000000000000010
1010101101001111111010000001111000000000000000000000000000000000000010
1010100101000101110101110011000101000000000000000000000000000000000010
1010111000001111110000011000001001100000000000000000000000000000000010
1010101000001100011100111001010100000000000000000000000000000000000010
1011010100101000110010100101000000100000000000000000000000000000000010
1011011010000100010100111001111010100000000000000000000000000000000010
1011110100100101111111011011000010100000000000000000000000000000000010
1011001110101100111111111010010101000000000000000000000000000000000010
1011110010100010100011110011001010100000000000000000000000000000000010
1010110110000000010000010101100111000000000000000000000000000000000010
1011111110100010100001000101000001000000000000000000000000000000000010
1010001011010110000110001100110101100000000000000000000000000000000010
1011110000110011011010010111011100000000000000000000000000000000000010
1010011010101110011101101101011000000000000000000000000000000000000010
1011111100011111001000100000000110000000000000000000000000000000000010
1011000111010100101010010001110111000000000000000000000000000000000010
1011010101001111010000000000100100000000000000000000000000000000000010
1011000111000010101011010010111101100000000000000000000000000000000010
1010101111111010101111011000110010000000000000000000000000000000000010
1011100111000110110111100000001100100000000000000000000000000000000010
1011110010100101110000010101001010100000000000000000000000000000000010
1010000000011000110011100001110010100000000000000000000000000000000010
1011100001000111110010011101000101000000000000000000000000000000000010
1010101111001110100010111001010101100000000000000000000000000000000010
1011110010101101101111010011000010100000000000000000000000000000000010
1011001011000101110001011011100011100000000000000000000000000000000010
1011100111110001010001100000010010000000000000000000000000000000000010
1011011000100010001000110111100111100000000000000000000000000000000010
1010011111011011100101010010011100000000000000000000000000000000000010
1010000010110010001000110111101000000000000000000000000000000000000010
1011101011011111111000001000000001000000000000000000000000000000000010
1011001101001011111010110110101101000000000000000000000000000000000010
1010001000101110011001110000010101100000000000000000000000000000000010
1010011010001011100001001011110110000000000000000000000000000000000010
1011001111110110011101100011000000000000000000000000000000000000000010
1010100100111110010100001111101110000000000000000000000000000000000010
1011100000110001001111110000010011100000000000000000000000000000000010
1011000010011101110001101001000011000000000000000000000000000000000010
1011011010101101111011111010010101000000000000000000000000000000000010
1011001110101100111111111010010101000000000000000000000000000000000010
1011111110010010110110000001010101000000000000000000000000000000000010
1011101100000101010010001101011111000000000000000000000000000000000010
1011010101101000100110000011110010100000000000000000000000000000000010
1010000001001000001111001101000011100000000000000000000000000000000010
1010001011011101101011100110010011000000000000000000000000000000000010
1010001011010010101111101111101110000000000000000000000000000000000010
1010011110011111110011010010100101100000000000000000000000000000000010
1011110111101100010001101100110110100000000000000000000000000000000010
1010011000110110110010000001110001000000000000000000000000000000000010
1011000010000011110011100111110110000000000000000000000000000000000010
1011101111100011101100100000001110000000000000000000000000000000000010
1010110110010010011111111101111110100000000000000000000000000000000010
1011100101100000111101100001110110000000000000000000000000000000000010
1011011011001000011111111010011110000000000000000000000000000000000010
1010111111011101111011011010010100100000000000000000000000000000000010
1010100010111100010111100101010101000000000000000000000000000000000010
1011000011100011011110110111010001000000000000000000000000000000000010
1011000001000100011001011110100111100000000000000000000000000000000010
1010110110001101000010000101100000100000000000000000000000000000000010
1010001111100110010000110111010111100000000000000000000000000000000010
1011110110010100101011000101110000000000000000000000000000000000000010
1011001011110110001100010110011011000000000000000000000000000000000010
1010010100000001110000001100100001000000000000000000000000000000000010
1011000110100001000110111110111001000000000000000000000000000000000010
1011011110100110111000100100000100100000000000000000000000000000000010
1010000011101000110000111101100001100000000000000000000000000000000010
1010011111101010100000101100110100100000000000000000000000000000000010
1010111011110110000110101000101100000000000000000000000000000000000010
1011111000110000011001010100111110100000000000000000000000000000000010
1011111111000100011010110111111111100000000000000000000000000000000010
1010101011101011111101000001011001100000000000000000000000000000000010
1010101011110000011010111111101110000000000000000000000000000000000010
1011010011000001100000000010100011100000000000000000000000000000000010
1010001111000010000110000010010100000000000000000000000000000000000010
1011011001001000001101000011000011000000000000000000000000000000000010
1011001111101010101010111100111101100000000000000000000000000000000010
1011111101110110101101100011100111100000000000000000000000000000000010
1011110011001110011011000011000011000000000000000000000000000000000010
1010111010001001111110001011100001100000000000000000000000000000000010
1011010111111000000001011010011111100000000000000000000000000000000010
1010010001001101110001010010000000100000000000000000000000000000000010
1010001101011010010111001111001101100000000000000000000000000000000010
1011010110011010100001101011101000000000000000000000000000000000000010
1011101000000000111011101010111000100000000000000000000000000000000010
1011100110000001101010100100101100100000000000000000000000000000000010
1010100000011001001011110110001001100000000000000000000000000000000010
1010110110100111001110100000001011000000000000000000000000000000000010
1010011011110100001010001111101001100000000000000000000000000000000010
1010000111111000010101100001011011100000000000000000000000000000000010
1010110000001001000100000111000001100000000000000000000000000000000010
1011011100001101000000000011100111100000000000000000000000000000000010
1010111010110101100100010100011011100000000000000000000000000000000010
1011111011110110000001000000001010000000000000000000000000000000000010
1010000110010001010011100000110011000000000000000000000000000000000010
1010001101001110111101010010100000000000000000000000000000000000000010
1010000101000110100001000011101101100000000000000000000000000000000010
1010000110011001010001001010110101000000000000000000000000000000000010
1010000010100010010011100111110111000000000000000000000000000000000010
1010011001010011001010111100101001000000000000000000000000000000000010
1010111001001110101010011100111001100000000000000000000000000000000010
1011110110111101000001000000000000100000000000000000000000000000000010
1011001110011001110010110101101110100000000000000000000000000000000010
1010110101011110101011000101011101000000000000000000000000000000000010
1010001011001101100100111011111110000000000000000000000000000000000010
1011001111110010011001100100000011000000000000000000000000000000000010
1010110001000101011100111100101001000000000000000000000000000000000010
1010101001001100100000001100010010100000000000000000000000000000000010
1010000000110101100010000101100111000000000000000000000000000000000010
1011111110111100111111110010010010000000000000000000000000000000000010
1010010100110011000100011100010001000000000000000000000000000000000010
1011110001000111011000110010010100000000000000000000000000000000000010
1011001111101100101100011110111111100000000000000000000000000000000010
1011101001111101001001011100100001100000000000000000000000000000000010
1011001010010100000011110110101111100000000000000000000000000000000010
1010111111101100100011101000000000000000000000000000000000000000000010
1011001111101001001010100001110110100000000000000000000000000000000010
1010100110011100010010100000010001100000000000000000000000000000000010
1010110010110011101100111001110111100000000000000000000000000000000010
1010110000111101100011111001001011100000000000000000000000000000000010
1010001011110100010111100101100110000000000000000000000000000000000010
1011101001011000111100100111110101100000000000000000000000000000000010
1011011111100110001101101011010111100000000000000000000000000000000010
1011111101011001111000101111011011100000000000000000000000000000000010
1010011000000100000101011010011111000000000000000000000000000000000010
1011000001111010100001001001010100100000000000000000000000000000000010
1011001100101101011110101111001001100000000000000000000000000000000010
1010111001000111110011010011101000000000000000000000000000000000000010
1010000000001010111001011101101011000000000000000000000000000000000010
1010110011100011111001001111101001000000000000000000000000000000000010
1011001010001110001100011011110001100000000000000000000000000000000010
1011111100100111101100001101011010000000000000000000000000000000000010
1010011110101010010101101111101101000000000000000000000000000000000010
1011101101100000100111000010100000000000000000000000000000000000000010
1010011100010000100111111000101000100000000000000000000000000000000010
1010111110001100000100111000010000100000000000000000000000000000000010
1011011111100100110001000101110010100000000000000000000000000000000010
1011101101111100111000100010001111100000000000000000000000000000000010
1010110000101000100111010011000011100000000000000000000000000000000010
1011011111110001110000001100101000000000000000000000000000000000000010
1011010010000000000101011010111001100000000000000000000000000000000010
1010001011011111100001000001101000100000000000000000000000000000000010
1011010011110001001001100111000010100000000000000000000000000000000010
1011010011011001011011100000111111100000000000000000000000000000000010
1010100010000011010001110010001011100000000000000000000000000000000010
1011111010100111111100100111000110000000000000000000000000000000000010
1010010101011101011110011100111001100000000000000000000000000000000010
1010110010110011011000110011011001100000000000000000000000000000000010
1010011110101100010011011110100100100000000000000000000000000000000010
1011000001111011000011001010110001000000000000000000000000000000000010
1011110001011000110001101110101110000000000000000000000000000000000010
1011110011100001010000100101010111100000000000000000000000000000000010
1011100110101010100011011110110111100000000000000000000000000000000010
1011101001011101110100000100001100000000000000000000000000000000000010
1011001001111101001111011011111001000000000000000000000000000000000010
1010011011100100011110011110011100000000000000000000000000000000000010
1010001101000100000000001101101101100000000000000000000000000000000010
1011001000111100011101010111011000100000000000000000000000000000000010
1010110000100001100001110111000010100000000000000000000000000000000010
1011010010000101100100010110001001100000000000000000000000000000000010
1011001100000111001001001001110011100000000000000000000000000000000010
1010111000100111110100000001111001100000000000000000000000000000000010
1010101001101000000011000010101110100000000000000000000000000000000010
1010101101111111010000000001100010000000000000000000000000000000000010
1010100100001000010110010010111100000000000000000000000000000000000010
1010101101111111110100011000111001100000000000000000000000000000000010
1011110101101010111110100001110111000000000000000000000000000000000010
1010101010010101000100011000010111100000000000000000000000000000000010
1010110011110111001011000011101110100000000000000000000000000000000010
1011110000110111110110000010100001100000000000000000000000000000000010
1011000111101100010011000000101011100000000000000000000000000000000010
1011010011110010101000000100110000000000000000000000000000000000000010
1010110010000110110010111100111100000000000000000000000000000000000010
1010110010111000100011101011110001100000000000000000000000000000000010
1010111101100111110110000110000010000000000000000000000000000000000010
1010111000110010100001111011110000000000000000000000000000000000000010
1010000000001011110110010001011011100000000000000000000000000000000010
1011010111101101100100010100011100000000000000000000000000000000000010
1010000001101001001010001011100000000000000000000000000000000000000010
1010011000100001101001111001000110000000000000000000000000000000000010
1011101110001011010001111111111100100000000000000000000000000000000010
1011010011110011111110110001010011100000000000000000000000000000000010
1010011011011111110100010110000001000000000000000000000000000000000010
1010111111001101100011101101000111000000000000000000000000000000000010
1010011100010011000001111101011001000000000000000000000000000000000010
1011111110101111110111000101011100000000000000000000000000000000000010
1011100011010110001110110111010101100000000000000000000000000000000010
1010010110110111110100010001001010000000000000000000000000000000000010
1011011011101100101100111010001101000000000000000000000000000000000010
1011100110000110011111110110111010000000000000000000000000000000000010
1010100111101100100010010010110110000000000000000000000000000000000010
1011010000101010010100011001111101000000000000000000000000000000000010
1011010010000011101110001110101110000000000000000000000000000000000010
1010010000100110001010010010000100000000000000000000000000000000000010
1010011000101101101110110101110110100000000000000000000000000000000010
1011001000101000111100110100000001100000000000000000000000000000000010
1010110101000001111001011111110010000000000000000000000000000000000010
1011010010010000111101010110010101000000000000000000000000000000000010
1010000010010100111110011111101111000000000000000000000000000000000010
1011111110111010111010110110000010000000000000000000000000000000000010
1010101010000110101111001011000110000000000000000000000000000000000010
1011000100011111100010000101100000100000000000000000000000000000000010
1011100001000111001000101110100000100000000000000000000000000000000010
1010100111010011111010011010100100100000000000000000000000000000000010
1011000010101011001110111011101100000000000000000000000000000000000010
1010111110010001111000100111110010100000000000000000000000000000000010
1011010111000011100101110011001010100000000000000000000000000000000010
1011110111110011000001100110100001000000000000000000000000000000000010
1010101010001111010111001011111111000000000000000000000000000000000010
1011100111000111001010100000110101100000000000000000000000000000000010
1011000101111001011001001111011101100000000000000000000000000000000010
1011010110000000110001010010001101100000000000000000000000000000000010
1010100100000111001011000000100111000000000000000000000000000000000010
1011100010111111111010001100000101000000000000000000000000000000000010
1010110101101100111111101010101011100000000000000000000000000000000010
1010101011101100101001100100000000000000000000000000000000000000000010
1010101101001001000111000011111111100000000000000000000000000000000010
1011001100101010101000010101101000100000000000000000000000000000000010
1011010001001100001001101011000011000000000000000000000000000000000010
1010111101111001111011000010001100000000000000000000000000000000000010
1011010100101011110100110010111111100000000000000000000000000000000010
1010110110100011111001000101010011000000000000000000000000000000000010
1010100011000100100100000001110010000000000000000000000000000000000010
1010111011011001001100100001011000100000000000000000000000000000000010
1010001000010001000111111010111101000000000000000000000000000000000010
1010001101010100010010111001100011000000000000000000000000000000000010
1010001101110000000100110111010001000000000000000000000000000000000010
1011010001011001101100111100000010100000000000000000000000000000000010
1011011111100010000011011001001110100000000000000000000000000000000010
1011001111000010100110001000000000000000000000000000000000000000000010
1011100110110001001011111111011001100000000000000000000000000000000010
1011111101110101001101111010100100000000000000000000000000000000000010
1011101001011101101111101011010011100000000000000000000000000000000010
1010100110011100110000000101001011000000000000000000000000000000000010
1010000001110100000101000010111111000000000000000000000000000000000010
1011101011000011011010010011000100000000000000000000000000000000000010
1011111000101110000100101101110001000000000000000000000000000000000010
