1011110010111000101111100110111101100000000000000000000000000000000010
1010100010000101011110001100001001000000000000000000000000000000000010
1010010000100100110000000000000101100000000000000000000000000000000010
1011011101000101011011011110011111000000000000000000000000000000000010
1011111001111011100110101111111010000000000000000000000000000000000010
1010110011110100100101001010011111000000000000000000000000000000000010
1011100001100111011100100010001110100000000000000000000000000000000010
1011101111011011110011011101110111000000000000000000000000000000000010
1011010100100101100110101101110010000000000000000000000000000000000010
1010100101110111111000100001111110000000000000000000000000000000000010
1011111110101100101011000011011011000000000000000000000000000000000010
1011110000010110001001010110111101100000000000000000000000000000000010
1011101110100101111000101000001111000000000000000000000000000000000010
1011011001000010101011000111011010100000000000000000000000000000000010
1011011011100011101111010100010001100000000000000000000000000000000010
1011111101010100001011001100111110100000000000000000000000000000000010
1011000000010000111011110101110101100000000000000000000000000000000010
1010011000100100010111111111001100100000000000000000000000000000000010
1010010111101010010011101010100001100000000000000000000000000000000010
1010000000111010110011011000110111000000000000000000000000000000000010
1011111101110011001000110011110010000000000000000000000000000000000010
1011110000111111011111010011011100100000000000000000000000000000000010
1011010010001010010101111011111100100000000000000000000000000000000010
1011010110001011110100110100101011100000000000000000000000000000000010
1010111001010100010100001000001001100000000000000000000000000000000010
1010011011001000110001110001110100100000000000000000000000000000000010
1011110100000100010100111011011101000000000000000000000000000000000010
1010100000001101100110100110101101100000000000000000000000000000000010
1011111110000001001100001000011011100000000000000000000000000000000010
1010001101100110110110000111100100100000000000000000000000000000000010
1011111110110110010111011011011001100000000000000000000000000000000010
1010010000001110001000000111000011000000000000000000000000000000000010
1011111010110100100100111111111110000000000000000000000000000000000010
1011110100110010110100010101100100000000000000000000000000000000000010
1010110001111001101111100010010100000000000000000000000000000000000010
1010000010011000101111010111110000100000000000000000000000000000000010
1011101011101001100011110111100100000000000000000000000000000000000010
1011011001110100100000001100100100000000000000000000000000000000000010
1011110100011000101010110001001001100000000000000000000000000000000010
1010010001000000101000000111110010100000000000000000000000000000000010
1011101100111100000110010100110111100000000000000000000000000000000010
1011010111001000111111011010000001000000000000000000000000000000000010
1011111110111001101011111110101111100000000000000000000000000000000010
1010010010000101111111010110110011100000000000000000000000000000000010
1011111000111000110011000001100000100000000000000000000000000000000010
1011111110100011100101010001011100000000000000000000000000000000000010
1011111011010111101010011101111001000000000000000000000000000000000010
1010001010011100000011100111011011100000000000000000000000000000000010
1010101101001001000100000100011111100000000000000000000000000000000010
1010111101001011111000011011011111000000000000000000000000000000000010
1010100110000010100010101001111110100000000000000000000000000000000010
1010011000001011100001110001011100000000000000000000000000000000000010
1011111000011000100111010110010011000000000000000000000000000000000010
1010001010000000110001011001000110000000000000000000000000000000000010
1011111110010000110001000011010011000000000000000000000000000000000010
1010001010101110000010010100000100100000000000000000000000000000000010
1010001000011010000011101111110010000000000000000000000000000000000010
1011110101101100100010010110011111100000000000000000000000000000000010
1010011101110011100011000011111000000000000000000000000000000000000010
1011111000011110111100010011010011100000000000000000000000000000000010
1011001000110000000110011010001110100000000000000000000000000000000010
1010111110000110101000111010010101100000000000000000000000000000000010
1010001000000111100010010110100011000000000000000000000000000000000010
1011100011011100101110010111100010100000000000000000000000000000000010
1010011000101011111111111110000111100000000000000000000000000000000010
1010100100001000101100110110011110100000000000000000000000000000000010
1011100001010011100100010010000100100000000000000000000000000000000010
1010001100010001000101011100110010000000000000000000000000000000000010
1011010010011110010100000011001010000000000000000000000000000000000010
1010100000110010001011011100000110000000000000000000000000000000000010
1011001011010001100101110100100001100000000000000000000000000000000010
1011001111100100000101001110011100000000000000000000000000000000000010
1010100111100001110001011111001000000000000000000000000000000000000010
1010100010001100001001101100110111100000000000000000000000000000000010
1011101111101100111101011110001001000000000000000000000000000000000010
1011010010001100110011000111111100100000000000000000000000000000000010
1011000001000110010001001101000101100000000000000000000000000000000010
1011110010101111010011000000011101100000000000000000000000000000000010
1011000000001101010100101001110010100000000000000000000000000000000010
1011001011101111100111011010101001100000000000000000000000000000000010
1010100001100100100110000111100111000000000000000000000000000000000010
1010111100111100011101011111010010000000000000000000000000000000000010
1010100100011000100000100111111111100000000000000000000000000000000010
1011100001100111011001101111010010100000000000000000000000000000000010
1011010000100001101110111111100100100000000000000000000000000000000010
1011001100011000111011101101101010000000000000000000000000000000000010
1010101000011101110100110001111110100000000000000000000000000000000010
1010101110000011011111000011011001100000000000000000000000000000000010
1011001010010111100100111111010101100000000000000000000000000000000010
1010100100000011100010110001011001000000000000000000000000000000000010
1010110010011111011101000011110100000000000000000000000000000000000010
1010000011111011011111011110010000000000000000000000000000000000000010
1010101010011011100100000101110101100000000000000000000000000000000010
1010010100111000011011110011001000000000000000000000000000000000000010
1010100010111100110100100001110001100000000000000000000000000000000010
1011100111100000101101111100110010000000000000000000000000000000000010
1010111101001000101010100111100111000000000000000000000000000000000010
1010011001011010011000011000111011100000000000000000000000000000000010
1011010101110001110101110110100001100000000000000000000000000000000010
1011001010011000110100100010100001100000000000000000000000000000000010
1010011011101001100010100000111100000000000000000000000000000000000010
1010010010011001100101000000000011100000000000000000000000000000000010
1010101001100001110110010110101110000000000000000000000000000000000010
1011001010111100100001100111011101100000000000000000000000000000000010
1010101001110010001011101010110100100000000000000000000000000000000010
1010111010110100001101011011010000100000000000000000000000000000000010
1010000000000001100001011101011011100000000000000000000000000000000010
1011100110110010101101101001110000000000000000000000000000000000000010
1011100001011001101000011010111000100000000000000000000000000000000010
1011011110001110111100010100100111000000000000000000000000000000000010
1010111000101001110001111001110110100000000000000000000000000000000010
1011001001100011111011111100010100100000000000000000000000000000000010
1010110110110111100101101010110010100000000000000000000000000000000010
1010011110011100001010101110010110000000000000000000000000000000000010
1010001011111010011000111010100110100000000000000000000000000000000010
1011111000101001001100100101001010000000000000000000000000000000000010
1010110100000111000010110110010110100000000000000000000000000000000010
1010010101100001000100100011010101100000000000000000000000000000000010
1010111010110110001000100000010100000000000000000000000000000000000010
1011100010100100001111011101000001100000000000000000000000000000000010
1010110111110001110010100101111000100000000000000000000000000000000010
1011001000111001100010011111010111000000000000000000000000000000000010
1011000000100101110100010100011110000000000000000000000000000000000010
1011100011100001011001000101101010100000000000000000000000000000000010
1011001101011001000001001011110001000000000000000000000000000000000010
1011011110000000111001010111111111100000000000000000000000000000000010
1011100110001101000101101110111110000000000000000000000000000000000010
1010100101101011111101001010101000100000000000000000000000000000000010
1010001110101111010011001100000011000000000000000000000000000000000010
1011100010101000110101110111010111000000000000000000000000000000000010
1011111110010111100010111111101100100000000000000000000000000000000010
1011100011110001011110000011000011000000000000000000000000000000000010
1011010101110011001101001110011111100000000000000000000000000000000010
1011110111000111010010110000000001000000000000000000000000000000000010
1011001011001111101100000101101100100000000000000000000000000000000010
1010010101001001101000001001001010000000000000000000000000000000000010
1011110100101100110100001000100010000000000000000000000000000000000010
1011000010011001001101110110001000100000000000000000000000000000000010
1010111001001011111111101001010000000000000000000000000000000000000010
1011011111100000000101010010110101100000000000000000000000000000000010
1011100000000001000100010011100100100000000000000000000000000000000010
1011100010001011100000101101110010100000000000000000000000000000000010
1010000111000101101101010010010011100000000000000000000000000000000010
1011001101011000110011010010111111100000000000000000000000000000000010
1010110011100110100101100100111010100000000000000000000000000000000010
1011111010100010011000101110111010100000000000000000000000000000000010
1010010101000111100100110110111010000000000000000000000000000000000010
1010101110101001111011010100111001100000000000000000000000000000000010
1011110111111100010100000001011000100000000000000000000000000000000010
1010010010101011110001111111111010000000000000000000000000000000000010
1010101001110100100010010110111000000000000000000000000000000000000010
1010011000110111000010110111010010100000000000000000000000000000000010
1010110000000100010111110100101100100000000000000000000000000000000010
1010100000100011000111011101111100100000000000000000000000000000000010
1010110111100110111101101110001000100000000000000000000000000000000010
1010101001110110011011110110110000100000000000000000000000000000000010
1010010110110100100111101101011000100000000000000000000000000000000010
1010100010100000100011001001000011100000000000000000000000000000000010
1011001010111100110111101100100111000000000000000000000000000000000010
1010101010100101110100001000011010000000000000000000000000000000000010
1010011010101011101100100110010011000000000000000000000000000000000010
1010100011000000011001001100001011100000000000000000000000000000000010
1011000011000111101010000101101010000000000000000000000000000000000010
1010001101100111010001100101011100000000000000000000000000000000000010
1010000110010111001110110101001111100000000000000000000000000000000010
1011111010101111011001000000110010000000000000000000000000000000000010
1011001010100110001101110110111110000000000000000000000000000000000010
1010011001111111110101000001010100100000000000000000000000000000000010
1010001100010111001010011110011100000000000000000000000000000000000010
1010000011000111101001010011110011100000000000000000000000000000000010
1011010001101101100011001010111101100000000000000000000000000000000010
1011011010110101100001010110010111100000000000000000000000000000000010
1010000001011010100001111011011000000000000000000000000000000000000010
1011111111010111011110110011011011000000000000000000000000000000000010
1010101010011100110100000100101111100000000000000000000000000000000010
1011110100000000010000011111100101000000000000000000000000000000000010
1011100001010110110110011011010011000000000000000000000000000000000010
1011100101100001110011110011100100100000000000000000000000000000000010
1010001011000111001011010111010001100000000000000000000000000000000010
1011110011100011000111110001100101000000000000000000000000000000000010
1011100111101001011100101010001100000000000000000000000000000000000010
1010110000101001111001010100100001100000000000000000000000000000000010
1011101100100001010000011101011000100000000000000000000000000000000010
1011111010001001110000110100001001100000000000000000000000000000000010
1011100100101011010110111000100000000000000000000000000000000000000010
1011000011100001011101100110010010100000000000000000000000000000000010
1010011010111111000101011110111011100000000000000000000000000000000010
1011100011100001100001010011101111000000000000000000000000000000000010
1010110111000111101111100011100001000000000000000000000000000000000010
1011001010001000110100001100100110100000000000000000000000000000000010
1010010011101111100001100011010111100000000000000000000000000000000010
1011000011100100100101010111101001000000000000000000000000000000000010
1011101000110100100111010011001001000000000000000000000000000000000010
1011000010100110011010000001101001100000000000000000000000000000000010
1011000010011101101000010011110111000000000000000000000000000000000010
1011100001101001001100000101111000000000000000000000000000000000000010
1011011011110001010101000100100101100000000000000000000000000000000010
1011101101001011001001000000100000000000000000000000000000000000000010
1011011111100111111110011000010111000000000000000000000000000000000010
1010011000001000000111011011110000000000000000000000000000000000000010
1010000010111110010111100111111011100000000000000000000000000000000010
1010011010001011011110000100010010000000000000000000000000000000000010
1010011010011010010111111000000011100000000000000000000000000000000010
1011101001011010111001001111110000000000000000000000000000000000000010
1011110000011110011011101100110110100000000000000000000000000000000010
1011110100011110000011101111111101100000000000000000000000000000000010
1011101011110000000110010110110110000000000000000000000000000000000010
1011000110000000111011101111110110000000000000000000000000000000000010
1010011111101000110010011110100001000000000000000000000000000000000010
1011100101001110010001010010111110100000000000000000000000000000000010
1010100001110000110010101101110101000000000000000000000000000000000010
1010111101110000110010100111111110000000000000000000000000000000000010
1011001011000100010001000100101000000000000000000000000000000000000010
1010101001100101101010001000010001000000000000000000000000000000000010
1011000001101011010010111101111111000000000000000000000000000000000010
1011011111100011010110110111001011100000000000000000000000000000000010
1010001010110010000111100110100001100000000000000000000000000000000010
1010100001001110100110100110010101100000000000000000000000000000000010
1011000001010100000101011000000100000000000000000000000000000000000010
1011100100101001111110111011111001000000000000000000000000000000000010
1011101010111010000111110101010011000000000000000000000000000000000010
1011100001101011011011110111101010000000000000000000000000000000000010
1011010001110011011111000011011001100000000000000000000000000000000010
1010101000111111101010101000100011100000000000000000000000000000000010
1011111000100111011101110101011100000000000000000000000000000000000010
1010010110000011010101010011110010100000000000000000000000000000000010
1010010011100110011011010011010010100000000000000000000000000000000010
1011111101010111110110110111001010000000000000000000000000000000000010
1010011101111010010101010001010100000000000000000000000000000000000010
1010100111010101011010101011110101100000000000000000000000000000000010
1011100011111101010011011000011011000000000000000000000000000000000010
1011100101011011001110111000011100000000000000000000000000000000000010
1011011011101010000101011000011110100000000000000000000000000000000010
1010101101101100101101010101001100000000000000000000000000000000000010
1011011011011011111011110010101000100000000000000000000000000000000010
1010010000010011110101111000011101100000000000000000000000000000000010
1010110000110001001001001110111111000000000000000000000000000000000010
1010001111110011001101000100001001000000000000000000000000000000000010
1010110100011111011001101110111011000000000000000000000000000000000010
1011110011000100110111011010011001000000000000000000000000000000000010
1011000100010011010110010111100011100000000000000000000000000000000010
1010010001111010001101111011000000000000000000000000000000000000000010
1011100100010100110000100001111101000000000000000000000000000000000010
1010110000001010111011100101101010000000000000000000000000000000000010
1010011000010010100000100011100000100000000000000000000000000000000010
1011011101111001001110000001010001000000000000000000000000000000000010
1010110100001000111111101110001001100000000000000000000000000000000010
1010101100101011100001001111000000000000000000000000000000000000000010
1011011011110101100101110010000000100000000000000000000000000000000010
1011010111101010111101010110101110000000000000000000000000000000000010
1011101001001001101001001000110010100000000000000000000000000000000010
1010101100100001110000101011000010100000000000000000000000000000000010
1010010111111110100111011101001100100000000000000000000000000000000010
1010010010000110010011001000100100000000000000000000000000000000000010
1010011100011100000111101001110011100000000000000000000000000000000010
1010000000100010111001001001001001000000000000000000000000000000000010
1010110010111100011000010110111011000000000000000000000000000000000010
1010010100101000110000011001101100100000000000000000000000000000000010
1010010111010111000101100011100010100000000000000000000000000000000010
1010011110000001010110110101011011000000000000000000000000000000000010
1010101001011001110110111110101011000000000000000000000000000000000010
1010111100100101010111111100001111000000000000000000000000000000000010
1010101100000110111011001000000010100000000000000000000000000000000010
1011111110011001011001101110000011000000000000000000000000000000000010
1011101001000011110100001110100010000000000000000000000000000000000010
1011100000101010110010010010101011100000000000000000000000000000000010
1011100001010000101100010101100101000000000000000000000000000000000010
1011000001010101010011101110010011000000000000000000000000000000000010
1011001011100110101111101000100000100000000000000000000000000000000010
1011000110000110001010110100001110100000000000000000000000000000000010
1011101011101100110011110001010001000000000000000000000000000000000010
1010111011100100101111110010011101100000000000000000000000000000000010
1011100101010010010101101100100111100000000000000000000000000000000010
1010001001101101101001010110110100100000000000000000000000000000000010
1010000110111010101111110000010011000000000000000000000000000000000010
1011110100110010001100101011010001000000000000000000000000000000000010
1010010001110000010011111000110011100000000000000000000000000000000010
1011111000101000000111111101110111100000000000000000000000000000000010
1010101110101000000011011000100010100000000000000000000000000000000010
1010101100011001001000011001001001000000000000000000000000000000000010
1010011000111111011011010000000111100000000000000000000000000000000010
1010010110000100010110101010110101100000000000000000000000000000000010
1010101101101111100100110111110001100000000000000000000000000000000010
1010011001011011001000011110100101000000000000000000000000000000000010
1010100000010011000100110010001111100000000000000000000000000000000010
1010110100010001010101101001011000100000000000000000000000000000000010
1010011010000010011111010101000011100000000000000000000000000000000010
1010000111010011000010111101011101000000000000000000000000000000000010
1011110011100000011011111010101101000000000000000000000000000000000010
1011000111000111110101111101110001000000000000000000000000000000000010
1010110011000100001000111111001001100000000000000000000000000000000010
1011010111001000010000001011001001100000000000000000000000000000000010
1011001010000010010100010110100000100000000000000000000000000000000010
1010101111011000010100110111100011000000000000000000000000000000000010
1010001001010010001111001001001101100000000000000000000000000000000010
1010111000101000001100000110100111000000000000000000000000000000000010
1010111000110100100100001110111100000000000000000000000000000000000010
1010111110011010010000101100011111000000000000000000000000000000000010
1011100101101110000010011000111100000000000000000000000000000000000010
1010110100011110101000100011001011000000000000000000000000000000000010
1010000100110000000011011100111000100000000000000000000000000000000010
1011000000011010101000001000100100000000000000000000000000000000000010
1010010100010010101110110001001110000000000000000000000000000000000010
1011011111010100010111111101011100000000000000000000000000000000000010
1011000101100000111000010101111101100000000000000000000000000000000010
1010000101010010001111101111110101100000000000000000000000000000000010
1010010100110001110000110100101101100000000000000000000000000000000010
1011001110000010100011101100000111100000000000000000000000000000000010
1011001101000001111010110110001110000000000000000000000000000000000010
1010010111000000001100101111101011000000000000000000000000000000000010
1011001111101000111011001111100110100000000000000000000000000000000010
1010011011000001001011001111101001000000000000000000000000000000000010
1010000110110111111110100100000101100000000000000000000000000000000010
1010110001011001000001000001100110000000000000000000000000000000000010
1011010111100000010001011111110011100000000000000000000000000000000010
1010100001010001010000011000111000000000000000000000000000000000000010
1010001111100101101110111010100010000000000000000000000000000000000010
1010100011010100000000100111100110000000000000000000000000000000000010
1011000000001100000010100101100001100000000000000000000000000000000010
1011000101100011111110010001111011000000000000000000000000000000000010
1010011001011111011000001001010110100000000000000000000000000000000010
1011110101100110011101000000000110000000000000000000000000000000000010
1011110010011100101011000111011100100000000000000000000000000000000010
1010010011101101110101010111000101000000000000000000000000000000000010
1011000101010100000010111001100001000000000000000000000000000000000010
1011010101001100001000110111101111000000000000000000000000000000000010
1010010100110000110101011111011010100000000000000000000000000000000010
1011100111111101000001001000011110100000000000000000000000000000000010
1011100100001011101001001011011000100000000000000000000000000000000010
1011010001000111100000101111001100000000000000000000000000000000000010
1011011010011110010110000111101000000000000000000000000000000000000010
1010111000000101010101111010101111100000000000000000000000000000000010
1011100111101110100000000000111001000000000000000000000000000000000010
1011010011001001101000100000000111100000000000000000000000000000000010
1011011011001010010011100101000101100000000000000000000000000000000010
1010001000111001101110111111111010000000000000000000000000000000000010
1011110101110111101010101000001110100000000000000000000000000000000010
1011110011111101011110000110101110000000000000000000000000000000000010
1011010111111110110101011101001001100000000000000000000000000000000010
1010011010110100110001110100111010100000000000000000000000000000000010
1010010101100001100111110110001001100000000000000000000000000000000010
1011100100001101011100100101001111100000000000000000000000000000000010
1011111111010011101011001000101001100000000000000000000000000000000010
1010100000110000000110100000011101100000000000000000000000000000000010
1010011011000011101110110100100000100000000000000000000000000000000010
1011111000110001011111001010011010000000000000000000000000000000000010
1011000100001001000101001001111110000000000000000000000000000000000010
1010100100101111001110100110010110100000000000000000000000000000000010
1011111010110001100110110001101100000000000000000000000000000000000010
1010000010001111011101010111010011000000000000000000000000000000000010
1010100000010101101111100011100101000000000000000000000000000000000010
1010100100001101101100000110010110000000000000000000000000000000000010
1011001010110010000011111101000110000000000000000000000000000000000010
1010100111100010010100011000110001100000000000000000000000000000000010
1011110001111100000000000110010110100000000000000000000000000000000010
1010100100111011110110110111011101100000000000000000000000000000000010
1011100100000010110101111101110101000000000000000000000000000000000010
1010111000101111111101111010101111100000000000000000000000000000000010
1010100001110100001110010000110110000000000000000000000000000000000010
1010010100001011010011110111010110100000000000000000000000000000000010
1010101110000001111110000000100101000000000000000000000000000000000010
1011110011000001010101111100000001100000000000000000000000000000000010
1011000101111011010001100101110110000000000000000000000000000000000010
1011001000110000100010111001001101100000000000000000000000000000000010
1010110110011001011101010000110011000000000000000000000000000000000010
1010110001111000000101001011000000000000000000000000000000000000000010
1010000100101011011011111101101101000000000000000000000000000000000010
1010001001110101001111111000001101100000000000000000000000000000000010
1011001110010000101000110101110001000000000000000000000000000000000010
1010111011100101000110010100101000000000000000000000000000000000000010
1010000101111000001011100100001100100000000000000000000000000000000010
1011101101111000000111011100001001000000000000000000000000000000000010
1010011011100110000101100101101010000000000000000000000000000000000010
1011001000000101111000110001010100100000000000000000000000000000000010
1010000111011100111010011111111000100000000000000000000000000000000010
1010100111010111101010000000111110100000000000000000000000000000000010
1011111010001011110001110100010011100000000000000000000000000000000010
1010110000111101110100010111110100000000000000000000000000000000000010
1010101111010001111110000001101100100000000000000000000000000000000010
1010110011111011111010100011111000000000000000000000000000000000000010
1011010110001001011111011101000110000000000000000000000000000000000010
1011101000101010001111111101111110100000000000000000000000000000000010
1010101001010111110001000000011010000000000000000000000000000000000010
1011110110001110110000101000100100100000000000000000000000000000000010
1010111101001010010100010011000110100000000000000000000000000000000010
1011000101001010001001110001100001100000000000000000000000000000000010
1010111000110101011000011011010011000000000000000000000000000000000010
1010100101011010000100010110100010000000000000000000000000000000000010
1010100010011010100111010011011101100000000000000000000000000000000010
1010111011110000011001001100110001100000000000000000000000000000000010
1010011100010111011111111001111010000000000000000000000000000000000010
1010011010010010100001010011010000100000000000000000000000000000000010
1011111110111110101000000100100011000000000000000000000000000000000010
1011011111111100001110011111011110100000000000000000000000000000000010
1011111000000001101001101001000001000000000000000000000000000000000010
1010101010111100110111100010110011100000000000000000000000000000000010
1010000111110110100100100100110101000000000000000000000000000000000010
1010010101111101110100110000011111100000000000000000000000000000000010
1010010011000111100111011110010000100000000000000000000000000000000010
1011101001011011011101110000010011100000000000000000000000000000000010
1010001001101011100100100001100010000000000000000000000000000000000010
1011000100111101010100001100100100000000000000000000000000000000000010
1010111101100101001111010101111001000000000000000000000000000000000010
1011001100110010010111001101000011100000000000000000000000000000000010
1011100011100000001111111110101111000000000000000000000000000000000010
1011001101001011100110010101110011000000000000000000000000000000000010
1011001110001001001000111011000010100000000000000000000000000000000010
1010001010000001011101110011101111000000000000000000000000000000000010
1011111001000100101100111010001001100000000000000000000000000000000010
1011111110110000100110011100010010000000000000000000000000000000000010
1010010100100000101011101000010101000000000000000000000000000000000010
1010011011100110110011110111011111000000000000000000000000000000000010
1010011111111011001100110111111010100000000000000000000000000000000010
1011011000001100110011001000010111000000000000000000000000000000000010
1010010110000111111110010010110111000000000000000000000000000000000010
1011010100101010110001100010111001100000000000000000000000000000000010
1011010011001100101100110101001101000000000000000000000000000000000010
1010011011100100010110001111010010000000000000000000000000000000000010
1011010000000010011111101100101011000000000000000000000000000000000010
1011001110111000110010100001011010100000000000000000000000000000000010
1011010011110000001001000000111011000000000000000000000000000000000010
1010100001110111011110111010101100100000000000000000000000000000000010
1010010010110000001011100000000010000000000000000000000000000000000010
1010110101010011010100011000101011000000000000000000000000000000000010
1010110000011000111110100001110001100000000000000000000000000000000010
1010010101000001010010001101010111100000000000000000000000000000000010
1010011100101100000101110110011000100000000000000000000000000000000010
1011001111111011110100101100000011000000000000000000000000000000000010
1010001010011001101001011011110010000000000000000000000000000000000010
1010101100111110010011110111001111000000000000000000000000000000000010
1010001100000110110101111100011010000000000000000000000000000000000010
1011110100000010111011100101010101100000000000000000000000000000000010
1010111111100000011000101100001101000000000000000000000000000000000010
1011110101011101010011011000010010000000000000000000000000000000000010
1011001111111001110101111101010100000000000000000000000000000000000010
1010000111011111011101100101011100000000000000000000000000000000000010
1011100011000000001010010101110000100000000000000000000000000000000010
1011110010001001000011011111111110100000000000000000000000000000000010
1011011110011110010001111000100011100000000000000000000000000000000010
1011000110111011110100101011011100000000000000000000000000000000000010
1010110001110000000100100011010011100000000000000000000000000000000010
1010001100001111010000010011100010100000000000000000000000000000000010
1011001010000110111111001000111110000000000000000000000000000000000010
1010001010011010110011001111011000000000000000000000000000000000000010
1010000011100100011100110110000001100000000000000000000000000000000010
1010000110010110111110100001010111100000000000000000000000000000000010
1011011011000000001010111000111011000000000000000000000000000000000010
1010000011001001111011111101111101100000000000000000000000000000000010
1010001000110010011111001101010110000000000000000000000000000000000010
1011111101111100000001000111100110000000000000000000000000000000000010
1010011001000100100100000100101110100000000000000000000000000000000010
1011100111111011001001010101111111100000000000000000000000000000000010
1010010111110110100101011010110010000000000000000000000000000000000010
1010011100111011101010011010101010100000000000000000000000000000000010
1011011101001001000011000110000010000000000000000000000000000000000010
1011111001110010000111101100010101100000000000000000000000000000000010
1011010001111110100000000000111111000000000000000000000000000000000010
1011001010100001000101100111100000100000000000000000000000000000000010
1011110101001111101011011110101110100000000000000000000000000000000010
1010000111100100111000111111101100000000000000000000000000000000000010
1011011001011001011001001101100110100000000000000000000000000000000010
1011010101111010100000010000101001000000000000000000000000000000000010
1010111100001000001011011100001110100000000000000000000000000000000010
1011100101100100101001010101110101000000000000000000000000000000000010
1010001001110001011011101010111001100000000000000000000000000000000010
1010110010100100011011100001010000000000000000000000000000000000000010
1010010110000100101100000110111001000000000000000000000000000000000010
1010101001000110000101011101010000000000000000000000000000000000000010
1011111110000000011000101111001000100000000000000000000000000000000010
1010000110111001101110100011011100100000000000000000000000000000000010
1010011100000100100110011111110000000000000000000000000000000000000010
1011010011010110100111010100000101000000000000000000000000000000000010
1011001000000010001110000110001010100000000000000000000000000000000010
1011001111111001100011000010011110100000000000000000000000000000000010
1011100110100001101010110111010101000000000000000000000000000000000010
1011001111011110110010110101011001000000000000000000000000000000000010
1010101110001100111100100101011100000000000000000000000000000000000010
1011101100011101111111011110011011100000000000000000000000000000000010
1011000000011100010110100100010110100000000000000000000000000000000010
1011000000111010011001100011011100000000000000000000000000000000000010
1010111110101110011110001110101111100000000000000000000000000000000010
1010000111001110001010111100111000100000000000000000000000000000000010
1011000001100111010100010110000100000000000000000000000000000000000010
1011000000011010000001111001101110000000000000000000000000000000000010
1010111010101000011101101110010001100000000000000000000000000000000010
1011001001000001111100010101011101100000000000000000000000000000000010
1011011000111111011010010001011100000000000000000000000000000000000010
1011010000011001001011011100011101000000000000000000000000000000000010
1011101100100101011100110101011100000000000000000000000000000000000010
1010110101100011100000101001010000100000000000000000000000000000000010
1010111110101110100011011101111010100000000000000000000000000000000010
1010100011011101000010110001010001100000000000000000000000000000000010
1010110010001111000001000000110100100000000000000000000000000000000010
1011000010100100100010100111010101100000000000000000000000000000000010
1010110001111110100000110000110110000000000000000000000000000000000010
1011110110001111010001101110000011100000000000000000000000000000000010
1010101010110110001101101100001101000000000000000000000000000000000010
1011100000010000011111000011101011100000000000000000000000000000000010
1010101101000011011010101111101100000000000000000000000000000000000010
1010011101001111010111001000000111000000000000000000000000000000000010
1010101010011011001010101101100011100000000000000000000000000000000010
1011101001110101011101100000001101000000000000000000000000000000000010
1010110101100110100101101101110011000000000000000000000000000000000010
1010011010101000000111111011111101100000000000000000000000000000000010
1011110011111101111110001001100010000000000000000000000000000000000010
1011101010100011110101001110111110100000000000000000000000000000000010
1011110101001001110101000100010111000000000000000000000000000000000010
1011001110110011111010101111000011100000000000000000000000000000000010
1011110001011000001110111011101110100000000000000000000000000000000010
1011010001011110010001111001011000000000000000000000000000000000000010
1011010001111110101101100100001110000000000000000000000000000000000010
1011001010100001011011110100011110000000000000000000000000000000000010
1011000110010100010001011100011001100000000000000000000000000000000010
1010101101101010101011010111101100000000000000000000000000000000000010
1011110001000101101100000000110110100000000000000000000000000000000010
1011011010010000111100101111111000000000000000000000000000000000000010
1010101000111100110010111010011110100000000000000000000000000000000010
1010001010100010001001000011101011100000000000000000000000000000000010
1010001001100101100101100010101111100000000000000000000000000000000010
1010101001010101100000011000010000000000000000000000000000000000000010
1011101110101101100001000101111100100000000000000000000000000000000010
1011010001000111101101100000001011000000000000000000000000000000000010
1011001111000110110010111011111100100000000000000000000000000000000010
1011001111011011000010111000010000000000000000000000000000000000000010
1010011000100010000100001010100011100000000000000000000000000000000010
1010110010100010110110010010010101100000000000000000000000000000000010
1011001100110000111110111100110100000000000000000000000000000000000010
1010000100110010101100110011101001000000000000000000000000000000000010
1011000000000100101100011111000101100000000000000000000000000000000010
1011010001100100011111000110000111100000000000000000000000000000000010
1011101001110111100100001100110100100000000000000000000000000000000010
1010101101101111100001001010101110100000000000000000000000000000000010
1011110100011101100000001000011100100000000000000000000000000000000010
1010000011011000011101100111010110100000000000000000000000000000000010
1010110010100000010110001111011001000000000000000000000000000000000010
1011001101010110011000000010101000000000000000000000000000000000000010
1010110111111101000001011000101010100000000000000000000000000000000010
1010001111000010011100010110001110000000000000000000000000000000000010
1010110010111100000101111110001011000000000000000000000000000000000010
1010100001010011000100111001100110100000000000000000000000000000000010
1010100000110110100101101000000011100000000000000000000000000000000010
1010101000010011000100110110111100100000000000000000000000000000000010
1010101000001110010001101000000100000000000000000000000000000000000010
1011010001010010010000010000110011000000000000000000000000000000000010
1010111011010111011101111010100001100000000000000000000000000000000010
1010111111110110110100000010111101100000000000000000000000000000000010
1011001100110100010111011001101010100000000000000000000000000000000010
1010001110101000111101011001111010000000000000000000000000000000000010
1011010011001011011111100110110001000000000000000000000000000000000010
1011010000010010101011001010110010000000000000000000000000000000000010
1010101010011011111001001101110111000000000000000000000000000000000010
1011001010100110100010010010000100100000000000000000000000000000000010
1011000110010110111010101011011011100000000000000000000000000000000010
1010000110011101110010111000100100000000000000000000000000000000000010
1011101110100110000111011010110100000000000000000000000000000000000010
1010001111000000100100111011001011100000000000000000000000000000000010
1010100100101100010101010001110100100000000000000000000000000000000010
1011100101111111101010111100111111100000000000000000000000000000000010
1010110111010110100000101111110000000000000000000000000000000000000010
1010011011010000010000011011111101100000000000000000000000000000000010
1010111010101011100110110110101100000000000000000000000000000000000010
1011100010101000010100010100001110000000000000000000000000000000000010
1010011011001000100101101000110100100000000000000000000000000000000010
1011100100011001010000110101101110100000000000000000000000000000000010
1010010001100011100000010010000010000000000000000000000000000000000010
1011000000101010010101111100001101100000000000000000000000000000000010
1011010111011011101111110100111111100000000000000000000000000000000010
1011010010010100110111110100011111100000000000000000000000000000000010
1010101011110111110100010000110110100000000000000000000000000000000010
1010010011101010101011000111101101000000000000000000000000000000000010
1010010000011111100110000101100111100000000000000000000000000000000010
1011010111010001111110100110011011000000000000000000000000000000000010
1010011110101001011010010010011111000000000000000000000000000000000010
1010001001011001000000100010111100000000000000000000000000000000000010
1011001001111000011011110010110011000000000000000000000000000000000010
1011111101011001001010001111111011000000000000000000000000000000000010
1010010110101100001001001100100010000000000000000000000000000000000010
1010110011001011101001110100100101000000000000000000000000000000000010
1011010101111100100100110101011100000000000000000000000000000000000010
1011011100000101000111111101100011000000000000000000000000000000000010
1010111101101111011010100100001011100000000000000000000000000000000010
1011111011001111101010101010110011000000000000000000000000000000000010
1010110100000111100111011011010011100000000000000000000000000000000010
1010100000000100010011110000000000000000000000000000000000000000000010
1011000001010010110100000011011110000000000000000000000000000000000010
1011010000111010011010010011011101000000000000000000000000000000000010
1011010100100111001000100111010101000000000000000000000000000000000010
1010000001011000010100000011110001100000000000000000000000000000000010
1010000101011111111010100100101010000000000000000000000000000000000010
1010011110001110111111000001111000000000000000000000000000000000000010
1011011011101101000101001110111110100000000000000000000000000000000010
1010011011001111000011011111111011000000000000000000000000000000000010
1010000011000011011101101111000001100000000000000000000000000000000010
1011100101000010110110000111101010000000000000000000000000000000000010
1010100101100111000101101100110101000000000000000000000000000000000010
1010001001101001110010000101111110000000000000000000000000000000000010
1010111101000101011010001111001011000000000000000000000000000000000010
1010010010010010110100101111110010100000000000000000000000000000000010
1010100010000001101100011011101101000000000000000000000000000000000010
1010011101100111101001010010110001100000000000000000000000000000000010
1010101101100101001100001010000110100000000000000000000000000000000010
1010011110110000100111001011111111100000000000000000000000000000000010
1011001101010011001100001011100101000000000000000000000000000000000010
1011001010011010111101011011110001000000000000000000000000000000000010
1011111110101010010111010001111001000000000000000000000000000000000010
1010010011011001011100011101101000100000000000000000000000000000000010
1010000001010110101000101111010101100000000000000000000000000000000010
1011100111011010010001100111001111000000000000000000000000000000000010
1010000110101001100010001010001011100000000000000000000000000000000010
1011110011000101111001010100000001100000000000000000000000000000000010
1010000000111000011000101111010010100000000000000000000000000000000010
1010010010011011001100000001010011100000000000000000000000000000000010
1010010110010000010100111110000011100000000000000000000000000000000010
1010100000000011101100110000100000000000000000000000000000000000000010
1010001010110010010100011110000111100000000000000000000000000000000010
1011011110111110000110101010101001100000000000000000000000000000000010
1010111110110001010000101110111110100000000000000000000000000000000010
1010110010101100111011110101111111100000000000000000000000000000000010
1011001000000111111000101110100011000000000000000000000000000000000010
1010010111001110111000100001010011000000000000000000000000000000000010
1010001100000110010100110000110001100000000000000000000000000000000010
1010000110001111011101001110001100000000000000000000000000000000000010
1010010101111011100000100010010011000000000000000000000000000000000010
1011110110101000111110101000100011000000000000000000000000000000000010
1011111101011101000010011011001011100000000000000000000000000000000010
1010110111101100001101100100001110100000000000000000000000000000000010
1011100111111001001001111010111111000000000000000000000000000000000010
1011100101010110000100101000000100000000000000000000000000000000000010
1010001000101011100001000010010110100000000000000000000000000000000010
1010111100001100011111000101010010000000000000000000000000000000000010
1010001010111001100101110100101111000000000000000000000000000000000010
1011100110111001001010011100000111100000000000000000000000000000000010
1010000000010101100100000011100101100000000000000000000000000000000010
1010100000100110110110100110000011000000000000000000000000000000000010
1011101001111101001111011111010111000000000000000000000000000000000010
1010010010100001111110111010100111100000000000000000000000000000000010
1011100010010100100100001001001101000000000000000000000000000000000010
1011011001100101100001101011000000100000000000000000000000000000000010
1011000000011100101011101111100111000000000000000000000000000000000010
1011101000001011011001110101000111000000000000000000000000000000000010
1011010010000101010101111110100111100000000000000000000000000000000010
1010101101101110011100011011011100000000000000000000000000000000000010
1011110000010100110101101100110011100000000000000000000000000000000010
1011110010110100101000000011110110000000000000000000000000000000000010
1010100100111010011100010100000001100000000000000000000000000000000010
1010010111110010010000001100010011100000000000000000000000000000000010
1011010001011000100110001001110001100000000000000000000000000000000010
1011000011111100110111001101110010100000000000000000000000000000000010
1010110001111110111111110101011100100000000000000000000000000000000010
1010100000100101001001010010100100100000000000000000000000000000000010
1010100101010000101011010001101011000000000000000000000000000000000010
1010010010111000001001011000111101100000000000000000000000000000000010
1010111011001110110010101100111001000000000000000000000000000000000010
1011011001111100111100101111001110100000000000000000000000000000000010
1011110100001000101000011110011110000000000000000000000000000000000010
1010110100111001101111111010101100100000000000000000000000000000000010
1010101111101001110000110100111000000000000000000000000000000000000010
1011110011010010111110100001000001100000000000000000000000000000000010
1011000111101100010010010111001000000000000000000000000000000000000010
1011011001111010110111111100001100100000000000000000000000000000000010
1010100101011001110111011000110011100000000000000000000000000000000010
1011100011111010011011111010001100000000000000000000000000000000000010
1011000111001011111111010100010101100000000000000000000000000000000010
1010011110110111011010001000010011000000000000000000000000000000000010
1010101011010110100100000110010111100000000000000000000000000000000010
1011011000011101000111110101001110000000000000000000000000000000000010
1011100101010001111011011010101111000000000000000000000000000000000010
1010011011110011110011011100101001100000000000000000000000000000000010
1010110111000110001011110110000000100000000000000000000000000000000010
1011011000101000011101100011001110000000000000000000000000000000000010
1010100101010000000000010111101000000000000000000000000000000000000010
1010001111001011110101011111001000000000000000000000000000000000000010
1010001001011100011101111101100011100000000000000000000000000000000010
1011000010100110011011101110100110100000000000000000000000000000000010
1011000001110111010110110100010100100000000000000000000000000000000010
1011110001010101000111000000111001100000000000000000000000000000000010
1011101011100110111110110001100011000000000000000000000000000000000010
1011000101011010111010001011101110100000000000000000000000000000000010
1010101100011001100111110110111110000000000000000000000000000000000010
1010000001010100010100101110100011000000000000000000000000000000000010
1011110100101100111010110101001011000000000000000000000000000000000010
1011110010001001011110100000011011100000000000000000000000000000000010
1010011001011001000010101001110010000000000000000000000000000000000010
1010110001101000000000001011010110000000000000000000000000000000000010
1011010011101001110011111100001101000000000000000000000000000000000010
1010010101001111011101101000101011000000000000000000000000000000000010
1010011001100101001011110000100011000000000000000000000000000000000010
1010101010111000110110000110100111100000000000000000000000000000000010
1011110010111110010111110111010111100000000000000000000000000000000010
1010111011101100110101010011110111100000000000000000000000000000000010
1011011111110010111101010000000011000000000000000000000000000000000010
1010101011011111010011000110100100000000000000000000000000000000000010
1010011101011110100010110111010000000000000000000000000000000000000010
1010001000000011010010110011010011100000000000000000000000000000000010
1011101101101000100100010001100001000000000000000000000000000000000010
1011100101001100011001000011100101100000000000000000000000000000000010
1010111110010110111110011010001100100000000000000000000000000000000010
1011000000100101011110111011000011000000000000000000000000000000000010
1011100000001110011110000010010100000000000000000000000000000000000010
1010001101010010011000011101101000100000000000000000000000000000000010
1011100001110111100101011010011000000000000000000000000000000000000010
1011100001010111001100010110000101000000000000000000000000000000000010
1011111101111010011110110110010110000000000000000000000000000000000010
1011001100001010100000011000110011000000000000000000000000000000000010
1010001111110011100111101001101011100000000000000000000000000000000010
1010000011011011011100100001000111100000000000000000000000000000000010
1011000100000001010010011100001011100000000000000000000000000000000010
1011100111011000100000010100001001100000000000000000000000000000000010
1010010010110111101001101101111001100000000000000000000000000000000010
1011110110001110110011100011100111100000000000000000000000000000000010
1011100101101011010100000111110000100000000000000000000000000000000010
1011100110011100001101001110111100000000000000000000000000000000000010
1010001110011100101000100010011100100000000000000000000000000000000010
1010110111000010100000111111110001000000000000000000000000000000000010
1011011010101011100011001110101111000000000000000000000000000000000010
1011001000001001101001111101111110000000000000000000000000000000000010
1010010010111000011110011111110000000000000000000000000000000000000010
1011101111110000011000001000010001000000000000000000000000000000000010
1011001010010001101001101110010100100000000000000000000000000000000010
1010101111001110111100111110001100100000000000000000000000000000000010
1011000001011101011110110011111000100000000000000000000000000000000010
1011101100010001010011111101001001000000000000000000000000000000000010
1010011000101010000001000001111100000000000000000000000000000000000010
1011111010011010101110101001100100100000000000000000000000000000000010
1011011001110101101010011001010110100000000000000000000000000000000010
1010010111001101110110101011000011100000000000000000000000000000000010
1011001011011111011011000101100100000000000000000000000000000000000010
1011101000110101000110001001110011000000000000000000000000000000000010
1011011111110000000011011011110111000000000000000000000000000000000010
1010111100001111011011001011000101100000000000000000000000000000000010
1011100110100111000111010011010101100000000000000000000000000000000010
1011001001010001111011100010010101000000000000000000000000000000000010
1010111111000101000000110100100111000000000000000000000000000000000010
1010011110110011001100101001011001000000000000000000000000000000000010
1010000011000010111000100010011010100000000000000000000000000000000010
1010001000111001101101001101101111000000000000000000000000000000000010
1011100000001101000111011011100100100000000000000000000000000000000010
1011001110110010101110000000000100100000000000000000000000000000000010
1010001111101101011000110110101011000000000000000000000000000000000010
1010011010101100011000100011001100100000000000000000000000000000000010
1011100111000000101101100001100000100000000000000000000000000000000010
1010100101110011101000001100100100000000000000000000000000000000000010
1010010111111010000000111110110011100000000000000000000000000000000010
1011011100110101001101000101101000100000000000000000000000000000000010
1010010110000000100011100100011101100000000000000000000000000000000010
1010100100111010000010101001101101100000000000000000000000000000000010
1010100011110000111001100000100111100000000000000000000000000000000010
1011000000001110101010000101110010000000000000000000000000000000000010
1010010010101100110000110000010011100000000000000000000000000000000010
1011110011011100000000111100101000100000000000000000000000000000000010
1010100000110110010111101000001111000000000000000000000000000000000010
1010110011000001001011111100010001100000000000000000000000000000000010
1011011000101001111011111110111001100000000000000000000000000000000010
1011010110011011101111011001010110000000000000000000000000000000000010
1011100000010110010010101011001100000000000000000000000000000000000010
1010110110110010010101110001110110100000000000000000000000000000000010
1011111011111110100000101000010011100000000000000000000000000000000010
1011010110010001001000011000111100100000000000000000000000000000000010
1010010101111100000011011001101110000000000000000000000000000000000010
1010110100110110111001000010110111000000000000000000000000000000000010
1010101001010110010001001001110011000000000000000000000000000000000010
1010111000011110010110100001111010000000000000000000000000000000000010
1010101111000010110010000000110110000000000000000000000000000000000010
1010000011000110001101010111110000000000000000000000000000000000000010
1010010011101111101000000101111111000000000000000000000000000000000010
1011110010101111110010010001001110100000000000000000000000000000000010
1011111101111001100000001111111111000000000000000000000000000000000010
1011011001001010100101110110011111100000000000000000000000000000000010
1010000001001000010101000100100100000000000000000000000000000000000010
1011100110110100010001101000000000100000000000000000000000000000000010
1010111101000010010100110100101001100000000000000000000000000000000010
1010100101010010011101100011111010100000000000000000000000000000000010
1011000001010010011110110000101100000000000000000000000000000000000010
1011001011010001101010001111100101100000000000000000000000000000000010
1010111001011000000100110000010010100000000000000000000000000000000010
1010001100111100110100001010110111100000000000000000000000000000000010
1010001010000010110001100010001110000000000000000000000000000000000010
1011111101011001110010111110000100100000000000000000000000000000000010
1010010101011010100010011100000001100000000000000000000000000000000010
1010100010111001010001110111000100000000000000000000000000000000000010
1010100100110000011100110010001110000000000000000000000000000000000010
1011110111011010111000010001100111100000000000000000000000000000000010
1010101111110111100000110000001100100000000000000000000000000000000010
1011010111101011011000001010100100000000000000000000000000000000000010
1010101101111010010101110000101110000000000000000000000000000000000010
1011011000010110001000101010101101100000000000000000000000000000000010
1011001000111101001100100111100011000000000000000000000000000000000010
1010001010111010001110010001001101100000000000000000000000000000000010
1011010011011100111001111010011000100000000000000000000000000000000010
1010110001011100011011101011111111000000000000000000000000000000000010
1010010010000000011111101101110001000000000000000000000000000000000010
1011100000100010001110111100001000000000000000000000000000000000000010
1010001011010111011011100011010001000000000000000000000000000000000010
1010000001011000010101000111001100100000000000000000000000000000000010
1011001111100100111010111011001000100000000000000000000000000000000010
1011011101110010100011010010101111000000000000000000000000000000000010
1010111110001011110110010001011010000000000000000000000000000000000010
1011111010000001001100001001111000100000000000000000000000000000000010
1010011011011100011001010110110110000000000000000000000000000000000010
1010001101110101011110111011011100100000000000000000000000000000000010
1010101000011001000010001001010100100000000000000000000000000000000010
1011011001000101001110111100100110100000000000000000000000000000000010
1011111011111001100001001001101100100000000000000000000000000000000010
1010110101001101110011110100011110100000000000000000000000000000000010
1010001110110000001111111111011111000000000000000000000000000000000010
1011011011101010001101111111111000000000000000000000000000000000000010
1010000000010001011011101011111001100000000000000000000000000000000010
1011000110001101010010011010111111000000000000000000000000000000000010
1011000010000001001010101000001001100000000000000000000000000000000010
1010100000011110101011101001011010000000000000000000000000000000000010
1011000001110001010101100101101111000000000000000000000000000000000010
1011110111001001000110011101101011100000000000000000000000000000000010
1010000110011001110010101010111000100000000000000000000000000000000010
1011100001011000000010010100011011100000000000000000000000000000000010
1011010010100101111001101011110011000000000000000000000000000000000010
1011010001010011101100010000000011100000000000000000000000000000000010
1010000110100111000110100010011101000000000000000000000000000000000010
1011000100011111000011111111101111100000000000000000000000000000000010
1010011101100010111100111000011111100000000000000000000000000000000010
1011010101111101011110001011000111100000000000000000000000000000000010
1010011011001111001100000111111001000000000000000000000000000000000010
1010100111100000100010111000010001100000000000000000000000000000000010
1010101001001011011111100000011010100000000000000000000000000000000010
1011010001000000111010111001111000000000000000000000000000000000000010
1010101011001001110111110110111110100000000000000000000000000000000010
1010001000000100011110011011111111100000000000000000000000000000000010
1011110100100011100111011101110001000000000000000000000000000000000010
1010111001100010111000110010110001000000000000000000000000000000000010
1010101100110000011000000100111000000000000000000000000000000000000010
1010010111110001101100110111110011100000000000000000000000000000000010
1011110101011000110010101010011010000000000000000000000000000000000010
1010100011010101111101011001111110000000000000000000000000000000000010
1010000111010100001110010011011100100000000000000000000000000000000010
1011101100100110000010101001100001000000000000000000000000000000000010
1010010110111000110000101010111000000000000000000000000000000000000010
1010101000110011010110010111111100100000000000000000000000000000000010
1011100010110110000010100001010001100000000000000000000000000000000010
1011111010100110101001001110101101100000000000000000000000000000000010
1011101111011011110001100000101011000000000000000000000000000000000010
1010001000110011010100000110010110000000000000000000000000000000000010
1010100011110010000101000001001111000000000000000000000000000000000010
1010011101100101101011101000000101100000000000000000000000000000000010
1010111101001110101000111001001011100000000000000000000000000000000010
1010110101010010000111000110101100000000000000000000000000000000000010
1010100001100011011101111010100110000000000000000000000000000000000010
1010110100010001101000100000101110100000000000000000000000000000000010
1010111011111001100000100100010011000000000000000000000000000000000010
1010111000101010100011000101001111000000000000000000000000000000000010
1011001001101011001010000100010100000000000000000000000000000000000010
1010010111000001100110000001001001100000000000000000000000000000000010
1010011110110001010101101110110101100000000000000000000000000000000010
1010110000101100111101011000010111000000000000000000000000000000000010
1010101001011000010010101001101011000000000000000000000000000000000010
1010011110010111010001010001111101100000000000000000000000000000000010
1011010010000010010000011101100010000000000000000000000000000000000010
1010111100000110100011011111100111000000000000000000000000000000000010
1011110010001111001110011010001000100000000000000000000000000000000010
1010001100001101011111000000001100000000000000000000000000000000000010
1011111110100010100101011100111111100000000000000000000000000000000010
1011110101010000101100011101110110000000000000000000000000000000000010
1010011111101110000000000110001010000000000000000000000000000000000010
1011111000101111011001111001110100100000000000000000000000000000000010
1011110001010010101000011101111100100000000000000000000000000000000010
1011011000110000010000111100011110100000000000000000000000000000000010
1011100000000101000101101110100110000000000000000000000000000000000010
1010100010010101001001110110000100000000000000000000000000000000000010
1010011110110010111000101100100001100000000000000000000000000000000010
1010110001001011000110111011101011000000000000000000000000000000000010
1011110010001110000111110001111100000000000000000000000000000000000010
1010101110101011000000111110011110000000000000000000000000000000000010
1010111000000111101111111100101000100000000000000000000000000000000010
1011101000011010100011010011101101100000000000000000000000000000000010
1011101000000111100000011100000101000000000000000000000000000000000010
1010010100001010100000100010001110000000000000000000000000000000000010
1011110100011011001011110100001001100000000000000000000000000000000010
1011010011011001010000011010001001000000000000000000000000000000000010
1010010010111010101001011001101000100000000000000000000000000000000010
1011110011110000100001110010000100000000000000000000000000000000000010
1010011000011101111000001100111010000000000000000000000000000000000010
1011000100011011101111011100010010000000000000000000000000000000000010
1011011000011100101110111010110100100000000000000000000000000000000010
1011000011111110011111011110001110100000000000000000000000000000000010
1011001110101110011110001110000010000000000000000000000000000000000010
1010110001101111010010001110110011000000000000000000000000000000000010
1011001110001100101111001100110011000000000000000000000000000000000010
1011000001010110001101011101111111100000000000000000000000000000000010
1011111001011111111100000010001110000000000000000000000000000000000010
1011111001001111000100100110010001100000000000000000000000000000000010
1010100111001010010011101001011001000000000000000000000000000000000010
1010101011111100101101000011110001000000000000000000000000000000000010
1010001010010001101000101110100011100000000000000000000000000000000010
1011111101110000100100111010111101000000000000000000000000000000000010
1010110010000001110001010111100001100000000000000000000000000000000010
1011111000100101010111101000111110000000000000000000000000000000000010
1011100011111111101010000110101100000000000000000000000000000000000010
1010100010110010100101010000100011000000000000000000000000000000000010
1010100000001001001010010110111100100000000000000000000000000000000010
1010010101000100011010111010011111000000000000000000000000000000000010
1010101000110010011100101110110111000000000000000000000000000000000010
1010111000011110101001000000011011100000000000000000000000000000000010
1011010000010011101110111101001001000000000000000000000000000000000010
1010011101011010000001111111000111100000000000000000000000000000000010
1010011100010010110001101101110110000000000000000000000000000000000010
1010111100111111111101010010101000000000000000000000000000000000000010
1010010010110111111110110100110111100000000000000000000000000000000010
1010000101110100010100110010010110000000000000000000000000000000000010
1011001011001110000000000111000110000000000000000000000000000000000010
1010111101000110101111011001110111000000000000000000000000000000000010
1010100110110111101110100100110111100000000000000000000000000000000010
1010100010101101111110110010010011100000000000000000000000000000000010
1010010000010001010001011111010010000000000000000000000000000000000010
1010000001010100100100000001010000100000000000000000000000000000000010
1010000010100011101010001000100010000000000000000000000000000000000010
1010101111111100001101111011101011100000000000000000000000000000000010
1011011101000000101011011010001110000000000000000000000000000000000010
1010000110100001011000001101111010100000000000000000000000000000000010
1010000101010100110101111010011010100000000000000000000000000000000010
1011010111111101000101101100100110100000000000000000000000000000000010
1010000000011010100100110000110000100000000000000000000000000000000010
1010101100110101110111010001001010100000000000000000000000000000000010
1010001111001110000101101010011100000000000000000000000000000000000010
1010011100010010011110110111100010100000000000000000000000000000000010
1011000111100000001010010100001001000000000000000000000000000000000010
1010100010011101110001110110100000100000000000000000000000000000000010
1010010100001111011110100110001110000000000000000000000000000000000010
1010001111101100011011010111111010000000000000000000000000000000000010
1010000000110011000000111000110000000000000000000000000000000000000010
1011100111110111111101110110011001100000000000000000000000000000000010
1011101110011011011010011110111110100000000000000000000000000000000010
1010101010100001001001000010010011000000000000000000000000000000000010
1010111111010101011000100100100001000000000000000000000000000000000010
1010001110000011100001000011111100000000000000000000000000000000000010
1010010110011001001010000000111000000000000000000000000000000000000010
1010101000101111001101110001100110000000000000000000000000000000000010
1010001011101001110001111011000001000000000000000000000000000000000010
1011010110010110010000001001001111100000000000000000000000000000000010
1010101110101000100011010111100111000000000000000000000000000000000010
1010100011101000111100100101011100000000000000000000000000000000000010
1011100001001001110101110101011101100000000000000000000000000000000010
1011100100001010000010100110001001000000000000000000000000000000000010
1011110110111110111011111101000101100000000000000000000000000000000010
1011000111101110011011010111011111000000000000000000000000000000000010
1011001101111101110010110000011111100000000000000000000000000000000010
1010100000001011001011000011001011000000000000000000000000000000000010
1010010111100000111011111111011101000000000000000000000000000000000010
1010111001101010010000110110011111000000000000000000000000000000000010
1011101011011101110010010001010101000000000000000000000000000000000010
1010110101110110000001101100101110100000000000000000000000000000000010
1010000101000011010100010111000111100000000000000000000000000000000010
1011111010110000000101001001010101000000000000000000000000000000000010
1010101100100010010110001001000001100000000000000000000000000000000010
1010101011010001000000010010111010100000000000000000000000000000000010
1011001001001100001110000011000101100000000000000000000000000000000010
1011000100011011011111010111101111000000000000000000000000000000000010
1011011001101110000110000000111000100000000000000000000000000000000010
1010011110110101110001010001111110000000000000000000000000000000000010
1011111001100000000100001011010001000000000000000000000000000000000010
1010100110001111001101010101111101100000000000000000000000000000000010
1011110101000001000101010000001110100000000000000000000000000000000010
1010011010111000001100010101010000100000000000000000000000000000000010
1011100000101101100001000111001100000000000000000000000000000000000010
1011011111001001001011011100110010000000000000000000000000000000000010
1010111000101100011111111011011011100000000000000000000000000000000010
1010111111101000000011011111010001000000000000000000000000000000000010
1010100000010000110000111100010011000000000000000000000000000000000010
1010110000100000101011100101000101000000000000000000000000000000000010
1011000101010101101101111001101010000000000000000000000000000000000010
1011110111000000011111011110001100100000000000000000000000000000000010
1010011000000110011101110010111110100000000000000000000000000000000010
1010111111110111111100101000000101100000000000000000000000000000000010
1011111001110010111000101001000011000000000000000000000000000000000010
1010010101000000011001010001000100000000000000000000000000000000000010
1011110011101001010100010010111001100000000000000000000000000000000010
1010101100101101101100101101010101000000000000000000000000000000000010
1011111011111100101111001000101111000000000000000000000000000000000010
1010101100000100001010001011000110000000000000000000000000000000000010
1010010001101101011100111010111011100000000000000000000000000000000010
1010001011000011001000101111111111000000000000000000000000000000000010
1010110001010001001110011100100101000000000000000000000000000000000010
1010011111011110110001011011011000000000000000000000000000000000000010
1011111010101101001010011010111101100000000000000000000000000000000010
1010000010100100010110110111110100000000000000000000000000000000000010
1010011111010111011101100010000001100000000000000000000000000000000010
1010010010100000010011011011010010000000000000000000000000000000000010
1011101001111001101100010010010110100000000000000000000000000000000010
1011110101000100000010011110001010100000000000000000000000000000000010
1010101010010011011100010010010101100000000000000000000000000000000010
1011001010111001101101110001001100000000000000000000000000000000000010
1011001001000000000110000011010101100000000000000000000000000000000010
1011111001100111110110111101101000000000000000000000000000000000000010
1010111100110011100110110111111111100000000000000000000000000000000010
1011001110100010101011111110011111000000000000000000000000000000000010
1010111111010101001101011011010000000000000000000000000000000000000010
1011110010000101000101111001101101000000000000000000000000000000000010
1010010110100010000010100111110001100000000000000000000000000000000010
1011111010010101111001011111111010000000000000000000000000000000000010
1011010010100111101101001111001100000000000000000000000000000000000010
1011111100001110101111011001011000100000000000000000000000000000000010
1011010101100100000001010100111101100000000000000000000000000000000010
1011110011011110010100010110000110000000000000000000000000000000000010
1010101101011110101011100011101000000000000000000000000000000000000010
1011100011101111101000101010011001000000000000000000000000000000000010
1010000100110101000001101100111100100000000000000000000000000000000010
1011011100100000011011110110010001000000000000000000000000000000000010
1011100000011111111000010010010101000000000000000000000000000000000010
1011101111110100100011101011010011000000000000000000000000000000000010
1010010000010101101101111010111111100000000000000000000000000000000010
1010011001101001011001100101001011000000000000000000000000000000000010
1010000000010000101000000100101001000000000000000000000000000000000010
1011111101111001100101101000011010000000000000000000000000000000000010
1011100000111010101001110010001000100000000000000000000000000000000010
1010000001010001111100010101010001000000000000000000000000000000000010
1010011100011101111110001100111011100000000000000000000000000000000010
1011100101011101101111000011010010100000000000000000000000000000000010
1011101110011111110110000000011111000000000000000000000000000000000010
1010110011000011101000100101010101000000000000000000000000000000000010
1011111011010000110110110111100110100000000000000000000000000000000010
1011110101001010100001010000100010100000000000000000000000000000000010
1011011100111000100111100010001111100000000000000000000000000000000010
1010000111110011011001100111000000000000000000000000000000000000000010
1011001001011011101100110110000000000000000000000000000000000000000010
1010001110111101101010110000101100000000000000000000000000000000000010
1011110100100101011110100100011110100000000000000000000000000000000010
1010100110101110000101010001010111100000000000000000000000000000000010
