1011101111001011100100100100110000010100001010010111011100100111001010
1010100001011001100101100100100110001111111110011101111100010100111010
1011000100110000011100111010011110110101011101010110001011110001111010
1011000011101010000111110100101111100010011110100011011001001100110010
1011001101101101110001100110010011011010111000001110111011000101111010
1011010100100001010101001100101100100101001101010000111100000010010010
1010101011001100011100100110011010101111001001001011011001110001100010
1011101101101001111100100100110011101101001001001101100001110111001010
1011110011110111110010011000101110001101110111001110100110101000000010
1010111111011111001010111010100101101010100011010111011001111101110010
1011000101111100111010000101001101000000010111001011100000000111101010
1011010001111101001010110100011110100101111010110011110101010001100010
1011110000000010111001110101100001001100101111100100110011100100001010
1010111000011001101001101000001111111001100000111011101100100101100010
1011101100011110101000001001011100100000110100010001010001010111100010
1010010111101111010101111110011001111100011100111000110110100000100010
1010011010011110111101000101010101011100111110001111101000000101000010
1010011000011001101100010101110110101111010011000000000100111110111010
1010100000100000100000110100110110001010011001000001111011011010100010
1011111000011011011100001110100000001101111111111001011011110100111010
1011000001010000101111000000111101010010101010010100111110110011001010
1010100101111110011010011100001001101000000001111100100011010000000010
1011101101001001010111011100101100111111110101011011110100001101010010
1010100100010111000100111100101011000101111001001100001010011010001010
1010001010011011100110100100011100111010111101010001100000111000110010
1010110111010100101111011011110000100000000110001000100000110001011010
1010011100001001101101011000101100011101101111101001111100011111101010
1011011010010101101110110011110111000010001010011111001010111101111010
1011000111110100010000100000100100010001011110110000111101011000001010
1010010000011101010010101101010101010101111000110100100110011101011010
1011100100000110000001100001010001111101111110000010011010110101001010
1010100001110110101101000010110100010101011010111100100100100000011010
1010010001110101100011100100011110110111110000101000010100001111100010
1011000000001010101100100011101100111001110000011000010100000100111010
1010111011100111001011001001000010000101000011111101011101110100111010
1010111101010001100101110010101111110100110101011010010110111001111010
1011100010000011000100000000100001100010101100010111011111100011010010
1011000101101000011110001010111100001111101011111011101001111010011010
1010011000111000100000011011011000001010010101110111100110011010100010
1010111010101111001010111110011111000111101111000011010000011100110010
1011111101000010111101110111101000101000101001011101110100001110011010
1010111010101101111010100110010101111100101101100111101001001001101010
1011111001011100101001011011000000001101101001111010010100110011010010
1011101101000101111101010100001000110000111110110101101001101101010010
1011000111101001011100001100110100000001101011011011000110111101100010
1011001100010111011100100010001010000001100100011000011100101001110010
1011101111011011111101000111101100001000100101010011100110000001100010
1011001101000111111101110100111011111110110001001010010100101101010010
1010100001011111100101100110010100000000000111001010010110001111100010
1010010100111011001110110011110010110010011011010001000001001110011010
1011101010101010000011101100001101011001011111110100000011111010110010
1010100101011000110010011000101101100110011100111000101111101001000010
1010000000001111110011010101001000111000100000110101100110100111000010
1011010110110011010110001101111111110111101101000010110011011110001010
1010010110010010110111110101100100010111111110001010110111001101111010
1011110110100101111000100001101010001111110100010001100001001110001010
1011101111110100000101001111001100000101111010101000101001101010010010
1011110100001010001111010000011110111101111110111011111101011111000010
1010100111001010110111101100001100101011111011110011010111111011101010
1011100001011101011101010001100010100001101001100001110011011111000010
1010100111001010010010111000110001011011101101011110111100101110111010
1011100010110101100000101001110110000011111010111110110000101100000010
1010011011110010011110011011000101011001000100100110011110110110010010
1011110111111000100100110101111101110111101011101001010000000000100010
1010000111100101100001000110010100000100100111110110101010011001100010
1010001001101000110000010010011101101101010110001110011110110000010010
1010011101010000111111110101111100010001100011011010110110001111101010
1010101000001010000100110000111101000111100011011111111110101000110010
1010101111110100100101100011000111100111000110010110101111111001101010
1010101010111111000100011101110111101101001010110110010011100010000010
1010010111000000000011110110101001000000100011111010001000001110110010
1010110011110011000101000001101111110011011100001100110110000011010010
1010011001000010000101011100011000010000111111101001100011111110111010
1010011000001001000001011100100100101001000011011110010010001001000010
1010000001111111100101000101000100001100011110011000110000110111001010
1011001100001001100100110110111111111000101011001101000100110000111010
1010001011011000000100001101001111001100011111011001001101011000100010
1010010000100001000001111111011011011011100110100100010100010011011010
1010000110110000001110000001011110001000011110011001001011111001011010
1010101101111111100011111111011100001000110010110000010010010001111010
1010001100100001001100001110010110101000111101101111001010000010000010
1010110010100000000001001010101110001010011101001101000011001010111010
1010100011111011010111100111011000111011000001110001000100110001010010
1011100101100100000110011010010111111100011101010011000011010100100010
1010001000111011100110100001011010110011011111111010100010001001101010
1011011000011000010111000001011111000100001100001101000000000001010010
1010010110111101000101100010001010011101101110010011101100011011101010
1011010000011000100000001101111100001000111100100101110001000101000010
1010010101011000010110100011010000100111101100000000100111001001101010
1011110110011101110100010001001100001010100101000010010011110000010010
1010010100100100110100111010100011011001110000011100100010010111111010
1011110111100111000001001101001111110110111110101000011100100001111010
1010001001001100100110010000100011010010111110101100110010110101001010
1011010101001011010101100101101100001010100101001011100011111111110010
1011110110101000010011001001010000000010001000101000101110100000011010
1011000100111011001000101100111010010001001100010110000100011010001010
1010110100001110000100000100011010001101100101101111110101010100010010
1010011000010110110100000010011010011100000110001011110000000100010010
1010010100111110100101000101001101010111000100001011111010101000111010
1010011011011101101011110111000010011011101101000101111111110100000010
1011010011000000100110001000111110000001110011100001110011001011110010
1011000110100100010111100011010101011001000010001011100011110001001010
1011111100000111011011101000011101110111110111101011100010111010110010
1011111111111001110111110001011000111001100110100101101110101011000010
1010101100101000000010110001001001100100010001100010111100100100101010
1010101101101101100110101111111100111110101000111010100010101011000010
1011001010101101110101110001011000000000011000111100111010011111111010
1011000111101000000001000101111101001101010100010010111010001111000010
1011100111001101010001100110001000101011111111110101101111111111100010
1010111101011010011111111000001000100101010110000000011011101010111010
1011010110010010110101110100111001001101110110111001101011101111010010
1011011001011110111111101011010100100001000110010011111000000010100010
1010001101111111111101100010011000100110001101101001101111011100011010
1011111000011011010011011010111000101000110011100100111110000000010010
1010101100011110011000111000010000010101111110101001111011111111110010
1010010010101100001001101100001000101111101011010101000011001001111010
1011110001000111101001100011100011101010011010101111001011011011100010
1010000100101100101100110110111110100001011001110011000100000111111010
1010011111001001001111000001101101001100111011101111000111010010110010
1011100000110010111011101100011010101101000101011110000111000000010010
1011100010100000011010001010001100101110110001110111001101011000111010
1011011100100001011110000110000011100100010000000010111111101010010010
1010101000101101000111101110001010001111011011101101110110011110010010
1010100011101101011111011110010011111000100011101001011101100110010010
1011001110101100010111010111110000101010010001000101110001010100010010
1010110011001011000111100001001011000101001110100000000100101000000010
1011001010011011000011100101000011001001011001000010100000010100011010
1010010000101011101011010100110010010101101111000011000111000010011010
