1010110100001110010110011011010000100000000000000000000000000000000010
1010000110111000100000100001001111000000000000000000000000000000000010
1010010011000011011000110110001001100000000000000000000000000000000010
1010011011110111010110010001001101100000000000000000000000000000000010
1011010000111011010111000101001011100000000000000000000000000000000010
1011011110101101010110111100100000000000000000000000000000000000000010
1011011100011101101011111010100011100000000000000000000000000000000010
1010110101000000101000001001110100000000000000000000000000000000000010
1011000100010110000111010011111110000000000000000000000000000000000010
1011011010100010000110011000010110000000000000000000000000000000000010
1011100110100011110111001110110010000000000000000000000000000000000010
1011101010101001000100110011011001100000000000000000000000000000000010
1010110001000100111100110011010001000000000000000000000000000000000010
1010101111000000101011011011111011100000000000000000000000000000000010
1010101000011100000110001111011011100000000000000000000000000000000010
1010000101111110000111000001011100100000000000000000000000000000000010
1010101111111111001010001110001001000000000000000000000000000000000010
1011010001010101111101100110110000000000000000000000000000000000000010
1010010110100010110100111110100110000000000000000000000000000000000010
1011101101101011100011110000101111100000000000000000000000000000000010
1011100000110000010100001110100011000000000000000000000000000000000010
1010011010001101111001111011101111100000000000000000000000000000000010
1010001001110100110010111110011110100000000000000000000000000000000010
1010100110001100000011011110010001100000000000000000000000000000000010
1010001010011011000110000110111111100000000000000000000000000000000010
1010000100100000000001110011110110100000000000000000000000000000000010
1010000010010010111111011001110110000000000000000000000000000000000010
1010000010100000110111111001111101100000000000000000000000000000000010
1010100100000101000101100101100100000000000000000000000000000000000010
1010011011111010000001100111100011100000000000000000000000000000000010
1011100011100100100011100101000000100000000000000000000000000000000010
1010000000101000000010001000111111100000000000000000000000000000000010
1010100110100000111110011100010011100000000000000000000000000000000010
1011000000011100101100110001110100100000000000000000000000000000000010
1011100010001100011111010101000100100000000000000000000000000000000010
1010101000110000101000111100111011000000000000000000000000000000000010
1010111011010111001111100011101101100000000000000000000000000000000010
1010100001101001001011110010111001100000000000000000000000000000000010
1010001011100111100101110111101111000000000000000000000000000000000010
1010111001100110100000011110011110000000000000000000000000000000000010
1011010000001001111101111011111100100000000000000000000000000000000010
1010010100000000100100110010001100100000000000000000000000000000000010
1011000110000100011111010010011100000000000000000000000000000000000010
1011000001101011011110011111001001000000000000000000000000000000000010
1010100011010010110100111011011011000000000000000000000000000000000010
1010010001011011110001001000000110100000000000000000000000000000000010
1011010111110101001111011011001011000000000000000000000000000000000010
1010110011100101110001000110010001000000000000000000000000000000000010
1010001010001100111001011100001011100000000000000000000000000000000010
1011110101011101111001111010001110100000000000000000000000000000000010
1011110010100010000101100011011111000000000000000000000000000000000010
1011110110100001110100111101000101100000000000000000000000000000000010
1011001110100011101110111111011110100000000000000000000000000000000010
1011000001000011111111101011101101100000000000000000000000000000000010
1010000101011010001010010111011110100000000000000000000000000000000010
1010100000000001111011010001111101100000000000000000000000000000000010
1011011101010000111111010110001011100000000000000000000000000000000010
1010010101110000100000100010001110000000000000000000000000000000000010
1010100110111001001111100010111111100000000000000000000000000000000010
1011110000000000110111100101000101100000000000000000000000000000000010
1010001001010011000110010001001111100000000000000000000000000000000010
1011000001100100011110111011001101100000000000000000000000000000000010
1010000100111111001100010101100110100000000000000000000000000000000010
1010110001110100110000010110111111100000000000000000000000000000000010
1011011110100101010111110000011110000000000000000000000000000000000010
1010000011011110100001101110111011000000000000000000000000000000000010
1011011010000010111101011010010101100000000000000000000000000000000010
1010101010111001100001110000001110000000000000000000000000000000000010
1010000000001011110010101101011000000000000000000000000000000000000010
1010100001110010010100010111001001000000000000000000000000000000000010
1010001011111110000110110111110010000000000000000000000000000000000010
1010000001001000110000010000111001100000000000000000000000000000000010
1011001110010000001101100110010000000000000000000000000000000000000010
1010100001000110100110000000011000100000000000000000000000000000000010
1011010011011010100111010000111101000000000000000000000000000000000010
1010100110110000010111100111111111000000000000000000000000000000000010
1010000110001110010101010101110111100000000000000000000000000000000010
1010111000100101111110110000000010100000000000000000000000000000000010
1011011010110000101101001111101101000000000000000000000000000000000010
1011100001011000001111100010100101100000000000000000000000000000000010
1011111011010000000010101111000010000000000000000000000000000000000010
1011000000110101100101111001001010000000000000000000000000000000000010
1010010111000000010001011110010111000000000000000000000000000000000010
1010101101001000001111011111110011000000000000000000000000000000000010
1010011110101010100100001001000100100000000000000000000000000000000010
1011000110001010110111010000001010000000000000000000000000000000000010
1011110011001000101111000110101110000000000000000000000000000000000010
1011011010000000011011010101111111100000000000000000000000000000000010
1011101110110110100010101100111001100000000000000000000000000000000010
1010010100101110001110000110001111100000000000000000000000000000000010
1011100011010010010111011001101100000000000000000000000000000000000010
1010000001000010100110011111001110100000000000000000000000000000000010
1010101010001110100111101010010101100000000000000000000000000000000010
1011011111100011111110011011011000000000000000000000000000000000000010
1011101000000100011010111010101000100000000000000000000000000000000010
1011010000001010010000001111011111100000000000000000000000000000000010
1011100010000000100100101110111110000000000000000000000000000000000010
1011100010001000110011010011101001100000000000000000000000000000000010
1010011011001111000111011000100100000000000000000000000000000000000010
1010000001000100111000001010000100100000000000000000000000000000000010
1011000001001010001101111100010111100000000000000000000000000000000010
1010110000011110000011101001011101000000000000000000000000000000000010
1010100000100111101111110001111001100000000000000000000000000000000010
1011010111100100010001011001000000000000000000000000000000000000000010
1010010010110010010001111000001000000000000000000000000000000000000010
1010110001101000011011001111101111100000000000000000000000000000000010
1011011110000010101101011010100110100000000000000000000000000000000010
1011111101000000100101011111110111100000000000000000000000000000000010
1010001011010000000000100101110011100000000000000000000000000000000010
1011011100000110111001110110111011100000000000000000000000000000000010
1010000001010000110101100011010001100000000000000000000000000000000010
1010101110000111000100001111010110000000000000000000000000000000000010
1011001011001010101000001011111001000000000000000000000000000000000010
1010000011001101110011110011100010000000000000000000000000000000000010
1011100000111000000110000010001101000000000000000000000000000000000010
1011100110001110110111100010110111100000000000000000000000000000000010
1011000100100010100110110010110110000000000000000000000000000000000010
1011010001010010010111010110100100000000000000000000000000000000000010
1011011010001101101100111111000100000000000000000000000000000000000010
1010111100100011100100000101101101000000000000000000000000000000000010
1010101000100111011011111011100000100000000000000000000000000000000010
1010000001001100011001100001111010000000000000000000000000000000000010
1011001101001101110011010111011110000000000000000000000000000000000010
1010010010101111110101101000000111000000000000000000000000000000000010
1011110000111100011101110010011110100000000000000000000000000000000010
1010000101000101110111101110111101100000000000000000000000000000000010
1011111000000100010100001001101111000000000000000000000000000000000010
1011101000001111110100111111101101000000000000000000000000000000000010
1011011101000110111111000010100110100000000000000000000000000000000010
1011001111011001110101111011001110100000000000000000000000000000000010
1011100000111000110010110110011010100000000000000000000000000000000010
1011010000101100001100001111010110100000000000000000000000000000000010
1010100011100111100111111100000110100000000000000000000000000000000010
1010010101100001111101101000001100100000000000000000000000000000000010
1010000010101101101110111001111010000000000000000000000000000000000010
1010000100001010100011010110000110000000000000000000000000000000000010
1010000110000111000011101011001110000000000000000000000000000000000010
1011000011001000101100110000100011100000000000000000000000000000000010
1011000001010100011011110011110011000000000000000000000000000000000010
1011011011111000010111110110001111100000000000000000000000000000000010
1011001110100010011001100101110010100000000000000000000000000000000010
1010110001100001001100000111011111100000000000000000000000000000000010
1010110001001111001001010011000001000000000000000000000000000000000010
1010100010011000111111011001100111100000000000000000000000000000000010
1011001110111011111011110011101110000000000000000000000000000000000010
1010011000010011000010110000110001000000000000000000000000000000000010
1010001101110000010010010111111110100000000000000000000000000000000010
1010010101001010100011010010000001100000000000000000000000000000000010
1010000010000000001011101111110010100000000000000000000000000000000010
1010100101000000001100010001001001000000000000000000000000000000000010
1011101001011011011001111001110100000000000000000000000000000000000010
1010110010010010000101100100011101100000000000000000000000000000000010
1011000100010011101000101000011110000000000000000000000000000000000010
1011010110001001010111111011010110100000000000000000000000000000000010
1011001101010000010011110010100101100000000000000000000000000000000010
1011010001001110100000101111110010000000000000000000000000000000000010
1010000101101010000001100101000010100000000000000000000000000000000010
1011000010110011101111111110000000100000000000000000000000000000000010
1011001001101011001000111001110011100000000000000000000000000000000010
1010110111100001000101101111110001100000000000000000000000000000000010
1010111001110010101010001111101011000000000000000000000000000000000010
1011010010000010100011111011011101100000000000000000000000000000000010
1010010011001000111001100000110011000000000000000000000000000000000010
1011011100000010001011001110110111100000000000000000000000000000000010
1011111100000001100001101001000111100000000000000000000000000000000010
1011011001001000110011111110001111100000000000000000000000000000000010
1011000110101011000011010101000011000000000000000000000000000000000010
1010111111010010100110011011111111000000000000000000000000000000000010
1010110000000100000000100011000110000000000000000000000000000000000010
1011100111010000110101101111100100100000000000000000000000000000000010
1011001011000100000111100110101010000000000000000000000000000000000010
1010011000101111001100111010011011000000000000000000000000000000000010
1011011000010001011000000001111110100000000000000000000000000000000010
1011111111000000100011110110110011000000000000000000000000000000000010
1011010011101100110010000011010010000000000000000000000000000000000010
1011000101000000100010101110011010100000000000000000000000000000000010
1011110100100010010000110001001111000000000000000000000000000000000010
1011010000111100100000101100011100100000000000000000000000000000000010
1010000000010111010101001111100010100000000000000000000000000000000010
1011001110011110001100100001001111000000000000000000000000000000000010
1010011101100111100011110111111001100000000000000000000000000000000010
1011100001001000010111001110110111000000000000000000000000000000000010
1011010001100111101000110111100001100000000000000000000000000000000010
1010011001100001101011011011100111000000000000000000000000000000000010
1011011010000000000101111111000011000000000000000000000000000000000010
1011100011010010011110100011001111000000000000000000000000000000000010
1010010101000110011100001100111111100000000000000000000000000000000010
1011101101010001100100000011011100000000000000000000000000000000000010
1011001000001110101111101001000001100000000000000000000000000000000010
1011010001101010111011011110110111000000000000000000000000000000000010
1010110000111110010010001110100111100000000000000000000000000000000010
1011101101010001100100000011011100000000000000000000000000000000000010
1011001001110000101011000111011011100000000000000000000000000000000010
1011010111010011111100101111011101100000000000000000000000000000000010
1010000110110110011010111111011001000000000000000000000000000000000010
1010000000001000000100001001110110000000000000000000000000000000000010
1011100010100111101101000010100010100000000000000000000000000000000010
1010011101000010110111011000111011000000000000000000000000000000000010
1010001010010110110010100011011011100000000000000000000000000000000010
1010100001011001110010100111001000100000000000000000000000000000000010
1011101001110001000101111100001011100000000000000000000000000000000010
1011000000011101011011001111111110100000000000000000000000000000000010
1011001110000111000110011100100011000000000000000000000000000000000010
1011100110100001100111110000111101100000000000000000000000000000000010
1010010100001000111000000101111001100000000000000000000000000000000010
1010010101111000000111010000001101100000000000000000000000000000000010
1011110010101001111011100110110101000000000000000000000000000000000010
1010101111101001000100111101001010100000000000000000000000000000000010
1011001101101110011111110111011001100000000000000000000000000000000010
1011110110010001000111011101101111000000000000000000000000000000000010
1011101110000001100010011111001001000000000000000000000000000000000010
1010111001111010010010111111111110100000000000000000000000000000000010
1011000100011101111000110001111011100000000000000000000000000000000010
1011010101100001100110001011100111100000000000000000000000000000000010
1010001001000011010101010010101000100000000000000000000000000000000010
1011100010101010010001010110110100100000000000000000000000000000000010
1010011001100000111111110110001101100000000000000000000000000000000010
1010100101100100000011110101011001100000000000000000000000000000000010
1011110010111100100110101011111001000000000000000000000000000000000010
1010011000100100010111000100100100000000000000000000000000000000000010
1011000001101001100011100100101101000000000000000000000000000000000010
1011110111010100011110011110000010000000000000000000000000000000000010
1010000100001001010111011010110111100000000000000000000000000000000010
1011100110001011110011111100111110100000000000000000000000000000000010
1010000001111110100001100011110110100000000000000000000000000000000010
1010110011001000110011100110010101100000000000000000000000000000000010
1011101010101111110011111011111011000000000000000000000000000000000010
1010001000100001011100001001111010000000000000000000000000000000000010
1011000101111110101001110110101111100000000000000000000000000000000010
1010000011100110010010000010001111000000000000000000000000000000000010
1011100010111000001100100001110101000000000000000000000000000000000010
1011010101100110010011100110011011100000000000000000000000000000000010
1010011101110000011110000011000000100000000000000000000000000000000010
1010000100101111000111101010110001100000000000000000000000000000000010
1010000100010110000000101011011011100000000000000000000000000000000010
1010110111101101110111111110110000100000000000000000000000000000000010
1010010000100101100111001110111111100000000000000000000000000000000010
1011111110100111011000110011010110000000000000000000000000000000000010
1011000001110000100000100101011100100000000000000000000000000000000010
1010011110011101011111100010101010100000000000000000000000000000000010
1011100111100011001011101000101100000000000000000000000000000000000010
1010010010000000101100001000111010100000000000000000000000000000000010
1010010000101110110110100101001110000000000000000000000000000000000010
1010110010101100011000111101110100100000000000000000000000000000000010
1011011001111001011110011110111111000000000000000000000000000000000010
1011110111000110111101111000100000100000000000000000000000000000000010
1011000010011100011101000100001010000000000000000000000000000000000010
1010111001000010011001000110001010100000000000000000000000000000000010
1010100000010001010100111011110011000000000000000000000000000000000010
1011010001100001000001101001011011100000000000000000000000000000000010
1011100000001000011011110101000111000000000000000000000000000000000010
1010000100000111101100011110100001000000000000000000000000000000000010
1010010011010100110111001001001011000000000000000000000000000000000010
1010110000001110011111110100011101000000000000000000000000000000000010
1011111100001100010101001010000000000000000000000000000000000000000010
1010010001011000100011101011111001100000000000000000000000000000000010
1011100010011001010001011101010101000000000000000000000000000000000010
1010000001100101100011010111011011100000000000000000000000000000000010
1011111100001000101100101000100110100000000000000000000000000000000010
1010101110011011100101100011010000000000000000000000000000000000000010
1010000011000010110110111010111000000000000000000000000000000000000010
1010010110001110001011100101011100100000000000000000000000000000000010
1010001011001110001001101010011010000000000000000000000000000000000010
1010000000111001000001101111111101100000000000000000000000000000000010
1011010010010011110011010010111111100000000000000000000000000000000010
1011011111101000000100100111011001100000000000000000000000000000000010
1011001100001011110001110100000111100000000000000000000000000000000010
1011100111101001001111111111000110100000000000000000000000000000000010
1010010110000100100011011010110111100000000000000000000000000000000010
1010000011100001001110111111010110100000000000000000000000000000000010
1010000011010010001000001001111001100000000000000000000000000000000010
1011100001111110100010111011111111100000000000000000000000000000000010
1011011110001110110100001000011011100000000000000000000000000000000010
1010110111100000000001111101110100000000000000000000000000000000000010
1010011110010001000001111100111111100000000000000000000000000000000010
1010101001101000100111010111011111000000000000000000000000000000000010
1010010101010100010110011011111111000000000000000000000000000000000010
1010010101101100010010111111011000100000000000000000000000000000000010
1011001000111010001111101001010010000000000000000000000000000000000010
1010010000111000111100011011011011000000000000000000000000000000000010
1011001110101101000100011010011111100000000000000000000000000000000010
1010100101000011000000110101111110100000000000000000000000000000000010
1011011100100001000100111110111111000000000000000000000000000000000010
1011101001001101000011000101001100100000000000000000000000000000000010
1011101100001100010011111011010100000000000000000000000000000000000010
1011100101001001101110000101011001000000000000000000000000000000000010
1010000010001000101111101001101110000000000000000000000000000000000010
1011011110110001100010010011011111000000000000000000000000000000000010
1010100001000010100110111110011101100000000000000000000000000000000010
1010101100001100011000100111100110100000000000000000000000000000000010
1011001000011001101001011111101011100000000000000000000000000000000010
1011110111101000011111111000110001100000000000000000000000000000000010
1011010110010110101111101000010110000000000000000000000000000000000010
1010000111000000100100001101110011100000000000000000000000000000000010
1011100101000011110110111110111001100000000000000000000000000000000010
1011010001101110100110100111011101100000000000000000000000000000000010
1011010101001100010010001011100100100000000000000000000000000000000010
1010000101110110101100111111001011000000000000000000000000000000000010
1010101001110100110011010111111001100000000000000000000000000000000010
1011110110011100010100011111110101100000000000000000000000000000000010
1010000100100001011001001111110110100000000000000000000000000000000010
1010000000101011000101001000010110100000000000000000000000000000000010
1010001010110000100001111110011000000000000000000000000000000000000010
1010011111001101011110111001111111000000000000000000000000000000000010
1011101101110000111111101111101011100000000000000000000000000000000010
1011001010110100010111111101011000100000000000000000000000000000000010
1011100001010110101111011110101110000000000000000000000000000000000010
1011000100011000001000111111000011100000000000000000000000000000000010
1010100100000001011111111011010100100000000000000000000000000000000010
1010110000101000111011100011010111000000000000000000000000000000000010
1011010010101100000101111010101100100000000000000000000000000000000010
1010000011110010111111110001111101000000000000000000000000000000000010
1010011010001100001111110010101011100000000000000000000000000000000010
1011001110010101101100011011011110100000000000000000000000000000000010
1010000100001011000011110001011111100000000000000000000000000000000010
1011110101001001011110100011011001000000000000000000000000000000000010
1010101000001000001100110011100111100000000000000000000000000000000010
1010000110010000000000011010111111100000000000000000000000000000000010
1011010000000100011101111010010111000000000000000000000000000000000010
1010111110010000011100011111111011000000000000000000000000000000000010
1010110110110111101111101101110111000000000000000000000000000000000010
1010001000000001000001000101010000000000000000000000000000000000000010
1011001111011101010110010111010100000000000000000000000000000000000010
1010011010000001010001001010101101100000000000000000000000000000000010
1010011010010010100111010001111001100000000000000000000000000000000010
1010011101110010101000010010011001100000000000000000000000000000000010
1010011111001011100110111111110110000000000000000000000000000000000010
1010101000011100010110110110010111100000000000000000000000000000000010
1011000110010101111110111101111100100000000000000000000000000000000010
1010011001001111111111111011101111000000000000000000000000000000000010
1011000000101000110001010111110101100000000000000000000000000000000010
1011001010101001001011101111101001100000000000000000000000000000000010
1010101010000100010010000110111111100000000000000000000000000000000010
1011011110100001100101001011110111100000000000000000000000000000000010
1010001101100111110101110110011010100000000000000000000000000000000010
1010011010111100111011001010110011100000000000000000000000000000000010
1011100110110111011111100101111110100000000000000000000000000000000010
1010110111100011001011110001010101100000000000000000000000000000000010
1011010100000100101110101111100111100000000000000000000000000000000010
1011100011010001010000000111111100100000000000000000000000000000000010
1010011000100101001100100111111001100000000000000000000000000000000010
1010010111000000001101110111110110100000000000000000000000000000000010
1011111010000100110100111111110110100000000000000000000000000000000010
1011000000101001011001111111111001100000000000000000000000000000000010
1010000011101101100010100111001111000000000000000000000000000000000010
1011000010110100110110010001111010000000000000000000000000000000000010
1011000101100100010110111011110110100000000000000000000000000000000010
1011100000100010110000001010000010100000000000000000000000000000000010
1010100010100011000101100111101101000000000000000000000000000000000010
1010011100100011101101010001111011100000000000000000000000000000000010
1011001000100000000100111011100001100000000000000000000000000000000010
1010100000100111010110001000100111100000000000000000000000000000000010
1011010010110111000111110010001001000000000000000000000000000000000010
1011110010100100100100000110101100000000000000000000000000000000000010
1010110001100000010110110010110011100000000000000000000000000000000010
1011100001000010101010000110001100000000000000000000000000000000000010
1011000011101110100101000111111000100000000000000000000000000000000010
1010101001100010101000111010011110000000000000000000000000000000000010
1010111000111100001101110001101111100000000000000000000000000000000010
1010100010001100100011010100110111000000000000000000000000000000000010
1010011010010100110000001010110010100000000000000000000000000000000010
1011101111000101100011011110011001100000000000000000000000000000000010
1010110010011111101111110111000000000000000000000000000000000000000010
1010100010100000000001000100011100000000000000000000000000000000000010
1010001000100101100111001001111000100000000000000000000000000000000010
1011100011111110110010101010111111100000000000000000000000000000000010
1011110001110000010000011001110011000000000000000000000000000000000010
1010000010010111000111011010110110100000000000000000000000000000000010
1010000110100000000010111011011110000000000000000000000000000000000010
1011011000100001010110111011000101100000000000000000000000000000000010
1011010010010010101111010010011101000000000000000000000000000000000010
1010110110110100010101000111001110000000000000000000000000000000000010
1010101000011010001111010010111110100000000000000000000000000000000010
1010101001101001100100101110011010000000000000000000000000000000000010
1010101100001010011101110001011100100000000000000000000000000000000010
1010000101000011111110000011000000100000000000000000000000000000000010
1011001000101010011010101010011100100000000000000000000000000000000010
1010010110110010110111101011010111100000000000000000000000000000000010
1011100000001011001110101101011110100000000000000000000000000000000010
1011010111100001000101010001100110000000000000000000000000000000000010
1010000000000101110001101110001000100000000000000000000000000000000010
1011110010110111000101111010001110000000000000000000000000000000000010
1010011101000110110110011001010000100000000000000000000000000000000010
1010111010000001010111000110110101000000000000000000000000000000000010
1011011110000110110000001111001010100000000000000000000000000000000010
1010100110001000010101101110001011100000000000000000000000000000000010
1011000001001010011000000111111011000000000000000000000000000000000010
1011011110001000101110010110100111100000000000000000000000000000000010
1010100000010101101111000010111000100000000000000000000000000000000010
1011100001000111010000101110100111000000000000000000000000000000000010
1010000110011011101111110110010100100000000000000000000000000000000010
1011001001100101011111001011001000000000000000000000000000000000000010
1010110100001000101100110110100110100000000000000000000000000000000010
1011000000001111011001101001101111100000000000000000000000000000000010
1011011110011100000111010111111110000000000000000000000000000000000010
1011001010000101101010000101101010000000000000000000000000000000000010
1010001010111100001001001101100001100000000000000000000000000000000010
1010000101000000010111101110101100100000000000000000000000000000000010
1010100011110010011011111100111010100000000000000000000000000000000010
1011101011100011101011100111100101000000000000000000000000000000000010
1010100100001101010001101011100111000000000000000000000000000000000010
1011001000111110010001110001001100100000000000000000000000000000000010
1011111110110100000100000110110110000000000000000000000000000000000010
1011111001010100001001011001101001000000000000000000000000000000000010
1011000010110000111101011101111111100000000000000000000000000000000010
1010100100000000001110011111010100000000000000000000000000000000000010
1010001010000010001110100110101011100000000000000000000000000000000010
1010001101000101110110100000111011100000000000000000000000000000000010
1011101001100001001110011001101101100000000000000000000000000000000010
1010110111011110000010101101111111100000000000000000000000000000000010
1010000110111100001001100100100111000000000000000000000000000000000010
1011110100000101110101010100111101000000000000000000000000000000000010
1010101101011011010011000101001111000000000000000000000000000000000010
1010101111100010101001011011110101000000000000000000000000000000000010
1011010111101100001110011010011110000000000000000000000000000000000010
1011011111011101000110010110000110100000000000000000000000000000000010
1011010010110011011010111111101111000000000000000000000000000000000010
1011011010010100101001011110111011100000000000000000000000000000000010
1010001111010000010101101011101001100000000000000000000000000000000010
1010100100110001111111000110111101100000000000000000000000000000000010
1011110100000101001011010110101011000000000000000000000000000000000010
1010101010100100001111101101111111100000000000000000000000000000000010
1011100000100110100011111010101110000000000000000000000000000000000010
1010111010001100010110111101110111100000000000000000000000000000000010
1010100000011000001111011011011001000000000000000000000000000000000010
1011111100000001100010110000011110100000000000000000000000000000000010
1011001101101011100000101101011101000000000000000000000000000000000010
1011111110111000001110011111011110000000000000000000000000000000000010
1010111101010100101101100110000000000000000000000000000000000000000010
1010001110101111110111111011010111000000000000000000000000000000000010
1010001000110000110000111111010010000000000000000000000000000000000010
1010110010010100110110111101010100100000000000000000000000000000000010
1011111001101110001111010000110010000000000000000000000000000000000010
1010000100101110000010110100001111100000000000000000000000000000000010
1010011010101001111010101100000101000000000000000000000000000000000010
1011001101001001000101001110000110000000000000000000000000000000000010
1010000100000111101011100110101111100000000000000000000000000000000010
1010101101110000101101010101101011100000000000000000000000000000000010
1010110010000110100010010101101101000000000000000000000000000000000010
1010001100000111001100000001000110100000000000000000000000000000000010
1011010110001000101111100000010100000000000000000000000000000000000010
1011110000101110000010110010110100000000000000000000000000000000000010
1010100000101001000011001010110010100000000000000000000000000000000010
1011110111001111011100011110110110000000000000000000000000000000000010
1011000101000011001010010111101111000000000000000000000000000000000010
1010100101110001000100100010010111100000000000000000000000000000000010
1010000000010110010010111101100000000000000000000000000000000000000010
1010100100101110110101111110100110000000000000000000000000000000000010
1010011000110001000010001101100111000000000000000000000000000000000010
1011111100010100001011101110110011100000000000000000000000000000000010
1010000000101110101111010111010111000000000000000000000000000000000010
1011010101100000110000001100101111100000000000000000000000000000000010
1010001011101100011010010010001011100000000000000000000000000000000010
1010010010110001110010101110110100000000000000000000000000000000000010
1010101100000101111000010010011110000000000000000000000000000000000010
1010110100011000111101111111000000000000000000000000000000000000000010
1011001100110100010110011110100101100000000000000000000000000000000010
1011010010001111110010110010010011100000000000000000000000000000000010
1010101001100010001110101000011001000000000000000000000000000000000010
1011101010101101101011001101111100100000000000000000000000000000000010
1010010001000100000000111000111001000000000000000000000000000000000010
1010000001000111110100101110111111000000000000000000000000000000000010
1010101100111011000011011100111100000000000000000000000000000000000010
1011001111000110000101010101111011100000000000000000000000000000000010
1011010000101101011100101001101101100000000000000000000000000000000010
1011000101011111110100111100111011000000000000000000000000000000000010
1011110011001010001010110101000101000000000000000000000000000000000010
1010000100001001000111100000000111100000000000000000000000000000000010
1010011101000000001001110100010000100000000000000000000000000000000010
1011001100110010000101011101011001000000000000000000000000000000000010
1010100100101110011111101011100101100000000000000000000000000000000010
1011010001110011011001000100011000000000000000000000000000000000000010
1011011011000001101100010011001110100000000000000000000000000000000010
1011100110010110101011100100001010000000000000000000000000000000000010
1010111010100001011001011001100101000000000000000000000000000000000010
1010011000101100000101011110110110100000000000000000000000000000000010
1010010101001000000101100001011001100000000000000000000000000000000010
1010100001101000000100101011110100100000000000000000000000000000000010
1011010011010011110000101100011111000000000000000000000000000000000010
1010100101001010011100110100001010000000000000000000000000000000000010
1010000001000001011110100010110110100000000000000000000000000000000010
1011110001111100000111110000101000100000000000000000000000000000000010
1011111000110000010011111100111111000000000000000000000000000000000010
1010001011100100010100001100110000100000000000000000000000000000000010
1011110111010100101111101001010001100000000000000000000000000000000010
1011010111101001100110110111011011000000000000000000000000000000000010
1010100000111110100101110011101111100000000000000000000000000000000010
1011101110101111111111110100111110100000000000000000000000000000000010
1010001011001001011101101010001110000000000000000000000000000000000010
1010101000000000000101011100101011100000000000000000000000000000000010
1010111111100000011100111100110011000000000000000000000000000000000010
1011010010110010010011111010010011100000000000000000000000000000000010
1010100010010000111110110110101101000000000000000000000000000000000010
1011111101001110100101101010111000000000000000000000000000000000000010
1010100010011010101011110011110001000000000000000000000000000000000010
1010011111001100000110101110101000100000000000000000000000000000000010
1011100111100011001011101000101100000000000000000000000000000000000010
1010010101000001010000111011111111000000000000000000000000000000000010
1011100101110010011101101101001100100000000000000000000000000000000010
1011110101011001010110001111101001000000000000000000000000000000000010
1011001101111101001010111001101000000000000000000000000000000000000010
1010000011111110111011101101110101000000000000000000000000000000000010
1011010011100011010110101111011011000000000000000000000000000000000010
1011001101000101110101001100111001100000000000000000000000000000000010
1010010001101111000110101111010011100000000000000000000000000000000010
1010000010000111010111010001101010100000000000000000000000000000000010
1010110000001100111110011011100001000000000000000000000000000000000010
1011000000001101111001111111000011100000000000000000000000000000000010
1011000000111011011001111100101011000000000000000000000000000000000010
1010100100010111000010001010000000000000000000000000000000000000000010
1011001101001001100100110101101010000000000000000000000000000000000010
1011010011001100111011011100100110000000000000000000000000000000000010
1011011110110101010111110100001000100000000000000000000000000000000010
1010011000011000100101111001100101000000000000000000000000000000000010
1011100100101010100111011101110100100000000000000000000000000000000010
1010001000110100001011000000000100000000000000000000000000000000000010
1011000111001100100100100001101000100000000000000000000000000000000010
1010001011100000100000101001111011000000000000000000000000000000000010
1011000110101100101001001111110100100000000000000000000000000000000010
1010110000000001111110100000000010100000000000000000000000000000000010
1010110100000100010010000100101011100000000000000000000000000000000010
1010010100110101011100010100010011000000000000000000000000000000000010
1010011011101101001101101001000100100000000000000000000000000000000010
1010011000011000001110111110110100000000000000000000000000000000000010
1011001100011101001000010110101001100000000000000000000000000000000010
1010001000010010001111001000101001100000000000000000000000000000000010
1011101110111100100001110011011110000000000000000000000000000000000010
1010011000011010010111100110100010000000000000000000000000000000000010
1011011011100101001111101110101100100000000000000000000000000000000010
1010100111101000100111101001100101100000000000000000000000000000000010
1011000011100101000110010000101111100000000000000000000000000000000010
1011011010000010110100111110101101000000000000000000000000000000000010
1011010101010000100011001111011011100000000000000000000000000000000010
1010001101000100000010101101101110000000000000000000000000000000000010
1011001000111000110101000001011110100000000000000000000000000000000010
1011001000011001011010011000010111000000000000000000000000000000000010
1011101110011000110100000111010011100000000000000000000000000000000010
1010010010100010100011011111010111000000000000000000000000000000000010
1011000001010110101111111111111101100000000000000000000000000000000010
1011100000000000011110100110101110000000000000000000000000000000000010
1011100110010111100100101101110100100000000000000000000000000000000010
1011010000000100011001011100110001000000000000000000000000000000000010
1011111010001001011011000001001010000000000000000000000000000000000010
1010001011001000101110011011010010000000000000000000000000000000000010
1011011111110000111010001011010100100000000000000000000000000000000010
1011001110110010100100100101011000100000000000000000000000000000000010
1011110100110110001111101010111100100000000000000000000000000000000010
1011100111000100110101101110110110100000000000000000000000000000000010
1010001001111010010110111111101111100000000000000000000000000000000010
1010010110000010010110110101010011000000000000000000000000000000000010
1010101100011001000111100011111001000000000000000000000000000000000010
1011001000101100111000111001001000000000000000000000000000000000000010
1011101101100010101011010001101101000000000000000000000000000000000010
1011110001010011100101000100100110100000000000000000000000000000000010
1011000001010010000010011111110001100000000000000000000000000000000010
1011010110001111101101110110001111100000000000000000000000000000000010
1011001110100000100111110111110111100000000000000000000000000000000010
1011100001110011011011001110110011000000000000000000000000000000000010
1010100100100101000101011110110101100000000000000000000000000000000010
1011110110000100001101101110100010000000000000000000000000000000000010
1011000001010000001010010011111101000000000000000000000000000000000010
1011000000010111011010001101100110000000000000000000000000000000000010
1010111100010110001111011010001001100000000000000000000000000000000010
1010010010110010100011111110110100000000000000000000000000000000000010
1010111010000000000101000111110011100000000000000000000000000000000010
1010001101000000000110001111111101100000000000000000000000000000000010
1011001001001000011010111001111110000000000000000000000000000000000010
1010010110101011010111101111101111000000000000000000000000000000000010
1011101100101011001011111011010101000000000000000000000000000000000010
1010010000000000101110011110100100000000000000000000000000000000000010
1010101000000100110011011111010000100000000000000000000000000000000010
1010001100000000101111001111000000100000000000000000000000000000000010
1011000000110100110011001110110111000000000000000000000000000000000010
1010010101111110011101100011111101000000000000000000000000000000000010
1011110000000010111110011101000010100000000000000000000000000000000010
1010011011101011011001111011111100100000000000000000000000000000000010
1011110100010111011011010001101111000000000000000000000000000000000010
1010100101110000001111101011100100000000000000000000000000000000000010
1010100101110001011010011111111000100000000000000000000000000000000010
1010000111011110111010101110011110100000000000000000000000000000000010
1010101001100111111000011100000001100000000000000000000000000000000010
1010000001100001000011100010010100100000000000000000000000000000000010
1010000011111010010101101100100111100000000000000000000000000000000010
1011000100100001011101001011011110100000000000000000000000000000000010
1011010110101110100010110010111010000000000000000000000000000000000010
1011100001010000111111100100101001000000000000000000000000000000000010
1011100010101110100101011011011111000000000000000000000000000000000010
1011011010110011010001001011101001100000000000000000000000000000000010
1011100010100100101101011100000001000000000000000000000000000000000010
1011000000101111011011001100011100100000000000000000000000000000000010
1010100101000100001001110010101101000000000000000000000000000000000010
1010100001001001111110001101110010100000000000000000000000000000000010
1011101011101010010000001011111110100000000000000000000000000000000010
1011111010100101000001000010000101100000000000000000000000000000000010
1010110000101000111000101111101111100000000000000000000000000000000010
1011100011111010011001101101001111100000000000000000000000000000000010
1011011000010011000000001100110101000000000000000000000000000000000010
1010100110000001110100101100000111000000000000000000000000000000000010
1011110010101100001100011011011111100000000000000000000000000000000010
1011110100100010011000100110100011100000000000000000000000000000000010
1011000100010001111011101010000000100000000000000000000000000000000010
1011101010110101001011111111011011000000000000000000000000000000000010
1011000001111100010111011011101011000000000000000000000000000000000010
1011010100010000011110011010100111000000000000000000000000000000000010
1010101001101011000110110101110100100000000000000000000000000000000010
1010110110100000100010001000110011100000000000000000000000000000000010
1010000101111111100101101101111010100000000000000000000000000000000010
1010010110110000110110110111010111000000000000000000000000000000000010
1010110100111000110101100111100011000000000000000000000000000000000010
1011101000100011010111111010010111100000000000000000000000000000000010
1011101001010111111011110010111111000000000000000000000000000000000010
1011100001010000011100101011100110000000000000000000000000000000000010
1010000000101011100011110101000111000000000000000000000000000000000010
1010010000000000000101011000110111000000000000000000000000000000000010
1010111011010010100101001001100101100000000000000000000000000000000010
1010100000101010111010100111110101000000000000000000000000000000000010
1010110011110000110001101100110011000000000000000000000000000000000010
1010101100100111100110110101110101100000000000000000000000000000000010
1011000101110100000010000111111011100000000000000000000000000000000010
1010110011000001001101101010110000100000000000000000000000000000000010
1010000011001011100110011110100100100000000000000000000000000000000010
1010100111100111001011001010101011000000000000000000000000000000000010
1010100000000001000110101001000011000000000000000000000000000000000010
1011110000101110001010010111011101000000000000000000000000000000000010
1011000101010000101000111010000010100000000000000000000000000000000010
1011010010000000110001001111110001100000000000000000000000000000000010
1011011100011110100010101110011111100000000000000000000000000000000010
1011100110011111001100100110001111000000000000000000000000000000000010
1011000011110010100010010100111111100000000000000000000000000000000010
1010000001111000001010110000101011100000000000000000000000000000000010
1010110010000100101111000011010110100000000000000000000000000000000010
1010001101110001101010010110111100000000000000000000000000000000000010
1010000000100101110011001000000010000000000000000000000000000000000010
1011110000011001101001101110100100100000000000000000000000000000000010
1011011000001001001111000011110101100000000000000000000000000000000010
1010111001000100111101111111011111000000000000000000000000000000000010
1011101001110000000111011110110000000000000000000000000000000000000010
1010111100101000001100011000110001100000000000000000000000000000000010
1010100000111111011011101101100011000000000000000000000000000000000010
1010111111011110101111001001111110000000000000000000000000000000000010
1011100011110000000000100011100011000000000000000000000000000000000010
1011100010010000101010011001101011100000000000000000000000000000000010
1011101001001001011000000111100100000000000000000000000000000000000010
1011100000000010100101100101011001000000000000000000000000000000000010
1010000100110000001101001101111011100000000000000000000000000000000010
1010011010000000110110100011110011100000000000000000000000000000000010
1010101011011101110011010110000111100000000000000000000000000000000010
1010101110010010001101101101101001000000000000000000000000000000000010
1010000101000000100100000010110001100000000000000000000000000000000010
1010101111100100010101011001000101000000000000000000000000000000000010
1011000011000010101001000001101100100000000000000000000000000000000010
1010110110010000100011110101011100100000000000000000000000000000000010
1010011010100001001010111111001001000000000000000000000000000000000010
1011000111001001000111000000110101100000000000000000000000000000000010
1010010111101000000010011010110000100000000000000000000000000000000010
1010010110110101000111111111000100000000000000000000000000000000000010
1011000010100101111010111110011111000000000000000000000000000000000010
1010011010001011010100000100000010000000000000000000000000000000000010
1010000011110101011110110011011011100000000000000000000000000000000010
1010000110100100101001111111110001100000000000000000000000000000000010
1010011010101011010110001011100111000000000000000000000000000000000010
1011100100010101001010110110101110000000000000000000000000000000000010
1011010110000000000100011100001100100000000000000000000000000000000010
1010010110011100010011111100001001100000000000000000000000000000000010
1011010111110110001010110010010110100000000000000000000000000000000010
1011010111110110001010110010010110100000000000000000000000000000000010
1011011000001101100000100100010011100000000000000000000000000000000010
1011100100011110100000111111010110100000000000000000000000000000000010
1010000011000011000111000111110010100000000000000000000000000000000010
1010101111000101101101011111101100000000000000000000000000000000000010
1011110000100010011010000010011001000000000000000000000000000000000010
1010111101100101100111100110011101000000000000000000000000000000000010
1010100001000111111110111111100010000000000000000000000000000000000010
1010101101010110100100111110111101100000000000000000000000000000000010
1011101000100101111001010110110111100000000000000000000000000000000010
1010001010001110000101010000010111100000000000000000000000000000000010
1010000100001000010011011101111111000000000000000000000000000000000010
1010001100000101101001010101010011100000000000000000000000000000000010
1010011001010010011111110110100011000000000000000000000000000000000010
1010010000001000100100001001100110100000000000000000000000000000000010
1010100000010101011000001111010111000000000000000000000000000000000010
1010101111100010010011011101010101100000000000000000000000000000000010
1010101000010001011101110110111010100000000000000000000000000000000010
1010011011000100000010111011110010000000000000000000000000000000000010
1010011110000101001110111001001110100000000000000000000000000000000010
1011100000110000111100000111111011100000000000000000000000000000000010
1010001111101100110001111110001001100000000000000000000000000000000010
1010000001010000000001010001111110100000000000000000000000000000000010
1010100000010100111011011000111111000000000000000000000000000000000010
1010100100110000100011100011010110000000000000000000000000000000000010
1011000011101010000000111111011110000000000000000000000000000000000010
1010001001001101101101001100001001100000000000000000000000000000000010
1011000101101101100010110101111100000000000000000000000000000000000010
1011010010001111101001100111101100100000000000000000000000000000000010
1011000101100000111011111000110010000000000000000000000000000000000010
1011111000010001010111010011110000100000000000000000000000000000000010
1011011000101110000001011001000011100000000000000000000000000000000010
1010000010110000110111111111111111100000000000000000000000000000000010
1011000001111100111110110010100011000000000000000000000000000000000010
1010000010011111001010010100111001000000000000000000000000000000000010
1010100111100100000111001111001101000000000000000000000000000000000010
1010000000100011000001100100111110100000000000000000000000000000000010
1011111000001011011011110111110110000000000000000000000000000000000010
1010011100100100001011111010110100000000000000000000000000000000000010
1011010000010001011111101100000111100000000000000000000000000000000010
1010001110011111100000010111011011100000000000000000000000000000000010
1010011001110010011011001101000011000000000000000000000000000000000010
1011110010011100000111110111010100000000000000000000000000000000000010
1010001001011000000110101111010110000000000000000000000000000000000010
1011110001101101000100111100010000000000000000000000000000000000000010
1010100011110011010001001011101010100000000000000000000000000000000010
1010101001000100011011101010001010000000000000000000000000000000000010
1010000001000000010001010010001011100000000000000000000000000000000010
1010100010100110110000111110011010100000000000000000000000000000000010
1010001011110100110011011000111111100000000000000000000000000000000010
1010111010011011101111100000001111100000000000000000000000000000000010
1010111000110101111010001111011100000000000000000000000000000000000010
1010000100000111101011011100011110100000000000000000000000000000000010
1011010000000111010100001010010011000000000000000000000000000000000010
1011010010101101110010111110010111100000000000000000000000000000000010
1010011001010101110001010111000100000000000000000000000000000000000010
1010101110110100100110011100011111000000000000000000000000000000000010
1011000001111010101111001111001011000000000000000000000000000000000010
1010100111010100111111110011111011000000000000000000000000000000000010
1010001010100010000110110011001101000000000000000000000000000000000010
1010000001110110001011010110110000100000000000000000000000000000000010
1010001100100110101100011011011011100000000000000000000000000000000010
1010101110100011000010111101100011000000000000000000000000000000000010
1010001001001000101100101010110100000000000000000000000000000000000010
1010110101011001110011010011001001100000000000000000000000000000000010
1011011010001011110101100100110000000000000000000000000000000000000010
1010100110001100111101010000101010000000000000000000000000000000000010
1010101101100000010010110111011110100000000000000000000000000000000010
1011010011011110100011110101011001000000000000000000000000000000000010
1010000011011000110111011010000111100000000000000000000000000000000010
1010100101001111101011000110001101100000000000000000000000000000000010
1010010101100001000111011111110001100000000000000000000000000000000010
1011110011001111000010011110110101000000000000000000000000000000000010
1010110000101010110110111100110010000000000000000000000000000000000010
1010000011001111111011000010110111000000000000000000000000000000000010
1011010111110100100001011101111011000000000000000000000000000000000010
1011101110100010110101111011110100100000000000000000000000000000000010
1010100010110110100111001101101101100000000000000000000000000000000010
1011001011101100000100000111111000100000000000000000000000000000000010
1011001001001110001101110011111110100000000000000000000000000000000010
1011111010100001101000000110111111100000000000000000000000000000000010
1010000101001011000100000110110111000000000000000000000000000000000010
1010101100011001111111111101100110000000000000000000000000000000000010
1010000101000111011011011100011110100000000000000000000000000000000010
1010001001101001101110010010001010100000000000000000000000000000000010
1011001011100110100111111111000101000000000000000000000000000000000010
1011000001100100001111101011101101000000000000000000000000000000000010
1011000001000110000000111111110110100000000000000000000000000000000010
1011010110111000100000100111001011100000000000000000000000000000000010
1011111000100001011100001111101111000000000000000000000000000000000010
1010001001110011101101000001110010100000000000000000000000000000000010
1011110111000111010100011111011110100000000000000000000000000000000010
1011010011101001100110100100011010100000000000000000000000000000000010
1010000110100101011111000001100111000000000000000000000000000000000010
1010101101110100011100011011100001000000000000000000000000000000000010
1011001100011111110000100110111100000000000000000000000000000000000010
1010100010101100101110001101010111000000000000000000000000000000000010
1010110000010111100001101010100011100000000000000000000000000000000010
1010001001110010101110010011111111100000000000000000000000000000000010
1010010010101100011011010101011011000000000000000000000000000000000010
1010010100010001101100000101000011100000000000000000000000000000000010
1010011010000001011110010101010111000000000000000000000000000000000010
1011100000011101110100010001101011100000000000000000000000000000000010
1011001010110100000101000110010011000000000000000000000000000000000010
1011111000000000100101101111010011000000000000000000000000000000000010
1011000010011000000011000101111111100000000000000000000000000000000010
1010011001101010010101100100111110100000000000000000000000000000000010
1010111001000000110010011011010100000000000000000000000000000000000010
1010010100101000101000111101111110100000000000000000000000000000000010
1011101010100011010100010111011011000000000000000000000000000000000010
1010111111101001010010110001001110000000000000000000000000000000000010
1010010010111000010011100001010101100000000000000000000000000000000010
1011101000011100010000100010010010000000000000000000000000000000000010
1011001011110001011111110000101111000000000000000000000000000000000010
1010100011001100100100111110101111000000000000000000000000000000000010
1010000100100011111110111111100101100000000000000000000000000000000010
1010101111111000010010011111101011000000000000000000000000000000000010
1011011010010010111011001101011010000000000000000000000000000000000010
1010110001110000100110001100110111100000000000000000000000000000000010
1011001010011010110001001111010101000000000000000000000000000000000010
1011001110001100011011101110100011000000000000000000000000000000000010
1011100110010101011001100000010011100000000000000000000000000000000010
1010001110100111000010000110111011000000000000000000000000000000000010
1010101000000010101011111101110111000000000000000000000000000000000010
1010011000011010011110010111011001100000000000000000000000000000000010
1010111011000010010000111111001111100000000000000000000000000000000010
1010111111111101001011110111100110100000000000000000000000000000000010
1010001010010101111010010110011110100000000000000000000000000000000010
1011001101001101110010100111100101100000000000000000000000000000000010
1011101110000100111101110100001111000000000000000000000000000000000010
1011111100110101000011000101010100000000000000000000000000000000000010
1010011001000101111001100010110111100000000000000000000000000000000010
1010010111010000000101010101011111100000000000000000000000000000000010
1010001001010111101111110011100011000000000000000000000000000000000010
1010011110010000001001001110111111000000000000000000000000000000000010
1010010001110010100001010100001010100000000000000000000000000000000010
1011001110001010110100100000110111100000000000000000000000000000000010
1010100011110000110010100000100100000000000000000000000000000000000010
1010001000010100101101110011011010100000000000000000000000000000000010
1010011111100000100101110101101111000000000000000000000000000000000010
1011000010100101101101001011011101000000000000000000000000000000000010
1010000101010110010101011101110001100000000000000000000000000000000010
1010111110101110100111100010101011000000000000000000000000000000000010
1010000100100010111111011101101010000000000000000000000000000000000010
1010000101101000000111000001110101000000000000000000000000000000000010
1011111101010010101110101100101001000000000000000000000000000000000010
1011101001100111111100101011101100100000000000000000000000000000000010
1010001000001000001101011110010001000000000000000000000000000000000010
1011110111111011000001101110100111100000000000000000000000000000000010
1010011111100010010011110001111000000000000000000000000000000000000010
1011100001111000010001001100001010100000000000000000000000000000000010
1010101100011111001111110011010100100000000000000000000000000000000010
1010011100001111000000010001000000000000000000000000000000000000000010
1011100110011111001111101000110000100000000000000000000000000000000010
1011100001000111000001111011111111000000000000000000000000000000000010
1011000110010111001010111101110011000000000000000000000000000000000010
1010111110001100001100110010001011000000000000000000000000000000000010
1011111010110010100011011111011010100000000000000000000000000000000010
1010101101100000000010001100111011100000000000000000000000000000000010
1010110000011100110100110101001101000000000000000000000000000000000010
1010000110001010110101101010011001000000000000000000000000000000000010
1010000010001111011011101010000011100000000000000000000000000000000010
1010101111001000000100110011110010100000000000000000000000000000000010
1011000001110000111100010111111011100000000000000000000000000000000010
1011100011111001111110011110011000000000000000000000000000000000000010
1010110010010000011010110110110001100000000000000000000000000000000010
1011111101100001000101110111110111100000000000000000000000000000000010
1010011010011001001110100100011010000000000000000000000000000000000010
1011010000010110000101001110011110100000000000000000000000000000000010
1011011011001110010111010111111111000000000000000000000000000000000010
1010001100001101111000110001111100100000000000000000000000000000000010
1011101001110000100111111011111111100000000000000000000000000000000010
1010000000000101111000111101011110100000000000000000000000000000000010
1010000000010001001001101110111000100000000000000000000000000000000010
1010000100001101000110001111000011000000000000000000000000000000000010
1010111010001101111010111000111101000000000000000000000000000000000010
1010111010011011010011111110111011100000000000000000000000000000000010
1010101010011100001101111011010010100000000000000000000000000000000010
1010101010010111000110010011101110100000000000000000000000000000000010
1011100101010100101101001011000101000000000000000000000000000000000010
1011001101010101011011110111101110100000000000000000000000000000000010
1010101001001000010111010011110101000000000000000000000000000000000010
1010001100000101110001101001100011100000000000000000000000000000000010
1010010010011100110100100110110110000000000000000000000000000000000010
1010101011010000010100000010111101100000000000000000000000000000000010
1011010000000001000000111110110010100000000000000000000000000000000010
1011000110011110010000011111001000000000000000000000000000000000000010
1010100110010100100100101111011101100000000000000000000000000000000010
1010100010010110010111111100011111000000000000000000000000000000000010
1011111000010010000110111011101011100000000000000000000000000000000010
1011111010001000110011111011100001100000000000000000000000000000000010
1010000101000101100010000011101110000000000000000000000000000000000010
1010000001100110000100010001101000000000000000000000000000000000000010
1011011000011111100000001110100110100000000000000000000000000000000010
1010000101000010101011101110111110000000000000000000000000000000000010
1010001100000000001110101001110100000000000000000000000000000000000010
1010001000101111010111001011011100000000000000000000000000000000000010
1011110001011001000110011000001101000000000000000000000000000000000010
1011100001110011000010110110110001100000000000000000000000000000000010
1010101101101101010101001111110000000000000000000000000000000000000010
1010000000011101101010100001000100100000000000000000000000000000000010
1011001110011110000101111110001011000000000000000000000000000000000010
1010100001010000011000101001110001000000000000000000000000000000000010
1011110111100100000100100111111000000000000000000000000000000000000010
1010000011001011010110010001110111000000000000000000000000000000000010
1010001010111001100111101111010000100000000000000000000000000000000010
1010100000110100010001111111011100100000000000000000000000000000000010
1011110000001000010010000111001010100000000000000000000000000000000010
1010000101111111100111110101001100000000000000000000000000000000000010
1011001100000001001010111011111101000000000000000000000000000000000010
1011011101100110010111011001111011100000000000000000000000000000000010
1010000101110011101110111101101010100000000000000000000000000000000010
1010110110100001010101011001111011100000000000000000000000000000000010
1010000000010010100000110100110101100000000000000000000000000000000010
1011001101110001011001111110100010100000000000000000000000000000000010
1011110100011000100010010100010110100000000000000000000000000000000010
1011010110100111010011011111011100100000000000000000000000000000000010
1011101011110101000001011011111001100000000000000000000000000000000010
1010001101100110000011110110111011000000000000000000000000000000000010
1011111100101110110111101101110100100000000000000000000000000000000010
1011110000100110111101101110011111000000000000000000000000000000000010
1011011010000110110110100100110101000000000000000000000000000000000010
1011011000100000011000001011001011000000000000000000000000000000000010
1011001110111000100111101101100011000000000000000000000000000000000010
1010010110110010011100111111010100100000000000000000000000000000000010
1010101010110101001110010111111110100000000000000000000000000000000010
1011000010010010011110101001010011100000000000000000000000000000000010
1010010000100001010101100101101010100000000000000000000000000000000010
1010001111000100011000111000111011000000000000000000000000000000000010
1011100100000000100111010110111101000000000000000000000000000000000010
1011000110000100010101001100100000000000000000000000000000000000000010
1010011010000001000001101101111000100000000000000000000000000000000010
1011010011010011011110011111010111000000000000000000000000000000000010
1010011011110110100111100100110111100000000000000000000000000000000010
1010001100000111000101111001111011000000000000000000000000000000000010
1010110001110010010101011101100000000000000000000000000000000000000010
1010000011110010011101100001111001100000000000000000000000000000000010
1010000110110011010011001011000001000000000000000000000000000000000010
1010010101011111011111010110110101000000000000000000000000000000000010
1011010011011111011110011011010110000000000000000000000000000000000010
1011110110101101111011011010111010000000000000000000000000000000000010
1010001010010111101110100000111111000000000000000000000000000000000010
1011100010101010111101010110011111100000000000000000000000000000000010
1010100111110000000111111111011001100000000000000000000000000000000010
1011001000010000010101110000011001000000000000000000000000000000000010
1011000110010010010111011011100010100000000000000000000000000000000010
1011001000110001011110011111110111100000000000000000000000000000000010
1010000101010101101111111111010111000000000000000000000000000000000010
1010000100000110110100111111110100100000000000000000000000000000000010
1011111000001100110010101001101111100000000000000000000000000000000010
1011000000011010100101100101100011000000000000000000000000000000000010
1011001001010100011001101111010111000000000000000000000000000000000010
1011010000010000000101111000111100100000000000000000000000000000000010
1011010010101101110110100000101010100000000000000000000000000000000010
1010110100000000011000101010101100100000000000000000000000000000000010
1010100101001111100010101101111110000000000000000000000000000000000010
1011100010111101111111101100011111000000000000000000000000000000000010
1011011000000100010000000010111110000000000000000000000000000000000010
1010101101010100101111110111110010000000000000000000000000000000000010
1011100000000111000100111010011110100000000000000000000000000000000010
1010010001001000010101101101011001000000000000000000000000000000000010
1011010000000000100000101010010011100000000000000000000000000000000010
1011110000110001001011011010100001100000000000000000000000000000000010
1011001101110111111010101000101110000000000000000000000000000000000010
1011011010101111000001110110001101100000000000000000000000000000000010
1011100000000101000000011101011110000000000000000000000000000000000010
1010001010001100011110111010000000100000000000000000000000000000000010
1011001010000111101011000110101010100000000000000000000000000000000010
1010000110001001000101110101001100000000000000000000000000000000000010
1011000100110000010111000101110000100000000000000000000000000000000010
1011001000111101101011011110000111100000000000000000000000000000000010
1010010100110011001000111001110011100000000000000000000000000000000010
1010011111110000010000100111000101000000000000000000000000000000000010
1010100011010100010010110111111100100000000000000000000000000000000010
1011101110001000000110010111011111100000000000000000000000000000000010
1011011000011100100001111110100111100000000000000000000000000000000010
1011010000100011100110110011100000100000000000000000000000000000000010
1010001111100101100110001111111100100000000000000000000000000000000010
1010101100101100100010101111100111000000000000000000000000000000000010
1010101100001000111101100110001111100000000000000000000000000000000010
1010100100010001111101000110011000000000000000000000000000000000000010
1010000010000000001000001101111010100000000000000000000000000000000010
1010000001010110000110111100010010100000000000000000000000000000000010
1011000000100001000011010100000111100000000000000000000000000000000010
1010010000011000110111000001110101100000000000000000000000000000000010
1011000000111101111000101100110011000000000000000000000000000000000010
1010111100111000101000011110111010000000000000000000000000000000000010
1010000001011000101101100110110000100000000000000000000000000000000010
1010100101001000100110101100100100100000000000000000000000000000000010
1010000011000100000100001101101110100000000000000000000000000000000010
1011110100000000000111010110010110000000000000000000000000000000000010
1011000101001100001001111000110010100000000000000000000000000000000010
1010010000101100101110110110111110000000000000000000000000000000000010
1011011100100001000110111101000110100000000000000000000000000000000010
1010011000001110010111110010010111000000000000000000000000000000000010
1011100000100001101000001100001110000000000000000000000000000000000010
1010000111110000111111001110001111000000000000000000000000000000000010
1010001001000101100000101101101110100000000000000000000000000000000010
1010000011011001000111101010010101000000000000000000000000000000000010
1011001100001111000111001100110010100000000000000000000000000000000010
1010000111000110000111011000001100100000000000000000000000000000000010
1010110000011001110011101011011000100000000000000000000000000000000010
1011111000011001111101101000110000100000000000000000000000000000000010
1011000011011110111101011010101011000000000000000000000000000000000010
1010000101100001101000101011110011000000000000000000000000000000000010
1011000001001111001011011101110111000000000000000000000000000000000010
1010000010100010000011111100001110000000000000000000000000000000000010
1011101000010001100110111010100011000000000000000000000000000000000010
1010011110100110111111101111111010100000000000000000000000000000000010
1010001111011010001101001011111011100000000000000000000000000000000010
1011111000000101101101101001110101100000000000000000000000000000000010
1010001011010111000011101111011010100000000000000000000000000000000010
1010110101101011001011111110000110000000000000000000000000000000000010
1010001110111011101011100110011111100000000000000000000000000000000010
1010110101111000000111001011100101000000000000000000000000000000000010
1010010101101001000000001110101000100000000000000000000000000000000010
1010000000000110000111101110011110100000000000000000000000000000000010
1011101100011000001101111100000100000000000000000000000000000000000010
1011010001001100000101111101101100100000000000000000000000000000000010
1011001000001111000010011110001100100000000000000000000000000000000010
1010000010010101011011111101000110000000000000000000000000000000000010
1011100011010001101000110001011101100000000000000000000000000000000010
1010010110001010000101101011111110000000000000000000000000000000000010
1010000101101010110011100011000101100000000000000000000000000000000010
1011100010111000110111110101111001000000000000000000000000000000000010
1011100010111010001010001001111010100000000000000000000000000000000010
1010100101111111100101100101110110100000000000000000000000000000000010
1011011000100101001111001110011110000000000000000000000000000000000010
1010100010000101001110111001001111100000000000000000000000000000000010
1010101100001011110110001111110011100000000000000000000000000000000010
1010100111100001110001001010010000000000000000000000000000000000000010
1011110010000110001001110000001111000000000000000000000000000000000010
1010100010001010010000111101101000100000000000000000000000000000000010
1011100011110110001010111000010111100000000000000000000000000000000010
1011100011001000101111000111001001100000000000000000000000000000000010
1010100010101100001101110101100110100000000000000000000000000000000010
1010111000111000011110011000101100000000000000000000000000000000000010
1010010001110100010000001111111111100000000000000000000000000000000010
1010111110101001111111010100111001100000000000000000000000000000000010
1011110000001101110001011000100100100000000000000000000000000000000010
1011001001010100001101101101011000100000000000000000000000000000000010
1010100001101110000011111101110110100000000000000000000000000000000010
1011000000100001001010011111001111100000000000000000000000000000000010
1011100010110001001101110100101110000000000000000000000000000000000010
1010000000010111000111110001101111100000000000000000000000000000000010
1010111101100100101010001101100001000000000000000000000000000000000010
1011010010011011001110000110111011100000000000000000000000000000000010
1010101001001011111100011011101011100000000000000000000000000000000010
1011000000110000001010111111100101100000000000000000000000000000000010
1011010000001110010001110101100010100000000000000000000000000000000010
1010000000101001001101111000011011100000000000000000000000000000000010
1010000100101000011101010000100110000000000000000000000000000000000010
1010001101111000011001110000100111000000000000000000000000000000000010
1010100111100000111001000111001010000000000000000000000000000000000010
1011000111111101001101011010100111100000000000000000000000000000000010
1010100100010100010111011011110011000000000000000000000000000000000010
1010001100101000011110111110000001100000000000000000000000000000000010
1011010000110110000111001111100010000000000000000000000000000000000010
1011000001001000001100001111000111100000000000000000000000000000000010
