1010001001101000010010011010111000010011000000010101100000110000100010
1010010100111100101100001001001000010011110101101011110111000001111010
1010001010110101110001011001100100100011011000000001011100010010001010
1010101011010110011010110100001001101011000010011001011111001110010010
1010001100101110101101111100001010101111101100111110000101001011110010
1010011111110101101011101100101011000011100000101011111111100110100010
1011101101100101101111110010100011000010101001011011111111010110110010
1010100100110110011110101001010011100011100011101110111001011110111010
1010001100110011010101000111000111011100101101011111010001110001101010
1010011111010000110111100110101100111000111110010011110000100111101010
1010110101110111100101010010110000111101111110001010011101110110000010
1010100100101110100110100001011011000000100011111011101010001000010010
1011100100110010010001101111000101011110000110101101110110110011101010
1011111101011101110000111000100101110011000111111110001101101111011010
1010101110110001010100000000100001110001000011010111101111100111010010
1011110110111000001011011111010111000011110111111100111010110000001010
1010011000100001001010011100100011011101111001101100000010010111011010
1010111100011101001001011011000101111111000010010001000010111111000010
1011111001101000100110101001100100000110010011000000111111000111101010
1010011100110101010110111101101100100000111111100011000001100010000010
1011111100110100110011001000010100011111111110001111100010000001011010
1011101000100001011111010111010010101101111110100000111010001011000010
1010101100111000111110001000111001101011111100101000000011110001100010
1010110100101001000010101111010010100010011011101010010111111111000010
1010100101110110001010101101010011101101101010011010001001101111100010
1010001111100111111101101101110000001011010010000111010000111100111010
1010011001000110010101000000001111010001110000100010101100101000000010
1011110001010000011101001010101011101110111000001000001111101011110010
1010101101100000100110101001110000010110001100011001110010110110011010
1011001001110000101110111011111001001011101111101001000111101100010010
1010010101011101110101000011010010111010001001001001111000100101110010
1011000101001101011010000111101011111000001011001111011001001111000010
1010111110000010100110111000110100001000011111000010110111001100110010
1011010011110001101011000001001010010010110101001100110001101011010010
1010011011110011111000000100111000000101001000001100101001010101100010
1011010110110001000010001001011101100111001010011100000111011111010010
1011011111011111110101000001011101110001101111010110100110010100101010
1011110001010000100011000111000111111000111111001110011011111001000010
1011011001001100011110110110111101100001001000111101110100110101011010
1010100010010010011111100111001110001001010011011010011010111011111010
1011000101010101001110000001011010001101110100100111110110000001101010
1011000100010101000110000011110100011011101111101011011000100110000010
1010101100000010010101111000001101000100111000010110111100100010101010
1011111000011101000101001100011101001100100011100111111010011101010010
1011000011010000100011110100011110101010000111101100000101101100010010
1010001110010001010010000101100001110110011011111110110100010101101010
1011010011011000110011111000010111000010010110101111101111010010011010
1010011001011101101001000010011101111000000101100110011111110101110010
1011101110011100001010110010111000111000001101110110011100001000100010
1010101001001111001010000110011001100100001110001010100011011000110010
1011011011101000100010101000011011111011100101110000010110101101110010
1010011001111110111000110101011010010101111101101010010111110101011010
1010111001000101000101101011011111110011000110100111101101011111000010
1010101100010000000101101001101001110110001111010101111110100110101010
1010001001000001011000010111100001111101100100000011010100110011001010
1010101011011110101101000101111010000101011111110110111111111111111010
1010000101000110010010010100010000100001011001001010101001101011001010
1010100100010010101000000011000101110011100100010100101101110110001010
1011001110001000100011001110001110011101001000000011010111101100011010
1011100110110010010111001110010100000101010100011000001100110110000010
1010011110101110010110010000100101100001111101110111101000001001001010
1011100110001000101001001000010011010001100110010000011010010000000010
1011110110100010000001010001000011111011011001010111100000000111110010
1011011001101100101111100011100001001100110010101000000111101101011010
1010011001110100111111001000100010011001100010010001010101000110000010
1011000100010110110011111101101110100110000000001000101001010101010010
1010000100001100111011000110010100000001001110110100011100111110000010
1010100001110011101010011000011010001100111111010100101000010101100010
1010010001110100101000011010111101110111001010011111011110010011100010
1010010100100110011111011001000101101110001110101100000010001101011010
1011101010001001101010100011010111000010101101011010111001000111000010
1010100001101110001000100110110010001100101010110111101001100000101010
1011101110000110100010011110000101110001001111010101101001000111000010
1010111100111101010000010001101011010010001110111001101110001111001010
1010000011010111110111000000101011111001001100000101011100000110011010
1011011001100101001100110011010111010010111000011101110010010001010010
1011111011111111101011001011100000000101011110101101010111010100111010
1011010110001010101000010001111111010101111100110000100111100110010010
1011110100110010010101110101110001100111101110110001111100100011111010
1010110010001000000001011001000110101110110100111111100101011001000010
1010001011001000000100001111110010000010010100100100011110010100010010
1010111101001110110110010001100001110111100101111110000111111100100010
1010100010001010010011001010001000011100000101111010011001101101011010
1010100111101000010010100010101100111010111000011101111001001001000010
1010111100000111010110010000000010110101111011000101100010010111111010
1011101111010101101111101000101111011001011110110001100111001001111010
1010100001010110010000100111111111011000110011010001100000001011011010
1010101111011101110000110010001011110101100101110100000101001011001010
1010100000000010010001100000100000010001110111111110001101110110010010
1011110100011101000111110011001011110100001111001100001101011011000010
1011111100101100001111011101001001001111000111000010011101110010001010
1011010011001101110000111110000111110011001101001111111100011001111010
1010110110011011101100000000011000010000110010101100101010100000010010
1010110110011101001000111111101110111110001010001010010000011101010010
1011101010001011100011110100101011111001001111100001111101111100100010
1010110110100011000010100010110110101011010000010111100010000011111010
1010100000000001111111101100101011010011011001110101010001001100100010
1010110111001001001110001010101000110011101010110111000100111101111010
1010001101011001101111100001011101011101000111101000001111110000001010
1011010011111001001010010101100011100011111001010101000100100010011010
1011001100001011010100110111101000001011011000010010001101001110000010
1010110011100100010000110110100100100010001010010111011111111101110010
1010001000101010000011101000010000101011010010000111000110111010011010
1011110100011001010010111000001101100111000100110110100101101001011010
1010010001100001101110000101010011101000001011000000101111000110001010
1010110110110000101001001011010001110101000000000000011101001101100010
1010101010101110010110100000010111001111110001101011111010101000010010
1011011101010011100010000101011110011111111000011110100111011111111010
1011110001000011111010000100000101001001001100011101100000010000001010
1011111010001101010000000010101100000001110010110010000011100011011010
1011011100110111001000111111111101001011011110111110001111001101110010
1011100111010111110011001011111101111001101111100111101101001110010010
1010100000110101100010100001011100110011000100110001010011001111001010
1011101111111101010110101010011000010001111001010000110101000010101010
1011000101011000100000101010110111011010011101111011010101100101111010
1011000111011000110011110011111010100000010111100010101001000001100010
1010101110101101000000100001100100001001011000100100100011100101111010
1011000111101111111110001101000010111110000001110000101111101101100010
1010110111010111000110101111000000100011001011101000011011111001011010
1011011010100001100001101101011111100100110001110000100110110011001010
1011011000001100100100101011101101001001101101001110011011100011111010
1011111101101111011001100110110000100110000111101110000101000001011010
1010010000101000010001101010100101011110100001101101110101011110111010
1011110001110001100101001101001001111100100001011111100101010101011010
1010110101110101010110111011011111011001010001010111101000001100110010
1010100111111000100100110111000110010100101010000000100000110010011010
1010011100001001110000010010010101110111010010100101101000100011110010
1010000101010000100011110011001011110000010101110000000000111101101010
