1011001100011101101001001001110101011000110111000001111111100110001010
1010000010111010110100101010001101011010011100010001000010101100110010
1011010010100001101101001111011110100100101100001001001110111110101010
1010100101101111101100110100010000000100010010010111010101100101101010
1011101001101101011101111011110111111011100100100011111100000110010010
1011110000010000011100110001000111011110111001110111110000110011101010
1011101010100001100001000011001111100000101100100100100111110111011010
1011100101101001011001001110100001011100001010100100111100011001010010
1011110101101111011100110111100011100110010010011110101110011101010010
1011010011000010000100011110001011110000101010111110001011001010000010
1010110000010011011000110011100011001100010010100011101000000111000010
1010100110110001011000111001100101100000000010001101001110110110011010
1010010100011101010100111011110011000100111110111101110110111001111010
1011001110011100100111000011000010001000000000011000001110010111011010
1011001000010101110110010011111010101101100000000110001000001111101010
1011101001100110100010110110101111110010000101100000011000011011100010
1010101011001011010000001111110011001101110010011111111110011111000010
1011000110111100101100100011000011111001101101110111111110010100110010
1010100101100111011110011010101010000010011011000111011011100111101010
1011110111001000101110000000100100011111101010001011000000000001100010
1010111111100110111001000000111001001110011000110111111010010111100010
1011110011101001010101100100011101011100010100110100011010000101011010
1010110110111111011101100010001001101111111001010000100000100001000010
1011001100101000001001101011111111001010010000011011001011010110110010
1010111101101101100011100001111100010011011011111111110010111101101010
1010110011111100011111111111011100111101111100011110100100111010010010
1011111111010101111101010010000000011011111011010000111000110010000010
1010101110011100010011111111111010011010110101011111111010111100110010
1010100100010110101010110100101101011100001011110001110101010001001010
1010111010100000011010101001110110111101101000010111110011101000100010
1010001111111001000001101010001011010110000110110111011100100010010010
1010010011100011010001110000011001010110110100011010111000101011010010
1011010000101110101100111100101001000110111010011010110111101001011010
1010011010010111001011100101000101000000100111011000000011010001010010
1010100100111100011001101111110000110101011000100011111000111111001010
1010011100101111011010110111100011001100010000101011000011100010110010
1011101100011011111010111001111101100010100101011101111010110010000010
1011101000010111110100101110000000000100100001000010111011011011000010
1010110111111011001000100010111001111001111001000010001010101010101010
1010110010110110101101011111001000010010010010100111100101001010101010
1010010101010010000110010010001110101011011011010001000011110011101010
1010010001111100010010101110110010001101100011100011011011000011100010
1010000001010110101101101000111111001101110111011010110011110000101010
1011001110001001100111111101011010011101101011011110100101001111000010
1011110010110011011110100011111010010001000101101000010001010110111010
1010000001011110000110101110101010011100111110101101100111111100111010
1010110100111101000101101011011001000001101010001011100011010011101010
1010000111100010101001010100100110001101100010101110001010010001100010
1010110101110110111110001011011110011000100101111010111000101100111010
1011101100011001101100011011010000001110011001010000101001011110101010
1010101110000100000100100011010000110000001001011011011101001011000010
1010001110100100100111101100101101110000110010001110100100100010100010
1010100000000110101110101000010010000100111000001101011110001011011010
1011101100100010100001101101001010010111010110101000011100001010101010
1010100000010010011111100011100001010011001110101111000111000001001010
1010111101000001100100010001101000110100000101110100000010100101010010
1011101100011011100000000101110100110110100011111110111110101101010010
1011101001110111001100111001100110000101101011101011100011011110110010
1011011001010000101110000011111110011101001100000011010010101011111010
1010010001101100101001000011101110100100010111001011101000001100110010
1011010001010001010110110010100101100100100110000100111100101101101010
1011000111101111111111100010001010000110001000100001000110100101000010
1011001001100101111000010001111110001010010001001001001000101000010010
1011001010110001000100000101101101010010101100001111000100000000010010
1011010000111111000101010001001010110010010010100111101011000010001010
1010010000010110010000001100101100001111010110010010010000011000101010
1011000110011000101010111001101011100011010101000101111001001010101010
1010001110010101000000010001010101000100011100111101000001110101011010
1011110100010000111011111000011100101100000111010101011110100111111010
1010100001010110100001010110100111100010001110101000001110110100011010
1010100011010110000001011001000011000010000110101100010001000100010010
1010001000010000010000001011101111101101000101111111001110011001110010
1010101111100111100000010010110101001001101100101010100101000010011010
1010011110110110100001011010000100011100001010111101001111100111100010
1011110111111101100011001101010010111000000010001110110011010111110010
1011000001100111101010000101111101111001011010100001111000111001011010
1011011000001110101010000011101111000010101010000000110001001010111010
1010110010001101111011100100011001111101101000010011101111111101011010
1011100011001110000110001011110010011000000110001011101011000110010010
1011010001101111100011000110101110111001000000011000001011010011001010
1010011011010000001001101110111101111011100001001000100011001001001010
1011000011001101111011011110101110100001000000011010110011010110011010
1011010001001101111100010001100010010000000011011001000101101100000010
1011010010101101011001100000101111110001010001110101101010101001101010
1011001101000011000111110011101010101011000100001000100111010000011010
1011000000000000010000011101111010000001101100101101100011111000110010
1011001101000011000111110011101010101011000100001000100111010000011010
1010111100011110100000110100001110110011011001000101111001100010110010
1011001101100001101100010111011010001110001001101100110011101000100010
1010001010000101111010110011001000011010101011111110101001100010000010
1010011001101000000000000001111001000110100000110101111010001111100010
1010111100001010100000111110100101101011010010001111101010111111000010
1010000101110001010110000110010101101111011010010010100110110000010010
1011010110101011011000010100010111100111000101110011001100110100101010
1011000100100000000110001010111001101001101010110011111010100001111010
1011101001101000000000000111010101010100001100011110110001101100001010
1011100101001101011000111001010100010111101110111000101101010011100010
1010101101011101001011001001010101010101101010001001000111000001111010
1010000111011000100011110110001001001111100011001110100111111110011010
1011000011111010000011111101000101000101110010110110101101011010100010
1010110100101100100001001001110000101110110110001101110110101011011010
1010001011010100000110011101010000000011011001101110001111111011100010
1010001011000110011001101001001011000111001000101100110110011110010010
1010111001100111001101011011010001101100110000111000110110000000011010
1011100111011110111110010001011111011100011110000101001011011100010010
1011101001001001010110110101111111110010101001110100011001001001010010
1011000111101111101000111000011101101000110110111111110101101100001010
1010011100111110111000011111010011100110011110100001001001010100011010
1011101001101100100100101001110001100101000110000010110000101010000010
1011100111011001011010100001000111011111101011101111010100111001100010
1010010100000000001110100111010001000101101001000101111100011111101010
1010111000101111110011101001110011101001110110010101011010011000011010
1011110101001011010011011110100101100011011001001110011111100111001010
1011100101100011010001100100100011110011100001111100001101011110100010
1010001100110100100100110001110111001101001100000110011101001110110010
1010110011110000000001100111101011101101111000111100010010111110100010
1010100111011011000111111110101000111100010010011011110001010011000010
1011000110100010011010110111010111000011001011100101110111000100001010
1011100010111001010010100001011111010100000101110000110110100100010010
1011100001010101111111111001011111100011111001101100011111001010110010
1010010100101001101111110011111010110100100100111101100110010000010010
1011011111001100101101011110001001010100111011100011101100111011111010
1010110111111000000111111000101100010100001111111100101101110101110010
1010100000001111000001011111001110011000111101111101100100101011101010
1011011001110101110111110011011101011100000010001000110010001010000010
1010001000010100111000011011111001000000001100110011100010101001110010
1010010101001010100000100001000000001111011111110100110000001000110010
1010000110111010100011001111000101011000000111111100010111100010100010
