1110111100001111101001010000001101100000000000000000000000000000000010
1110010111011111101000010101110011100000000000000000000000000000000010
1111110000110111000110000100011000000000000000000000000000000000000010
1110000010110011000010111001001001100000000000000000000000000000000010
1110010101100001001000111000011011100000000000000000000000000000000010
1111000010100101011100110011101100100000000000000000000000000000000010
1110101000010010110000110101100101000000000000000000000000000000000010
1110011010111111110011011001001001000000000000000000000000000000000010
1110111010110101110111101010110010100000000000000000000000000000000010
1111000010111110010010011011100100100000000000000000000000000000000010
1111011000011100100001111001110100100000000000000000000000000000000010
1110001010111111110000110111011110100000000000000000000000000000000010
1111101011011011100000110111010000000000000000000000000000000000000010
1110111010100101000001100011110011100000000000000000000000000000000010
1110011010000111100100000100111011100000000000000000000000000000000010
1110111110111100101001110010101011000000000000000000000000000000000010
1111001100010100000011101110001011100000000000000000000000000000000010
1110100110111100010010010001101001100000000000000000000000000000000010
1111000110000001111001010100000011100000000000000000000000000000000010
1110110010111110111101100101101000100000000000000000000000000000000010
1110111101111011101011010110100000100000000000000000000000000000000010
1110100100110111001101011010101000100000000000000000000000000000000010
1111010100110000000101011000011111000000000000000000000000000000000010
1111011001011111001010001110100000100000000000000000000000000000000010
1110001001111110001000000110111011100000000000000000000000000000000010
1110101000100110010001001101001111100000000000000000000000000000000010
1111111101011100110100101010110110000000000000000000000000000000000010
1111010011100000101101110011101101000000000000000000000000000000000010
1111100111011101000001011111111111000000000000000000000000000000000010
1110100110010011101001010001011001100000000000000000000000000000000010
1111000101011011010001000110100001100000000000000000000000000000000010
1110111110001110001011101010010100100000000000000000000000000000000010
1110110110001001110000100000010010100000000000000000000000000000000010
1110000110000101001011100100000001000000000000000000000000000000000010
1111000110001000000010101001000000100000000000000000000000000000000010
1110011110011111110010101000101111000000000000000000000000000000000010
1110110111101011010110000011101101100000000000000000000000000000000010
1111000000100011110100001100010110100000000000000000000000000000000010
1111100100011111100001100100000110100000000000000000000000000000000010
1110000000011111010001101110100001100000000000000000000000000000000010
1110110111000011010100010011001100100000000000000000000000000000000010
1111110011000011010010011111010111100000000000000000000000000000000010
1111011001001110100011101101101010000000000000000000000000000000000010
1111000101100110001110111100011011000000000000000000000000000000000010
1110111011010100111000011110100001100000000000000000000000000000000010
1111000101010110000101111001110100100000000000000000000000000000000010
1111000010001111011110111110010011000000000000000000000000000000000010
1111010110001110001110010100000001100000000000000000000000000000000010
1110011110110010101000101001100001000000000000000000000000000000000010
1111110011000110001001010011000101100000000000000000000000000000000010
1111001000011010000011010100001001100000000000000000000000000000000010
1111101101111101010011010110010010100000000000000000000000000000000010
1111010101101110011011001111010110100000000000000000000000000000000010
1110101001011011001001000000101111100000000000000000000000000000000010
1110000101000101000000000101111111000000000000000000000000000000000010
1110000110101000000000011000110011100000000000000000000000000000000010
1111100111000111101110000101110111000000000000000000000000000000000010
1110001110000110000000001010110011100000000000000000000000000000000010
1110101110001001001100100111110010000000000000000000000000000000000010
1111001010001100110101111011011011100000000000000000000000000000000010
1111110001100100110111101110110101000000000000000000000000000000000010
1111000110000000100010000111011000000000000000000000000000000000000010
1110100011011011001111110101101110100000000000000000000000000000000010
1111000101111100111010010010101001000000000000000000000000000000000010
1111010001010010101101100111100100000000000000000000000000000000000010
1110111111010111111110001010110010000000000000000000000000000000000010
1110001100100110110110110101101011100000000000000000000000000000000010
1111010101111100100110010110110111100000000000000000000000000000000010
1110100011100111000100111010101101000000000000000000000000000000000010
1111011100101110101111110011010001100000000000000000000000000000000010
1111011101100111000100101011001111000000000000000000000000000000000010
1111111100000100010001111110010110100000000000000000000000000000000010
1111111010001000011110100110100000100000000000000000000000000000000010
1110010100100111011101100011011001100000000000000000000000000000000010
1110100111101010010110011011010111100000000000000000000000000000000010
1110110101101010110001001000000011000000000000000000000000000000000010
1111101011010010000011111100001110000000000000000000000000000000000010
1111100111000011110111101001010111000000000000000000000000000000000010
1110000100010101111011000001011101100000000000000000000000000000000010
1111101010011011100110011001110101100000000000000000000000000000000010
1110010110010011000010111000101100000000000000000000000000000000000010
1110010010011000001110011010011110000000000000000000000000000000000010
1110111100000000101001000101110000100000000000000000000000000000000010
1111111001000110010100000101110110000000000000000000000000000000000010
1110000011100100100100110100010111100000000000000000000000000000000010
1110110010010000000000000111100010100000000000000000000000000000000010
1111010111011000001110001111100011100000000000000000000000000000000010
1110101110101001000101100000110000000000000000000000000000000000000010
1110111011100110000100110101000011100000000000000000000000000000000010
1111101110101000101010101101110000000000000000000000000000000000000010
1111100001101111110111100110111011000000000000000000000000000000000010
1110100110111010101011001111010011100000000000000000000000000000000010
1110101110101110010000001010001001000000000000000000000000000000000010
1111000111101111001010100110111001000000000000000000000000000000000010
1110000100101000110010000111001111100000000000000000000000000000000010
1110000010111000010100001101011111000000000000000000000000000000000010
1110001001011000100010100110001010100000000000000000000000000000000010
1111100100100000100100100011100101000000000000000000000000000000000010
1111001111110000011101010000010010100000000000000000000000000000000010
1110101111111111000101110001001100100000000000000000000000000000000010
1110111111010000001000000110010010100000000000000000000000000000000010
1111000010000101011101001001011110000000000000000000000000000000000010
1110111000010010001100000011110101100000000000000000000000000000000010
1110100100100111000100011001110010000000000000000000000000000000000010
1110111110001100000100111010000100100000000000000000000000000000000010
1111100011010111100011110001010000100000000000000000000000000000000010
1110111100010110110110000101011100000000000000000000000000000000000010
1111111111100000111110101111101010000000000000000000000000000000000010
1110111100101101001011010010010000100000000000000000000000000000000010
1111011011100111001010110111111111000000000000000000000000000000000010
1111000011111111010111011010000010000000000000000000000000000000000010
1111011110100010010111111100000001100000000000000000000000000000000010
1110011110011110010010010000111011000000000000000000000000000000000010
1111011111110010111110100110010111100000000000000000000000000000000010
1111000000101100011101010010001101000000000000000000000000000000000010
1111011011100110010101101111000001100000000000000000000000000000000010
1110100110000000111000111100111001000000000000000000000000000000000010
1110101101111101110111111000000101100000000000000000000000000000000010
1111100111101100111110111010110101000000000000000000000000000000000010
1111101001110000111110111011101000100000000000000000000000000000000010
1111011000010011010001011100100101100000000000000000000000000000000010
1110001101111111101010010000101100000000000000000000000000000000000010
1111100101111100011100111000000001000000000000000000000000000000000010
1111010001111110011001111000110001000000000000000000000000000000000010
1111101000000011000010100001100110000000000000000000000000000000000010
1111011110110101000000110100111101000000000000000000000000000000000010
1110101011100000010011001101001101100000000000000000000000000000000010
1111110010001010000101100111010011000000000000000000000000000000000010
1111111110101001100111100110000011000000000000000000000000000000000010
1111100011100101000101001100011101000000000000000000000000000000000010
1111110001010010000111001011011101100000000000000000000000000000000010
1110001001110100110010000010100101100000000000000000000000000000000010
1110010101100000100101010110100110000000000000000000000000000000000010
1111110001000110111111101011011011100000000000000000000000000000000010
1111001101111010101111010100011101000000000000000000000000000000000010
1111000010110100111011010010110011100000000000000000000000000000000010
1110000010110100000000010101000110100000000000000000000000000000000010
1111101010000010101110101100111110100000000000000000000000000000000010
1110100101101001001111000000110110000000000000000000000000000000000010
1111011100010001010011100100001000100000000000000000000000000000000010
1110110111010101101001001101100000000000000000000000000000000000000010
1111000010110001001101001101001111000000000000000000000000000000000010
1110010111101100101101111100000100100000000000000000000000000000000010
1110110000000011110011111001010010000000000000000000000000000000000010
1110001101100101001000000100000111000000000000000000000000000000000010
1110001101010001110101011011110101000000000000000000000000000000000010
1110110100100010000101011011011100100000000000000000000000000000000010
1110010000100011011101111111001011100000000000000000000000000000000010
1111001000100100000000011101100101100000000000000000000000000000000010
1111110110011100101000100000010011100000000000000000000000000000000010
1111110000110000110001011001111110100000000000000000000000000000000010
1111010001110011110111010011100111000000000000000000000000000000000010
1110110111110100000111100100001111100000000000000000000000000000000010
1111111100111101011000110101011111100000000000000000000000000000000010
1111011010001100110001010000000100100000000000000000000000000000000010
1110111001110011000101001101111001000000000000000000000000000000000010
1110100010000100011111101001001100000000000000000000000000000000000010
1110111111110100001111000111001011100000000000000000000000000000000010
1110001101100101001000100011011010100000000000000000000000000000000010
1110001010000001011001100100001110000000000000000000000000000000000010
1111111110000011010110001011100000000000000000000000000000000000000010
1111011101101000001000011011000110100000000000000000000000000000000010
1111110011001101010100000010110001100000000000000000000000000000000010
1110000001000100011101111010110010000000000000000000000000000000000010
1110111001110011111110011001111001100000000000000000000000000000000010
1111100110001100100101110000000100000000000000000000000000000000000010
1111100011110101000111101111111110100000000000000000000000000000000010
1111011101100100001100111100111100100000000000000000000000000000000010
1110011011010000011110111100110101100000000000000000000000000000000010
1111101101001010101010000101011100000000000000000000000000000000000010
1111011111101000000110100101001100100000000000000000000000000000000010
1111010110001110101111011001111001100000000000000000000000000000000010
1110111111101010010110011111101010100000000000000000000000000000000010
1110111000000001000011110000101111000000000000000000000000000000000010
1111111111001001011110110101101000000000000000000000000000000000000010
1110110011001101101011011000101111000000000000000000000000000000000010
1111010110101110010111000101111001000000000000000000000000000000000010
1110010001001011010101010000110000100000000000000000000000000000000010
1111010100001011010100101101111101100000000000000000000000000000000010
1111110100000101101111100100110110000000000000000000000000000000000010
1111010111001111110011010100111001000000000000000000000000000000000010
1111001111101101111000111101010000100000000000000000000000000000000010
1110111010001010111110010101001101000000000000000000000000000000000010
1111111000001111100111101000100110100000000000000000000000000000000010
1110101011100010000000011100010010100000000000000000000000000000000010
1111011010011100111101101101010110000000000000000000000000000000000010
1110011010110011010010110011110101100000000000000000000000000000000010
1111010111001001110011111010010110100000000000000000000000000000000010
1110110011100001100101111110001001100000000000000000000000000000000010
1110010000011110011110010001110111000000000000000000000000000000000010
1110100001100100100011111011000110100000000000000000000000000000000010
1110011110001111110001111100001010000000000000000000000000000000000010
1110101010111111000000111110011110100000000000000000000000000000000010
1110011110111010011010111000110110100000000000000000000000000000000010
1111000001011100110111100010111010000000000000000000000000000000000010
1111100011000111111111001101100001000000000000000000000000000000000010
1111110001011011111000000001110010100000000000000000000000000000000010
1110100000001010100000010001001101000000000000000000000000000000000010
1111100001001000011110010011011010000000000000000000000000000000000010
1111100001000110110011110110011011000000000000000000000000000000000010
1111010010010010001010010011110010100000000000000000000000000000000010
1111011101100010000110101001110111000000000000000000000000000000000010
1110101011111000100100110110001110000000000000000000000000000000000010
1110010100010111100010111000110011100000000000000000000000000000000010
1110111010101011111101001101110011100000000000000000000000000000000010
1110110110011100010100100000000010100000000000000000000000000000000010
1111011000000010010111100111100010100000000000000000000000000000000010
1110110000100110101111001111001001100000000000000000000000000000000010
1110111011000010100101000000100101000000000000000000000000000000000010
1111011111111000000100101100011100100000000000000000000000000000000010
1110011100010100011100100111000101000000000000000000000000000000000010
1110010000111110010111001100111001100000000000000000000000000000000010
1111111100110110011010011101001100000000000000000000000000000000000010
1110101000001101000101101110010111000000000000000000000000000000000010
1111011100000011011010100111111011100000000000000000000000000000000010
1110100110110001011000001101010011000000000000000000000000000000000010
1111111000000110110101011101001101100000000000000000000000000000000010
1110111100001100000011100010111101000000000000000000000000000000000010
1110010001111101001000110100111100100000000000000000000000000000000010
1111100010001001101101000111010100000000000000000000000000000000000010
1111101100111011010111011001100010100000000000000000000000000000000010
1111010000110001001101100100110000000000000000000000000000000000000010
1111000101110101100011010100100010100000000000000000000000000000000010
1111110010100000110101110001110001000000000000000000000000000000000010
1111110101111000001010111001001001100000000000000000000000000000000010
1111000100110000111000001101110111000000000000000000000000000000000010
1110110001110101110101010110000100000000000000000000000000000000000010
1111100100010100111010111011011000100000000000000000000000000000000010
1110101111011110011001111011111001100000000000000000000000000000000010
1110100110010000001101000100110111000000000000000000000000000000000010
1111010110000001101001101100111101000000000000000000000000000000000010
1111110101001010011111000001101010100000000000000000000000000000000010
1111111101111010100110011011000110100000000000000000000000000000000010
1111101100000100100101101110001100000000000000000000000000000000000010
1110010000101000100011000011111110000000000000000000000000000000000010
1110011010101010001000011001000011100000000000000000000000000000000010
1110101011111111100111000011101111100000000000000000000000000000000010
1111110010110101100100101111101111100000000000000000000000000000000010
1111011001000010000000111011111011100000000000000000000000000000000010
1110111011111100100010001010011001100000000000000000000000000000000010
1111110001000000000010110001001000100000000000000000000000000000000010
1110001011001110110011010111101111000000000000000000000000000000000010
1111001000000000010110011101000100000000000000000000000000000000000010
1111001000101011101101101011010111000000000000000000000000000000000010
1110000010111000000000010000001000100000000000000000000000000000000010
1111001010101100101101010101000110100000000000000000000000000000000010
1110011110001001111110010010001001100000000000000000000000000000000010
1110110100101110100101110110111110100000000000000000000000000000000010
1110011001101000001011100010111001100000000000000000000000000000000010
1111011001110000010100011000010010000000000000000000000000000000000010
1110011110011001110100101110011111100000000000000000000000000000000010
1110100110101101000100111111100001000000000000000000000000000000000010
1110111100011110101110011000011000000000000000000000000000000000000010
1111001101110011011001011011001101000000000000000000000000000000000010
1110101100111010110000010000111110100000000000000000000000000000000010
1111010101101000101110011011000011100000000000000000000000000000000010
1111100011000110010111000110111010000000000000000000000000000000000010
1110001101001111010111111010111111100000000000000000000000000000000010
1110010101001110011101001000111000100000000000000000000000000000000010
1111000110110111110111001000010101000000000000000000000000000000000010
1111110110010011100011000010100100100000000000000000000000000000000010
1110000000000110101100011111111011100000000000000000000000000000000010
1111000100111101000010100010111101100000000000000000000000000000000010
1110001100110011101101101100010101000000000000000000000000000000000010
1110101110100010100001000010011111100000000000000000000000000000000010
1110010010001101111011010101010011000000000000000000000000000000000010
1111001001011011000110010100000011100000000000000000000000000000000010
1110101100001110010101001110100111000000000000000000000000000000000010
1110010100000011110001100001000000000000000000000000000000000000000010
1111010011100101011100010111011000000000000000000000000000000000000010
1110110011001111000101011010111010000000000000000000000000000000000010
1111101101001110011011010101000000100000000000000000000000000000000010
1110000100000100111011011100110000100000000000000000000000000000000010
1111000011000111011101000001110011100000000000000000000000000000000010
1110110110101100011110011001110011100000000000000000000000000000000010
1110111000000000111001010001010100000000000000000000000000000000000010
1110100100101000100101101101111101100000000000000000000000000000000010
1111010101101001001101011110000001100000000000000000000000000000000010
1110100000011010000100010000101000000000000000000000000000000000000010
1111100110010100101001110100100101000000000000000000000000000000000010
1110000110111111111001010110101101100000000000000000000000000000000010
1111000100111000101011001111110100000000000000000000000000000000000010
1111111101111011001100010000001010100000000000000000000000000000000010
1111000001111110010110001101100110000000000000000000000000000000000010
1110110010011110011011100101110011000000000000000000000000000000000010
1111100000000010110111011101011000100000000000000000000000000000000010
1111010111010111001101010100011010000000000000000000000000000000000010
1111001000110111000111010111101111000000000000000000000000000000000010
1110000101011101110111100000101100100000000000000000000000000000000010
1110111010000110010010101111011010100000000000000000000000000000000010
1110111100101111100100101001001101000000000000000000000000000000000010
1111101001110001010100001001001001000000000000000000000000000000000010
1111101011111100101111101000110010000000000000000000000000000000000010
1111011010000010011111010101001101000000000000000000000000000000000010
1111000101100110100001011001000001000000000000000000000000000000000010
1110100111001010100101001001111001000000000000000000000000000000000010
1110011111010011110000101111110010000000000000000000000000000000000010
1110000001010000101110000111111101100000000000000000000000000000000010
1110000001101000110010001110000001000000000000000000000000000000000010
1111110111001101101010100000110010000000000000000000000000000000000010
1110011101010110010000111100000111100000000000000000000000000000000010
1110011110101001000111011111110101100000000000000000000000000000000010
1110010101101001010000110101111101000000000000000000000000000000000010
1110110101001001000010111001111000000000000000000000000000000000000010
1111011001000001101100110100010011100000000000000000000000000000000010
1110111110110111000111111000010010100000000000000000000000000000000010
1110110110101010010100101110100101000000000000000000000000000000000010
1111010100100001110011000110111011000000000000000000000000000000000010
1111011110111010110011011010000001100000000000000000000000000000000010
1111100111000110101101101000001001100000000000000000000000000000000010
1111011000101010001011101110111101000000000000000000000000000000000010
1110011000110001011000010000110010000000000000000000000000000000000010
1111100111010001110111100110101011100000000000000000000000000000000010
1111111110100011100101100101011001000000000000000000000000000000000010
1110010000100111111011100111001110100000000000000000000000000000000010
1110111110100001111010101101100011100000000000000000000000000000000010
1111110110010010000101100100101100000000000000000000000000000000000010
1110111010110001111100101011010011000000000000000000000000000000000010
1110010101111011110101000010001111100000000000000000000000000000000010
1111011000110100100100001111010010000000000000000000000000000000000010
1111011101010111010100100011111010100000000000000000000000000000000010
1110011000010011111000001110101001100000000000000000000000000000000010
1111111001001110001010110010010100000000000000000000000000000000000010
1110111001110001111100100100100011100000000000000000000000000000000010
1111111001000000110001101010111010100000000000000000000000000000000010
1111001000010000101000001000001100100000000000000000000000000000000010
1111101111100011100111010110110101100000000000000000000000000000000010
1110001101000101110110110010100011000000000000000000000000000000000010
1110000101010100000111000110011001100000000000000000000000000000000010
1111010011010101111000001011000100000000000000000000000000000000000010
1111011110101111100110001000111010000000000000000000000000000000000010
1111100101000100100100000100101100000000000000000000000000000000000010
1111010010100101000010011101010100000000000000000000000000000000000010
1110111101111010010001000001001000000000000000000000000000000000000010
1110100010101000011001001110111101100000000000000000000000000000000010
1110001100000100010101111100001110100000000000000000000000000000000010
1111001100000000000100111101101010000000000000000000000000000000000010
1110010001000110011001011100000001000000000000000000000000000000000010
1110101010101001011101110010011110100000000000000000000000000000000010
1110001101000111111100011101110011000000000000000000000000000000000010
1111000001011100110001011101000101000000000000000000000000000000000010
1111001110001101110110000101000101000000000000000000000000000000000010
1110100010100001110001110010000110000000000000000000000000000000000010
1110100100010011010011100101111000000000000000000000000000000000000010
1110100000110100101101000001011101100000000000000000000000000000000010
1111001111111101111110101111100111100000000000000000000000000000000010
1110001101011101000111000110101100100000000000000000000000000000000010
1110010010111010010000100111100111100000000000000000000000000000000010
1110000010111000100101111100011101000000000000000000000000000000000010
1110001111001111100100111110000001100000000000000000000000000000000010
1111010001001100101111001111101100100000000000000000000000000000000010
1110101110101011000010111010111110000000000000000000000000000000000010
1110010101100010111110110110010100000000000000000000000000000000000010
1111000011111110101000011100011110100000000000000000000000000000000010
1111000101001010111011011001001011100000000000000000000000000000000010
1111111100111000010111011011100110100000000000000000000000000000000010
1111101111000101111100111011010011000000000000000000000000000000000010
1111101001110100111110111110001101100000000000000000000000000000000010
1110000000011101010000101100111110100000000000000000000000000000000010
1111001101111000100011010110000101000000000000000000000000000000000010
1111011010010010101000000001111010000000000000000000000000000000000010
1111011101110101100001000110001011000000000000000000000000000000000010
1111111111010101010100001111101010100000000000000000000000000000000010
1110010001011001100011001111010100100000000000000000000000000000000010
1111011110011100001100011011110000100000000000000000000000000000000010
1111100001001000101101110110110001100000000000000000000000000000000010
1110010011001101000110000010000110100000000000000000000000000000000010
1111010000001110001010000001011110100000000000000000000000000000000010
1110100100010111001001111010000101000000000000000000000000000000000010
1111011101001000011001101011000000100000000000000000000000000000000010
1111010110011001111110010101111011000000000000000000000000000000000010
1111001110011110111111001111111100000000000000000000000000000000000010
1111110110001000001100101111001101000000000000000000000000000000000010
1111011010000001100110101010100001100000000000000000000000000000000010
1110111001011101000100110001100010100000000000000000000000000000000010
1111011000110111101010001100000110000000000000000000000000000000000010
1111100000110000101001000010000111100000000000000000000000000000000010
1111100101110100101100110110111010100000000000000000000000000000000010
1111100010110010101000110011010101000000000000000000000000000000000010
1110001101111011001001010000001011100000000000000000000000000000000010
1110111111110001111000100001110011100000000000000000000000000000000010
1111110101000000001000100101110010100000000000000000000000000000000010
1111111111111001100111011110010110000000000000000000000000000000000010
1111001011010001110010011011000100000000000000000000000000000000000010
1110011001100001101001001010011000100000000000000000000000000000000010
1111001010111001100000011111011010000000000000000000000000000000000010
1110011101111000100000011111010111000000000000000000000000000000000010
1111100100010100110010001100000010000000000000000000000000000000000010
1111101101011110001011110111010000000000000000000000000000000000000010
1111111111000110101000100011110001000000000000000000000000000000000010
1110101010010101010000101011101110100000000000000000000000000000000010
1111000110111101001100010011001000100000000000000000000000000000000010
1111010111000010001111100011010101000000000000000000000000000000000010
1111111100001100001111000001100000000000000000000000000000000000000010
1111001000011100111101000001000101000000000000000000000000000000000010
1110000100010001100100011000111110100000000000000000000000000000000010
1111011011010100001011111100010101000000000000000000000000000000000010
1110010001000000111110001111101010100000000000000000000000000000000010
1110011111111100111011000100010101000000000000000000000000000000000010
1111101001100000000011000010000110100000000000000000000000000000000010
1111110111100101100111111000001000000000000000000000000000000000000010
1110100101101001100011110100101000100000000000000000000000000000000010
1110100101100011001110010100000111000000000000000000000000000000000010
1111000010001100101100110110111001100000000000000000000000000000000010
1110011101111000101011000000101111100000000000000000000000000000000010
1111010101110000111111111111010111000000000000000000000000000000000010
1110001001110000000010010101000101000000000000000000000000000000000010
1111001110111000011100011101011011000000000000000000000000000000000010
1111111101101111011011101010100111100000000000000000000000000000000010
1111000101111110101001111011101110000000000000000000000000000000000010
1110101011100011000100000101010110100000000000000000000000000000000010
1110100110010001011011010100011111000000000000000000000000000000000010
1110011001011101011011110100010011100000000000000000000000000000000010
1110010011000110001011100100100011100000000000000000000000000000000010
1110111100001010001010010110111111100000000000000000000000000000000010
1110101010011101100010110010110100000000000000000000000000000000000010
1110011110010101010010111110000010000000000000000000000000000000000010
1110001101111101001001110101000001000000000000000000000000000000000010
1111011101011000011010001101100111100000000000000000000000000000000010
1111010001011011111101110111101001100000000000000000000000000000000010
1110101011001011101110011000001010000000000000000000000000000000000010
1111100101011100010111011111101010000000000000000000000000000000000010
1111011100000001001010010110000110100000000000000000000000000000000010
1111000000010111011011111111000100100000000000000000000000000000000010
1111111101000010001011111100011011100000000000000000000000000000000010
1111010101100000101110110101101001000000000000000000000000000000000010
1111001111001110001100000110011100100000000000000000000000000000000010
1110101100011101000010011001010101100000000000000000000000000000000010
1110000000010101011010111000101000100000000000000000000000000000000010
1110010000000100010010000100111111000000000000000000000000000000000010
1111000000011010000100001000000111000000000000000000000000000000000010
1110110110010100110011000101000001000000000000000000000000000000000010
1110000110001110010001011110100110000000000000000000000000000000000010
1110000000101011101010111000000111000000000000000000000000000000000010
1110001100111100010000111000101111000000000000000000000000000000000010
1110011011011101111000000100101011100000000000000000000000000000000010
1111000011000000001100101110000111000000000000000000000000000000000010
1110101011010000001110100000011100000000000000000000000000000000000010
1110111110100100000100010010011011000000000000000000000000000000000010
1111101101111011000101100100110010000000000000000000000000000000000010
1110110000110011111110101100101001100000000000000000000000000000000010
1110000010000111001100011101111011000000000000000000000000000000000010
1110110010100001010101000001010011000000000000000000000000000000000010
1111011101001111010111100101011100000000000000000000000000000000000010
1110111110110000111101110010001110000000000000000000000000000000000010
1111000011111101101100000100111101100000000000000000000000000000000010
1111000000010001010100110011111011100000000000000000000000000000000010
1111001101101110100111101100001101100000000000000000000000000000000010
1111010000110101000001111010110100000000000000000000000000000000000010
1110111110101110011001100011010101100000000000000000000000000000000010
1111110101100101000101101101001001000000000000000000000000000000000010
1110110110101011000000110100001001000000000000000000000000000000000010
1111111001111001011101101010100011000000000000000000000000000000000010
1111000101111000010100000010111101000000000000000000000000000000000010
1111011101001000111101100101111001000000000000000000000000000000000010
1111101011001101100001101010010110100000000000000000000000000000000010
1111000111110100101011011010000001000000000000000000000000000000000010
1110010101101111010100001011011100100000000000000000000000000000000010
1110111110001001101111100100100001000000000000000000000000000000000010
1111111100001101011011000010011110100000000000000000000000000000000010
1110001101001011100100100011011011000000000000000000000000000000000010
1110011011001110000010111101010011000000000000000000000000000000000010
1110100001001000001000100011111001100000000000000000000000000000000010
1111011011100011100001011010000010100000000000000000000000000000000010
1110010001010001100001111011000111100000000000000000000000000000000010
1110011101101000101011010011111111000000000000000000000000000000000010
1111101101100111101011110110001110000000000000000000000000000000000010
1110111010001111110001001111111001100000000000000000000000000000000010
1111111001010000110100101001001011100000000000000000000000000000000010
1110001100001100110111010010011100000000000000000000000000000000000010
1110000000000100010000100110001010000000000000000000000000000000000010
1110011010111000101010110101011101000000000000000000000000000000000010
1111010000110100111101000011010001000000000000000000000000000000000010
1111000101001110110001000111000110000000000000000000000000000000000010
1110010111111000111011001111101010100000000000000000000000000000000010
1110000100101100100000110001000110000000000000000000000000000000000010
1111001011000110111010101100000001000000000000000000000000000000000010
1111000000100111001000001010110100000000000000000000000000000000000010
1111000101011011110011001101111110100000000000000000000000000000000010
1111000001011110111001110111000000100000000000000000000000000000000010
1111000111111000111000000110000101100000000000000000000000000000000010
1110100011111110110010101101110000000000000000000000000000000000000010
1110110000101111001010001101001011100000000000000000000000000000000010
1110100110001111000001011011001000100000000000000000000000000000000010
1110000011000100101001010100010011100000000000000000000000000000000010
1110001001000101011010001010010011100000000000000000000000000000000010
1111010011000001001000110111010111000000000000000000000000000000000010
1110010001000101000001000111100100000000000000000000000000000000000010
1110100110011000000101010001011000100000000000000000000000000000000010
1111001000000000011010111011010000000000000000000000000000000000000010
1111100000101001001110101101000001000000000000000000000000000000000010
1110101000001110001001010010110100000000000000000000000000000000000010
1110011000010000110101110101101111000000000000000000000000000000000010
1110001011101100001011110111101100000000000000000000000000000000000010
1111001001110011000111110100001000000000000000000000000000000000000010
1110110110011000100100101111111101100000000000000000000000000000000010
1110110000001101100111011111100101100000000000000000000000000000000010
1111001001100001011011110001110111000000000000000000000000000000000010
1111001110010001000010000001100011000000000000000000000000000000000010
1111110110110101100010101110101010000000000000000000000000000000000010
1111111000100011100101010000101001100000000000000000000000000000000010
1111000001011001101010110101010101100000000000000000000000000000000010
1111011010110000011111010010000101100000000000000000000000000000000010
1111001111111011011010100100111111000000000000000000000000000000000010
1111111011100100100000101110001110000000000000000000000000000000000010
1110100111101111111101000100101000100000000000000000000000000000000010
1111001000001000011110110110000101100000000000000000000000000000000010
1111110110100111001001010001000001000000000000000000000000000000000010
1110110010000110011000111111011010000000000000000000000000000000000010
1111000010100011000110010100011000100000000000000000000000000000000010
1111011101011100101100011010011010100000000000000000000000000000000010
1110100110110100100001011000000000000000000000000000000000000000000010
1110011100001010111110100000110111100000000000000000000000000000000010
1111110101110111010011000100100101100000000000000000000000000000000010
1111010000001011001011110101101100000000000000000000000000000000000010
1110100000101001101011011101001101100000000000000000000000000000000010
1110011110001011001101111001101011000000000000000000000000000000000010
1110110101010110111011110110111010000000000000000000000000000000000010
1111010111011110010010001010101001100000000000000000000000000000000010
1111000110100011001000001100110100000000000000000000000000000000000010
1111111110001010011010001111011001000000000000000000000000000000000010
1111000010010100111111011101100001100000000000000000000000000000000010
1110101110001010101110001000100111100000000000000000000000000000000010
1110011101000100000100001011010111000000000000000000000000000000000010
1110111111001101111110000101110000000000000000000000000000000000000010
1111001001000101111111101100110110100000000000000000000000000000000010
1110101101010100111101011111100011000000000000000000000000000000000010
1111111100101101000001110010101010000000000000000000000000000000000010
1110000011000100011111010110000001100000000000000000000000000000000010
1110111001100111011001111000011111100000000000000000000000000000000010
1111000001000111110011111111011010100000000000000000000000000000000010
1110101110010110010011101001100010100000000000000000000000000000000010
1110110100110011110111010100000111100000000000000000000000000000000010
1111111001101101001110010000100101100000000000000000000000000000000010
1110100011110010100001111111100011100000000000000000000000000000000010
1111001100001000010011000101100000100000000000000000000000000000000010
1111110100100010110011010110000010000000000000000000000000000000000010
1110100001111100011011001010100011000000000000000000000000000000000010
1110000010000110101001101110000000000000000000000000000000000000000010
1110000100001101011001000100101100100000000000000000000000000000000010
1110001001001010100001011100000110000000000000000000000000000000000010
1110100100100011111101010101111111100000000000000000000000000000000010
1110000100000110111100101000111001100000000000000000000000000000000010
1110000000010111011110110110110111000000000000000000000000000000000010
1111101101100001101001010110011000100000000000000000000000000000000010
1111011010001111110100111010001111100000000000000000000000000000000010
1110101110001111000001010101110001000000000000000000000000000000000010
1110110100100101000100011011110111100000000000000000000000000000000010
1110000000011101110101011100100100100000000000000000000000000000000010
1110001111000010110110101010110010100000000000000000000000000000000010
1110111000010100000010100001000100000000000000000000000000000000000010
1111100111000000001010111001110011100000000000000000000000000000000010
1110111001011001110111111001010110100000000000000000000000000000000010
1111000001011010101010111011110000100000000000000000000000000000000010
1111110001000100010001100100110000000000000000000000000000000000000010
1110000011000110011101000000110011100000000000000000000000000000000010
1111101011110010111110011000100101100000000000000000000000000000000010
1110001010011010101101111001000100100000000000000000000000000000000010
1111000011000110000010100010000000100000000000000000000000000000000010
1111100001001010010111110010011010100000000000000000000000000000000010
1110001110101110110100001100001010000000000000000000000000000000000010
1110110110100001110110111000010111000000000000000000000000000000000010
1111001001010111000001101100111011100000000000000000000000000000000010
1111100101001000111010100100101001000000000000000000000000000000000010
1111101111011110101000101100100100000000000000000000000000000000000010
1111100101101000010011111011001010000000000000000000000000000000000010
1111100011010111010101101111011110000000000000000000000000000000000010
1111111101111100010001010110011001100000000000000000000000000000000010
1110100110000100101011001101100001100000000000000000000000000000000010
1110111001100010000100001110111110000000000000000000000000000000000010
1110000110101110001110110000001000100000000000000000000000000000000010
1110010111101110111010111000111010100000000000000000000000000000000010
1110010010011010110111000111000101000000000000000000000000000000000010
1110111100000001010000111110110001000000000000000000000000000000000010
1110000001110001111010011000111000100000000000000000000000000000000010
1110110111110110111001010000110101100000000000000000000000000000000010
1110010110011110001101110110111010100000000000000000000000000000000010
1110100010000001000000110000110011100000000000000000000000000000000010
1111110100000010110111111010101011100000000000000000000000000000000010
1111001100001101011010111110111100000000000000000000000000000000000010
1110110000011110010010101010011111100000000000000000000000000000000010
1110000000000010100000111011111011100000000000000000000000000000000010
1111101101011000010101100000011000000000000000000000000000000000000010
1111111001000010001111001110101010000000000000000000000000000000000010
1111000011100010000010011010001110000000000000000000000000000000000010
1111110010100111011101011000011100000000000000000000000000000000000010
1111110001010101110111000001011111100000000000000000000000000000000010
1111101001010001000011001110011101000000000000000000000000000000000010
1111110000100110010000010101110101000000000000000000000000000000000010
1111001110011111001011111100011111100000000000000000000000000000000010
1111000010000011000100011100010010000000000000000000000000000000000010
1110111000111001001001001111000010000000000000000000000000000000000010
1110110010001110001000000100101101100000000000000000000000000000000010
1111100010010100011010011100000110100000000000000000000000000000000010
1111000101100000110000100000100110100000000000000000000000000000000010
1110000001001011001011001010011000000000000000000000000000000000000010
1110010011111101100000001101010101000000000000000000000000000000000010
1110000110101001001011111011100100000000000000000000000000000000000010
1110010111011101110111000100000100000000000000000000000000000000000010
1110011100110100110001001100010011000000000000000000000000000000000010
1111000000100110101101001010001110000000000000000000000000000000000010
1110011011111111100111110010110010000000000000000000000000000000000010
1110110110111100111101001010000101000000000000000000000000000000000010
1110011110010101111011011110110001100000000000000000000000000000000010
1111000001000011101101000011100111100000000000000000000000000000000010
1111111100001111001001100111101111100000000000000000000000000000000010
1111010101110011000101101010001100000000000000000000000000000000000010
1110010101000001100011110110101101000000000000000000000000000000000010
1111101001100101001111101101001100000000000000000000000000000000000010
1111110000111110101001100001111101100000000000000000000000000000000010
1111000110101101111110111000101000100000000000000000000000000000000010
1110011010111010010000101110010100100000000000000000000000000000000010
1110010111000110111111101111001100100000000000000000000000000000000010
1110001101101110011001000000010101100000000000000000000000000000000010
1110110011001101011010100100101110100000000000000000000000000000000010
1110011101001010010011010110110011000000000000000000000000000000000010
1110010001101101001000001100110011100000000000000000000000000000000010
1111001111100110010000101110001110000000000000000000000000000000000010
1110000000011111110010110110111110100000000000000000000000000000000010
1110110111101011110111111001101000100000000000000000000000000000000010
1111111001011110001000111000001000100000000000000000000000000000000010
1110010101000110000001100111011010100000000000000000000000000000000010
1111101100011111101110111000001000100000000000000000000000000000000010
1110011101100111010111011111110001000000000000000000000000000000000010
1111010100000011100000000001010001100000000000000000000000000000000010
1110010000111111001000000001100101100000000000000000000000000000000010
1110100000000101101110000100001011100000000000000000000000000000000010
1111111101101110011100001011010100000000000000000000000000000000000010
1111111010000001001010001000101100000000000000000000000000000000000010
1110000100100011010101110011110110100000000000000000000000000000000010
1111001110101001010100010110101010100000000000000000000000000000000010
1111111001111110110110111111000010100000000000000000000000000000000010
1111000110110111001010110000111110000000000000000000000000000000000010
1110001001110100111011000101111100100000000000000000000000000000000010
1111111001001001010001110000110001100000000000000000000000000000000010
1111011110111110000000101101101000000000000000000000000000000000000010
1111111100011011011010000011010000100000000000000000000000000000000010
1110111010100111011000010011101100000000000000000000000000000000000010
1111011010001001010100000010101011100000000000000000000000000000000010
1111001101010111001101011101001110100000000000000000000000000000000010
1111001100000001000111000110000111000000000000000000000000000000000010
1110111011101000101001110011110000000000000000000000000000000000000010
1110110111000101100001001010001011100000000000000000000000000000000010
1110010100011001101100011101011101000000000000000000000000000000000010
1111011010000110010001110100101011100000000000000000000000000000000010
1110011111110011101110010001010100000000000000000000000000000000000010
1111000101100101001010111110011110000000000000000000000000000000000010
1110010101011111100110110001010000000000000000000000000000000000000010
1111011110101110111001100001110101100000000000000000000000000000000010
1111100000111001011100001011011110000000000000000000000000000000000010
1111010111000111101011110110001001000000000000000000000000000000000010
1111000111001011110010011011110100100000000000000000000000000000000010
1111000110000010100011100010001001100000000000000000000000000000000010
1111010111011111011100011001010011100000000000000000000000000000000010
1110011111100111101011111000000100100000000000000000000000000000000010
1110010110000100110100110101100011000000000000000000000000000000000010
1111111010100100100010101001001001100000000000000000000000000000000010
1110000000100111010001011111100001100000000000000000000000000000000010
1110001100110000000101110100001101000000000000000000000000000000000010
1110010001001100101110011110100011100000000000000000000000000000000010
1111100010110100111011011000001110100000000000000000000000000000000010
1110110110001011111011001010101111100000000000000000000000000000000010
1111111100011101010101111100100000000000000000000000000000000000000010
1110010011001100000011000001101110100000000000000000000000000000000010
1111001000010100111010110111011110100000000000000000000000000000000010
1111111010001000111001010010111111100000000000000000000000000000000010
1110011001011010011111101100101100100000000000000000000000000000000010
1110111010010010100011101000111111000000000000000000000000000000000010
1110110001010000001010000111100100100000000000000000000000000000000010
1110110110110010110011110010101001000000000000000000000000000000000010
1110101010010010100000001001001100100000000000000000000000000000000010
1110011011100111010110100000011000100000000000000000000000000000000010
1110001011010000110101000011111101100000000000000000000000000000000010
1110111110010001100000100100000100000000000000000000000000000000000010
1111110011001111111011011100000111100000000000000000000000000000000010
1110111100010111001010111011011000000000000000000000000000000000000010
1111100110001010100001100000001011100000000000000000000000000000000010
1111011010110100110011010000011011100000000000000000000000000000000010
1110111000000111000111111010100100100000000000000000000000000000000010
1110100110000010101100100010101101100000000000000000000000000000000010
1111100100110010101000010000101001000000000000000000000000000000000010
1110101001110111010111001000011100000000000000000000000000000000000010
1110111000110101101011101010111100100000000000000000000000000000000010
1110110111100111111000001110101111100000000000000000000000000000000010
1111001010001110010111011111110100100000000000000000000000000000000010
1110111100111011010111100001001100100000000000000000000000000000000010
1111100101011001011100101110001000000000000000000000000000000000000010
1110011001001001011011010111001001000000000000000000000000000000000010
1111110111101111100010110110100001000000000000000000000000000000000010
1110010001111110001011101110010101000000000000000000000000000000000010
1111001101110001111110001110101110000000000000000000000000000000000010
1110011011001101110000011101101001000000000000000000000000000000000010
1110111011100101011010011010001000100000000000000000000000000000000010
1110101010001011010111000010110111100000000000000000000000000000000010
1110011001010111011010000001101101100000000000000000000000000000000010
1110000101000101111110011111111010000000000000000000000000000000000010
1111110100101110011100110000110101100000000000000000000000000000000010
1111000111000011000111000011110010000000000000000000000000000000000010
1111110001011011011010111100001001000000000000000000000000000000000010
1111110100100110011010001001011100000000000000000000000000000000000010
1110001000111001011100110010111100000000000000000000000000000000000010
1110000100001000011010100101101111000000000000000000000000000000000010
1110101100011011000010100000001001100000000000000000000000000000000010
1110110011101000011000000000011011000000000000000000000000000000000010
1111001110110100110010111001101101000000000000000000000000000000000010
1110001101101110010111110010010001000000000000000000000000000000000010
1110010010001101101011100111110100000000000000000000000000000000000010
1110110010100101010100100010111110100000000000000000000000000000000010
1111110000001110111100001101111101100000000000000000000000000000000010
1111011110100000001000111010101111100000000000000000000000000000000010
1111000101111010001001100111110111000000000000000000000000000000000010
1110101001000110011001000100001000000000000000000000000000000000000010
1111010001101110101000001010001110100000000000000000000000000000000010
1110100111101000100101111100111100000000000000000000000000000000000010
1110011000100101100010010000110111000000000000000000000000000000000010
1111111011010111111100101011100000000000000000000000000000000000000010
1110010100001110110010100010100111000000000000000000000000000000000010
1110101110001100101101010000010111000000000000000000000000000000000010
1110000101101111010100100101011010100000000000000000000000000000000010
1111101001101100100000110000001000100000000000000000000000000000000010
1111000110100110011100100011100010000000000000000000000000000000000010
1110000100110010100111101010000011100000000000000000000000000000000010
1110000001111111001100001111011100000000000000000000000000000000000010
1110001100000110101000100001011000000000000000000000000000000000000010
1111111100100111000101101010001001000000000000000000000000000000000010
1110100110011011010111110000111111000000000000000000000000000000000010
1111101101101100001000000100100111000000000000000000000000000000000010
1110000010100111110111111001110111100000000000000000000000000000000010
1111110010010011010100000011111000100000000000000000000000000000000010
1110001111111111101010100000000101000000000000000000000000000000000010
1110100110000000000010010101010011000000000000000000000000000000000010
1110000100010010110011110001010011000000000000000000000000000000000010
1110000010101001110100101010110000000000000000000000000000000000000010
1110001100001101011011001111011001000000000000000000000000000000000010
1110110111100110111000001111111011000000000000000000000000000000000010
1111011010110010100011010000101101100000000000000000000000000000000010
1111001000010101110111100000011011100000000000000000000000000000000010
1110011101110111111001001101000110000000000000000000000000000000000010
1111010110111110101110001011111011000000000000000000000000000000000010
1111001001011001111101000100001101000000000000000000000000000000000010
1111101101001100011101101011100011100000000000000000000000000000000010
1110101011011011101100110111001101100000000000000000000000000000000010
1110101110111000110011111100011001000000000000000000000000000000000010
1111001111110011000100111101011000100000000000000000000000000000000010
1110111001111001110101001111011000000000000000000000000000000000000010
1110111110101000110101110000011111000000000000000000000000000000000010
1110000010110000101101111000111110100000000000000000000000000000000010
1110100010110110010000110011011100100000000000000000000000000000000010
1110100110111010000011110111111000100000000000000000000000000000000010
1110110011000111000100000001011100000000000000000000000000000000000010
1111001001110100000000111110001101100000000000000000000000000000000010
1111010010101110110011000100111010000000000000000000000000000000000010
1110110001110110001101101010011101100000000000000000000000000000000010
1110001011110111110010101010111011000000000000000000000000000000000010
1110110011110011101110110011101001100000000000000000000000000000000010
1111000000111111100101000111101100000000000000000000000000000000000010
1111100000001001100011111010011111000000000000000000000000000000000010
1110101000100101011101101011011001100000000000000000000000000000000010
1110100100011111000000110111000110100000000000000000000000000000000010
1110100101011100001001100110001011100000000000000000000000000000000010
1110010100010000000110101010011100100000000000000000000000000000000010
1111000001101000011100111111110001000000000000000000000000000000000010
1111110001011101110000000011101010000000000000000000000000000000000010
1111011001001011001111100101001110000000000000000000000000000000000010
1111110111011100101100001100010100100000000000000000000000000000000010
1110100100101010100100101110101011100000000000000000000000000000000010
1110110001110001101000001010001011000000000000000000000000000000000010
1111101010001011011101110001111110000000000000000000000000000000000010
1111011100001100101100111011011000100000000000000000000000000000000010
1110001100011111000110101001000111000000000000000000000000000000000010
1111111010001101100010001001001110000000000000000000000000000000000010
1110011000011011001011111100111110100000000000000000000000000000000010
1110010101110100000101011011001011100000000000000000000000000000000010
1111101001001011001000111001000010100000000000000000000000000000000010
1111100010111111001100110101001110100000000000000000000000000000000010
1111011001110110100110000001110010100000000000000000000000000000000010
1110000111011010000010101011111111000000000000000000000000000000000010
1111010111010011010110111001100100100000000000000000000000000000000010
1110110000111011110000010101010011100000000000000000000000000000000010
1111000011111100100010000000011110100000000000000000000000000000000010
1110001100000101100110110010110110100000000000000000000000000000000010
1110011000001011100010001100100111000000000000000000000000000000000010
1111101100100111100001111001100111100000000000000000000000000000000010
1111001101000100010001101111110111100000000000000000000000000000000010
1111110110100100110001001111010111100000000000000000000000000000000010
1110011011101101111111111100111110000000000000000000000000000000000010
1111101001011110110101011011011001000000000000000000000000000000000010
1111010110100110110010110100111100000000000000000000000000000000000010
1110000000100010100001011011111100100000000000000000000000000000000010
1110111110101100000100010111010010100000000000000000000000000000000010
1110110111010011010111101000000000000000000000000000000000000000000010
1111110110010101010000010111101110100000000000000000000000000000000010
1110010110101011101100100010111000000000000000000000000000000000000010
1110100111001010101101010011110010000000000000000000000000000000000010
1111001001110010010011010111011100100000000000000000000000000000000010
1110001010010101101000101101100100000000000000000000000000000000000010
1110100111110111010010100011101100000000000000000000000000000000000010
1111010001101100000111000010110011000000000000000000000000000000000010
1111011001111001011000100010000000100000000000000000000000000000000010
1110011111111001111000010111101010000000000000000000000000000000000010
1111011011010010110111000110101000100000000000000000000000000000000010
1110101101111100011010110100010111000000000000000000000000000000000010
1111000101100100000001100011110011100000000000000000000000000000000010
1111111100101000010100100100001000000000000000000000000000000000000010
1111101001000111110000110011010010000000000000000000000000000000000010
1110110000010000110110110011011001100000000000000000000000000000000010
1110010110110011010110011110110110100000000000000000000000000000000010
1111111111101100100010110110100100100000000000000000000000000000000010
1110000011110000100000000011110001100000000000000000000000000000000010
1111011110110100001110110100000101100000000000000000000000000000000010
1110011011100101100110101111000011000000000000000000000000000000000010
1110011010011001010111000001010110000000000000000000000000000000000010
1110110011110111000000010100001001000000000000000000000000000000000010
1111001101000010101000011011011110100000000000000000000000000000000010
1111111010010111000110111101000100000000000000000000000000000000000010
1111100010111101100000111001110001100000000000000000000000000000000010
1111010100010101011010011001100000100000000000000000000000000000000010
1110110110001101000010011011100110100000000000000000000000000000000010
1110010010110111011001101001110110000000000000000000000000000000000010
1111111011001010000001011010011000100000000000000000000000000000000010
1111001101101011110001010101011100000000000000000000000000000000000010
1110100111101000101001010111111101000000000000000000000000000000000010
1111100111010111001111000100000001100000000000000000000000000000000010
1110001110001010111000100110111010100000000000000000000000000000000010
1111110110000010110111010110000100100000000000000000000000000000000010
1111100011110110100110110000100101100000000000000000000000000000000010
1110110011000011101000101101100000100000000000000000000000000000000010
1110000000100001100100111011001101000000000000000000000000000000000010
1111011000100110110100000111000110100000000000000000000000000000000010
1110100001010011011110110101110001100000000000000000000000000000000010
1111001011011100000001100011111000000000000000000000000000000000000010
1110000101110111101101010101110001000000000000000000000000000000000010
1110100111000111010000011101010001100000000000000000000000000000000010
1111101010111111110110110000101101000000000000000000000000000000000010
1111100111010000000101100001100000100000000000000000000000000000000010
1111011011000110111101100101000011000000000000000000000000000000000010
1111101011010000100011011000100001000000000000000000000000000000000010
1111001101011010110010011101111101100000000000000000000000000000000010
1111111001110110010101100011110001000000000000000000000000000000000010
1110000010000110110110010011111100100000000000000000000000000000000010
1110001110101100001111111001111000100000000000000000000000000000000010
1111101001110101010011101001101110100000000000000000000000000000000010
1111100001101111011001111000111100000000000000000000000000000000000010
1111110011100100101010101001111110100000000000000000000000000000000010
1111111101111001100000000101100101000000000000000000000000000000000010
1111111111110000111000001000101010100000000000000000000000000000000010
1111101001011101011011111100101010000000000000000000000000000000000010
1110110010110110101111101111000101000000000000000000000000000000000010
1110000111101101010001010011001011100000000000000000000000000000000010
1110011100001001010000110010100100100000000000000000000000000000000010
1111000001010100001011110000000011000000000000000000000000000000000010
1111100001000011101101010001000001000000000000000000000000000000000010
1110101010100011110001110001000101100000000000000000000000000000000010
1110011010110100111000110101110000100000000000000000000000000000000010
1110110001101111010010010010010100100000000000000000000000000000000010
1110100011101010111001100000100001100000000000000000000000000000000010
1110101010110001100011110101110001000000000000000000000000000000000010
1110101111000101100101111011010000100000000000000000000000000000000010
1110101001100111011010001011000011100000000000000000000000000000000010
1110110001101000101000011000010100100000000000000000000000000000000010
1110101001010110111001000000111100000000000000000000000000000000000010
1110101110000100111001100001001100000000000000000000000000000000000010
1110110100000001111001110000100011100000000000000000000000000000000010
1111001010011010111001111100010100000000000000000000000000000000000010
1110001101000001101101101110101111000000000000000000000000000000000010
1111100011101000011010101100111011000000000000000000000000000000000010
1111010111101011001101100011110000100000000000000000000000000000000010
1110000100011111010101011001001100000000000000000000000000000000000010
1111101100100000100110111100001100100000000000000000000000000000000010
1110000101101001001100111001100101100000000000000000000000000000000010
1111011010110111100011110011001010000000000000000000000000000000000010
1111000000000110000111110011111100000000000000000000000000000000000010
1110100100001010000101011010010000000000000000000000000000000000000010
1110010000110111111011100010001001000000000000000000000000000000000010
1111011010101110011011000111110010000000000000000000000000000000000010
1110100000100110101000011111110110000000000000000000000000000000000010
1111010010101011110000010000010011100000000000000000000000000000000010
1111010100111000010111100101101110000000000000000000000000000000000010
1110000110110001100111101110111110100000000000000000000000000000000010
1110101100100111000011001010101111100000000000000000000000000000000010
1111001101001101101100111001001010100000000000000000000000000000000010
1110010011110001000110101110110011100000000000000000000000000000000010
1111001110101000001111001001111001100000000000000000000000000000000010
1111110001010001110101101110001101000000000000000000000000000000000010
1110100111101011000111011000000111100000000000000000000000000000000010
1111011111010101100000100001111001000000000000000000000000000000000010
1110101111010110010110010001011001000000000000000000000000000000000010
1110110000100111110100010001001001100000000000000000000000000000000010
1110101111110011010101001110100011100000000000000000000000000000000010
1111011000011101000011100100110111000000000000000000000000000000000010
1110011111100010110100010111101011000000000000000000000000000000000010
1111111100101111101101110000100010100000000000000000000000000000000010
1111101100110010110011101101000011100000000000000000000000000000000010
1110110111110100101110100001011000000000000000000000000000000000000010
1111110001100110110101111001111011000000000000000000000000000000000010
1111101111110001000101111010101111000000000000000000000000000000000010
1110101011001010100010101011010100000000000000000000000000000000000010
1111001111001010100111100010111100000000000000000000000000000000000010
1110111111000010000100010100101110000000000000000000000000000000000010
1110010001110110000010000010001000100000000000000000000000000000000010
1111000010110011010101111000111000100000000000000000000000000000000010
1110010110100001011001100110101000000000000000000000000000000000000010
1111011101001110111011000111111010000000000000000000000000000000000010
1111110110011111011000101000010000100000000000000000000000000000000010
1110001110111010010011101000101000100000000000000000000000000000000010
1111001100100100111000100110101100100000000000000000000000000000000010
1110100111010110000100111001001100100000000000000000000000000000000010
1110100001101100100011111100110100100000000000000000000000000000000010
1111100010111110010011011110000101000000000000000000000000000000000010
1110100011010100011110110101001110100000000000000000000000000000000010
1110101110110011100000000111011100000000000000000000000000000000000010
1110100000110111101111010110111001000000000000000000000000000000000010
1111111000000011110001100000111000000000000000000000000000000000000010
1110000001010100010001010110010010100000000000000000000000000000000010
1110111101101010011010110111110111000000000000000000000000000000000010
1111110111101010000111111101100001000000000000000000000000000000000010
1110010000110000101110110001100110000000000000000000000000000000000010
1111001010110101000011101100010001000000000000000000000000000000000010
1110101010001110001111110001111100000000000000000000000000000000000010
1111100010010010111010010111101011000000000000000000000000000000000010
1111110111010111010111001101011101100000000000000000000000000000000010
1111001010001101011000001100010000100000000000000000000000000000000010
1111000001001111101011110000000101100000000000000000000000000000000010
1111000010011111101010001111100000100000000000000000000000000000000010
1111110011100001001011110001011111000000000000000000000000000000000010
1111101011010111011011101001111101100000000000000000000000000000000010
1110000110010101000110101111000011100000000000000000000000000000000010
1111001001111010010110101100110001100000000000000000000000000000000010
1110110110100001001000010111101100100000000000000000000000000000000010
1111001011001010011011010000011010100000000000000000000000000000000010
1110010000101000110001001111110100000000000000000000000000000000000010
1111100101110110100010001100000010100000000000000000000000000000000010
1111101011100001011010010101100110100000000000000000000000000000000010
1110000011101101111111011000010001100000000000000000000000000000000010
1110101001001101011011110101110010100000000000000000000000000000000010
1110010100110111000001010100110101100000000000000000000000000000000010
1110100110100000000010001001101100000000000000000000000000000000000010
1110101011110101011011000010010010100000000000000000000000000000000010
1111100001100111110101011010011100000000000000000000000000000000000010
1111011010011010001000010010001000100000000000000000000000000000000010
1111110101101100010101000100011101100000000000000000000000000000000010
1110101110110011100111011100010111000000000000000000000000000000000010
1111110100000001110101010010000111100000000000000000000000000000000010
1111000001101101111110010000000001100000000000000000000000000000000010
1110000101010101111110010010011010000000000000000000000000000000000010
1110000100000011010101011111110111100000000000000000000000000000000010
1111001111110010101000011101101111000000000000000000000000000000000010
1111001000101001011011110001010010000000000000000000000000000000000010
1110110010001001001001101001111101000000000000000000000000000000000010
1111000101001110111111000110011110000000000000000000000000000000000010
1110000111010010111011110001111110000000000000000000000000000000000010
1110011111100001000001000011100101100000000000000000000000000000000010
1110010110010000011111001000110001000000000000000000000000000000000010
1111110010100100011111010110001000000000000000000000000000000000000010
1110010011010100011010001011101110000000000000000000000000000000000010
1111111101011110000100101011100101100000000000000000000000000000000010
1110110101000000101101101011110111100000000000000000000000000000000010
1111111011010101011000100110011100000000000000000000000000000000000010
1110111000110110010000010110111101000000000000000000000000000000000010
1110111000110100010101111110101101100000000000000000000000000000000010
1111001000010001010001001001011000000000000000000000000000000000000010
1111111011011100110110111110111110100000000000000000000000000000000010
1111101000010101111011001111010100100000000000000000000000000000000010
1111111000001110000110110000101000000000000000000000000000000000000010
1111100111010100011001110100010000000000000000000000000000000000000010
1111110001111110010101111111110011100000000000000000000000000000000010
1110000100011111101000001111001100100000000000000000000000000000000010
1111111010010100110100001000011000100000000000000000000000000000000010
1111101111000110010000101101110000000000000000000000000000000000000010
1111010001010011010001010100011000000000000000000000000000000000000010
1110011011010001011100000111111000100000000000000000000000000000000010
1110111100110111100100001001100011000000000000000000000000000000000010
1110100011010001101010111011010111000000000000000000000000000000000010
1110100101110101111100111000011000000000000000000000000000000000000010
1110000000110000111011110111011011100000000000000000000000000000000010
1111000111011101101101011001111001000000000000000000000000000000000010
1110001111011111111101010000011111100000000000000000000000000000000010
1111101010111111011100011100100011000000000000000000000000000000000010
1111000001010100001011110000000011000000000000000000000000000000000010
1110110101000101101010010110011010000000000000000000000000000000000010
1110100010001001000101000101101000000000000000000000000000000000000010
1111000001101101011000110000011000000000000000000000000000000000000010
1110010101101111100000000101001100000000000000000000000000000000000010
1111111010100101001101000001000101100000000000000000000000000000000010
1110001110011011111011100101100100000000000000000000000000000000000010
1111000011001100011111000110110010100000000000000000000000000000000010
1111101110110001101100011001101011100000000000000000000000000000000010
1111010011001011011111000001100000000000000000000000000000000000000010
1110111001010011101011010000101001000000000000000000000000000000000010
1110011110000000000001100100100011100000000000000000000000000000000010
1111001001100111101101110010001010100000000000000000000000000000000010
1110000000000111100011110111111100100000000000000000000000000000000010
1110110101010111111001101000000110100000000000000000000000000000000010
1110110010001110010010110110001111000000000000000000000000000000000010
1110101100101111100110111110101110100000000000000000000000000000000010
1111011000001010111111011000100001000000000000000000000000000000000010
1110011000011111011000101000100110100000000000000000000000000000000010
1110100111101010101111101100000001100000000000000000000000000000000010
1110000000111111110101101110111010000000000000000000000000000000000010
1110111110000010110110110000001001000000000000000000000000000000000010
1110110000001011110000101110101000000000000000000000000000000000000010
1111110001000001011010101101110001100000000000000000000000000000000010
1111010010101010101101110001000001000000000000000000000000000000000010
1111110011000010100010110010011111000000000000000000000000000000000010
1111100100111100011000111111000110100000000000000000000000000000000010
1111101001000010101101110110010011000000000000000000000000000000000010
1110100101010011011010110000110111000000000000000000000000000000000010
1110001110010110100011110110101010000000000000000000000000000000000010
1110111010001111001010110101000000100000000000000000000000000000000010
1110110100010100010111000100110111000000000000000000000000000000000010
1110111000100011101001111100000001000000000000000000000000000000000010
1111100000010110111000110111110101100000000000000000000000000000000010
1110110111001010100111011011100000100000000000000000000000000000000010
1110000000100011100110110111000001100000000000000000000000000000000010
1110111001001110000100001110011001100000000000000000000000000000000010
1110001100001010110101101001110111100000000000000000000000000000000010
1110011010110011111001111001010010000000000000000000000000000000000010
1110110111001111011100101110001100100000000000000000000000000000000010
1111011010001110101110011111110101100000000000000000000000000000000010
1110101110101010101010001110110101100000000000000000000000000000000010
1110111000110001101011100100110010000000000000000000000000000000000010
1111000100010011000010011010000001000000000000000000000000000000000010
1111110000011010001111011111000000100000000000000000000000000000000010
1111110010111010000010100111000111100000000000000000000000000000000010
