1010100011000101110000110111100010000000000000000000000000000000000010
1010011010111110011101011011101101100000000000000000000000000000000010
1011110101101001111000010101100101000000000000000000000000000000000010
1011101101000011011111101000010111100000000000000000000000000000000010
1010101000000100001011111001000011000000000000000000000000000000000010
1010100001110010000000011101000101000000000000000000000000000000000010
1010111100010010001001110101011001100000000000000000000000000000000010
1011100110100011111001101001011000100000000000000000000000000000000010
1011100111000000111000101000110000100000000000000000000000000000000010
1010101111011110111100001110011100000000000000000000000000000000000010
1010001100010111100101001010110110100000000000000000000000000000000010
1010100010101100010000010000010110000000000000000000000000000000000010
1011011101100111110000000111010001100000000000000000000000000000000010
1011101011010100100000110110100100000000000000000000000000000000000010
1011010111000111000101011010100101100000000000000000000000000000000010
1011110110000011011000111001111001000000000000000000000000000000000010
1010110110100011100101110111111110100000000000000000000000000000000010
1010111110110111101000000011100010000000000000000000000000000000000010
1011101110010111111001011001100111100000000000000000000000000000000010
1011101011011011010011100001001010100000000000000000000000000000000010
1011111110010001010100000011110010000000000000000000000000000000000010
1011111010010101111011011001010111100000000000000000000000000000000010
1011001011010111000010010001101111000000000000000000000000000000000010
1010100111001010101010000000000010100000000000000000000000000000000010
1011000111010011111100000011001110000000000000000000000000000000000010
1011101001011111010001011000011010000000000000000000000000000000000010
1010001010011110001100101000011100100000000000000000000000000000000010
1011001110001110110100000110011011000000000000000000000000000000000010
1011101110111000000001100001001111100000000000000000000000000000000010
1010111000001100000000101001101000000000000000000000000000000000000010
1011110001101111100110101101011110100000000000000000000000000000000010
1011111110010001011110000111111100000000000000000000000000000000000010
1010110000100001111001100000000011000000000000000000000000000000000010
1010101000110100001111001111010001100000000000000000000000000000000010
1011111111111010100000010101101010100000000000000000000000000000000010
1011000110110001110010110110101000000000000000000000000000000000000010
1010101110011110011101111100100111000000000000000000000000000000000010
1011100011111111111010011001101101000000000000000000000000000000000010
1010011101111110001101001110000000000000000000000000000000000000000010
1010111011001011011000101110111000000000000000000000000000000000000010
1011110101011101110111100101110110000000000000000000000000000000000010
1010010011011101000100010001010110100000000000000000000000000000000010
1010111111000100001010101001001111000000000000000000000000000000000010
1010100110010101010111111100000000100000000000000000000000000000000010
1011100101110001110010010001001110100000000000000000000000000000000010
1010011001110001011111000111011100100000000000000000000000000000000010
1010001000010110001111101011100011100000000000000000000000000000000010
1010011000000101000000101001001011000000000000000000000000000000000010
1011101100110000001110011101110000000000000000000000000000000000000010
1010111011111001011000011011000100000000000000000000000000000000000010
1010100000000011001111101000000011100000000000000000000000000000000010
1010111101001010000000110011000001000000000000000000000000000000000010
1011001111010001110110011010111001100000000000000000000000000000000010
1010010011001001001000001111101110000000000000000000000000000000000010
1011110111011011100000110010000000100000000000000000000000000000000010
1010111101110001010010011001111101000000000000000000000000000000000010
1010111111011001011101001010001110100000000000000000000000000000000010
1010000100010101011011011001100011100000000000000000000000000000000010
1011111001100010110000110110101111100000000000000000000000000000000010
1010011010111001110000110011110000100000000000000000000000000000000010
1010101111000110111110001111011110000000000000000000000000000000000010
1011011000010010010111001111101000100000000000000000000000000000000010
1011111010011110000000100011111110100000000000000000000000000000000010
1010111110100000000000001010010100100000000000000000000000000000000010
1011110010010111000101100010000010000000000000000000000000000000000010
1011000011001100101101110010101000100000000000000000000000000000000010
1011110100001001000000000101001010000000000000000000000000000000000010
1010011001100100001011011010110101000000000000000000000000000000000010
1010100110000011101010011010001010100000000000000000000000000000000010
1011101010001110100111000001100100000000000000000000000000000000000010
1011111000111010011101010100011011100000000000000000000000000000000010
1011101100110111111101100110011101100000000000000000000000000000000010
1011100010100010000110111111000111100000000000000000000000000000000010
1011111000000100001001011000111000100000000000000000000000000000000010
1010111111010001001111110001111100100000000000000000000000000000000010
1010101100111001110011110111101111000000000000000000000000000000000010
1011111101101100010011100011100100000000000000000000000000000000000010
1011011001001010011100101000011000000000000000000000000000000000000010
1010100000100101110001101011100001000000000000000000000000000000000010
1011110110011110001011101110011010000000000000000000000000000000000010
1010000010010101111001101111000010000000000000000000000000000000000010
1011000101001110011101101111110100000000000000000000000000000000000010
1010010100010100111101000101100110000000000000000000000000000000000010
1010100010111101000110111111110001100000000000000000000000000000000010
1010110001110111111101101001110001100000000000000000000000000000000010
1010000010101110110011001000111010100000000000000000000000000000000010
1010001001100101000001111101111011100000000000000000000000000000000010
1011100010111101011110110111110000000000000000000000000000000000000010
1011101100011000010001010010000000000000000000000000000000000000000010
1011101100111001001101000101011011100000000000000000000000000000000010
1011110001011001000111101100100011100000000000000000000000000000000010
1011011001010111101100110110101111100000000000000000000000000000000010
1010100101100101111010010110111000100000000000000000000000000000000010
1010110101100001000001101111111111000000000000000000000000000000000010
1010001111000010110011111011010011000000000000000000000000000000000010
1010010101011010010010110111000111000000000000000000000000000000000010
1010111101001101110110110000010000000000000000000000000000000000000010
1010100101010001100010110011110101000000000000000000000000000000000010
1010010100011001111010110110111011000000000000000000000000000000000010
1010011011101111111010001101001001100000000000000000000000000000000010
1011011000111111110010100110101100100000000000000000000000000000000010
1010000101001110011011000001110100000000000000000000000000000000000010
1010100010111101111101100001100011000000000000000000000000000000000010
1011011000111100010110000101100011100000000000000000000000000000000010
1010101010101010010100010110000111100000000000000000000000000000000010
1011001100110111011100000100010011100000000000000000000000000000000010
1010110011011110000010010010111101000000000000000000000000000000000010
1011100101110100111100101010101010100000000000000000000000000000000010
1010101001111010110011000100000010100000000000000000000000000000000010
1011000100110101110101111111001101100000000000000000000000000000000010
1011011010110101100100011100111000100000000000000000000000000000000010
1010110000111111111010101010001111000000000000000000000000000000000010
1011111101011011100100011001001001100000000000000000000000000000000010
1010010110011010100110001101101111000000000000000000000000000000000010
1010100110111001100110111010011001000000000000000000000000000000000010
1010110100010110010010010000010111000000000000000000000000000000000010
1010010010101001101010101110110100100000000000000000000000000000000010
1011000010111011100100100111100101100000000000000000000000000000000010
1010011010101000111101101101011101100000000000000000000000000000000010
1011101101011001100011101001111011000000000000000000000000000000000010
1011110111001001110111110000011101100000000000000000000000000000000010
1010010001110010000001000110101111100000000000000000000000000000000010
1011010111011100111001010111000001000000000000000000000000000000000010
1011011100100011010101010111010001100000000000000000000000000000000010
1011000100000010110110000111111110000000000000000000000000000000000010
1011010111001010101001001001011001000000000000000000000000000000000010
1010111111111010111100100001001010000000000000000000000000000000000010
1011100011100000101000011011011100000000000000000000000000000000000010
1010000100100001101101100111001111000000000000000000000000000000000010
1011111110001111101010111100000101000000000000000000000000000000000010
1010100001110010001000111011010110100000000000000000000000000000000010
1011100001111011100001101110001111000000000000000000000000000000000010
1011110011001010111000110110110010000000000000000000000000000000000010
1010101111011110100110111010101101100000000000000000000000000000000010
1010111111110101000101111111010011100000000000000000000000000000000010
1011001000110111010000001010111001000000000000000000000000000000000010
1010000100000010011011010101101010100000000000000000000000000000000010
1010111000110011010000111010111000000000000000000000000000000000000010
1011110011011011100101101010111110000000000000000000000000000000000010
1010110000010110101100001001101010000000000000000000000000000000000010
1010101010000100001000010010110100000000000000000000000000000000000010
1011101011111011100010001100111011000000000000000000000000000000000010
1011110001110101000111010001110110000000000000000000000000000000000010
1011011101111111100000001100111111100000000000000000000000000000000010
1011101010100011011100011011110100100000000000000000000000000000000010
1011010101010000010101110100100111000000000000000000000000000000000010
1011111000010111001011100110101110100000000000000000000000000000000010
1010101101010011111001000110011000000000000000000000000000000000000010
1011111111001011111011100011010000100000000000000000000000000000000010
1010000011100011101101100000010100100000000000000000000000000000000010
1011110001001110000111001111101111100000000000000000000000000000000010
1011101110110001100001010100000110000000000000000000000000000000000010
1010010110001110010010100001011100100000000000000000000000000000000010
1010101010010101011001000111100100000000000000000000000000000000000010
1010101111011010010001101010001110000000000000000000000000000000000010
1010110010010001100001110011010000000000000000000000000000000000000010
1010100110111000000010001010011100000000000000000000000000000000000010
1010100110100011101101100101000111100000000000000000000000000000000010
1011101100100010011001100110101001100000000000000000000000000000000010
1010111010010010101110101110011110100000000000000000000000000000000010
1010101011001001011111010110000101100000000000000000000000000000000010
1010011010100011111000010111001001100000000000000000000000000000000010
1011100001011001001111110001001011000000000000000000000000000000000010
1010111010110110100100000110111101000000000000000000000000000000000010
1011001101111100000100000100010101000000000000000000000000000000000010
1011100010101111010010010011111001000000000000000000000000000000000010
1011100001111110100001100010001010000000000000000000000000000000000010
1011111010101110110011101111101010000000000000000000000000000000000010
1010110101110100010011000011111001000000000000000000000000000000000010
1011111111000111011100011000000001100000000000000000000000000000000010
1010100100110011010011101110100000000000000000000000000000000000000010
1011001010010011100010001001110110000000000000000000000000000000000010
1010001001011010011001001010000101000000000000000000000000000000000010
1010101111000010010011010011010000100000000000000000000000000000000010
1011101011100001000111101010000100100000000000000000000000000000000010
1010101000101110100111110000010110100000000000000000000000000000000010
1011011011011011101001111001101000100000000000000000000000000000000010
1010111000011011001011111101010111000000000000000000000000000000000010
1010101001001000100101110000011011000000000000000000000000000000000010
1011111010110001100000001001010001100000000000000000000000000000000010
1011001010011011101001011100011111000000000000000000000000000000000010
1010011111101011110101111001111001000000000000000000000000000000000010
1010101001110010000001000101111001000000000000000000000000000000000010
1011101110110010101110011100010111000000000000000000000000000000000010
1011011011101110111011010100010001000000000000000000000000000000000010
1010101111000010010011010001101110000000000000000000000000000000000010
1011011001110111110000010100100101000000000000000000000000000000000010
1010101010011010110110000110111111000000000000000000000000000000000010
1010110110111100110001101010100111100000000000000000000000000000000010
1011111011101110011100011111001010000000000000000000000000000000000010
1010000010010001010001011001010111000000000000000000000000000000000010
1010100100010011000110110101001110100000000000000000000000000000000010
1010011100101101010001011110101100100000000000000000000000000000000010
1011001000000111110111011001111000000000000000000000000000000000000010
1011111010000110010001110111000101000000000000000000000000000000000010
1010100110110001100001000111001010000000000000000000000000000000000010
1010100100100100011110000110111101100000000000000000000000000000000010
1011100000100100111101111000001001000000000000000000000000000000000010
1011110000001111111010101011011100100000000000000000000000000000000010
1010111010110000110010101101101111100000000000000000000000000000000010
1010101010101010110000100111100111100000000000000000000000000000000010
1011100000010111010100111110001101000000000000000000000000000000000010
1010011100010000101000100110101110100000000000000000000000000000000010
1011010111101110011011111001011011100000000000000000000000000000000010
1010111001011000101111111110111010000000000000000000000000000000000010
1011001011001100000101101000010111000000000000000000000000000000000010
1011011010111111100000111011111000000000000000000000000000000000000010
1010110010110100111000101110110111000000000000000000000000000000000010
1010000010101100001110011001111010000000000000000000000000000000000010
1011000100110010011100011101000101000000000000000000000000000000000010
1010110001111011100110111110000010000000000000000000000000000000000010
1011111000010011010100011100001111000000000000000000000000000000000010
1011111111000000101100101101001001100000000000000000000000000000000010
1010100101100100001111100101100111100000000000000000000000000000000010
1011111111100011010100100100000000000000000000000000000000000000000010
1011010001110010000101001101000010100000000000000000000000000000000010
1011001111001010011101101100110101100000000000000000000000000000000010
1011111111111011101001010110000011100000000000000000000000000000000010
1010111000000100101101101101101000000000000000000000000000000000000010
1011100111001000011110110011111111100000000000000000000000000000000010
1011001111001000100001001100100011100000000000000000000000000000000010
1011000011010110110011111000101011000000000000000000000000000000000010
1011110001110000010001001010101000000000000000000000000000000000000010
1011100110011001010000001001011110000000000000000000000000000000000010
1011011011011010111000010000011111000000000000000000000000000000000010
1011010011001110001010010111100101000000000000000000000000000000000010
1011101000001111111000111010001000100000000000000000000000000000000010
1010111101011011011110101101110001000000000000000000000000000000000010
1011100111011100100011100110110001000000000000000000000000000000000010
1010111001001011001000000110010100100000000000000000000000000000000010
1011010011101010110001010001111011100000000000000000000000000000000010
1011111010001101011100100010000101100000000000000000000000000000000010
1010110100000011011001100011110111000000000000000000000000000000000010
1011001100111111000000001010101010100000000000000000000000000000000010
1011010000000011111001110011011100000000000000000000000000000000000010
1011011001000100011110100011001101100000000000000000000000000000000010
1011110010001101111001011011010111000000000000000000000000000000000010
1011111110011111111001011010111111000000000000000000000000000000000010
1010000100000011101000011100100100100000000000000000000000000000000010
1011111011100001100000101001110101100000000000000000000000000000000010
1010010111000111101110011011101011100000000000000000000000000000000010
1011011011101011100000100101100000100000000000000000000000000000000010
1011110010011100110010100111001101100000000000000000000000000000000010
1011001000111101000010000100111010100000000000000000000000000000000010
1010101100000100110101010101111010000000000000000000000000000000000010
1010011111011011011110000101011001100000000000000000000000000000000010
1010001101001111011100101001000010100000000000000000000000000000000010
1011010101011101001000001011101001000000000000000000000000000000000010
1010110010011111110000110000100110000000000000000000000000000000000010
1010111111001100101010011100010011100000000000000000000000000000000010
1011001010011001100100001111110100100000000000000000000000000000000010
1011000011100011110101011110011100100000000000000000000000000000000010
1011010001011000100000010110101100100000000000000000000000000000000010
1011100100001011100011001100010000100000000000000000000000000000000010
1011110110010011000100101001110111100000000000000000000000000000000010
1011101000000111011101111101010000100000000000000000000000000000000010
1010000001101101101101110101110111000000000000000000000000000000000010
1010010000110111000010000010110110000000000000000000000000000000000010
1010001000001101011110101101010111100000000000000000000000000000000010
1010100111011110101010000000100100000000000000000000000000000000000010
1011110010111001111001100001100010100000000000000000000000000000000010
1010000011100110010101101011100010000000000000000000000000000000000010
1010001110001100111111101000001101100000000000000000000000000000000010
1011111100000010111110001111000011100000000000000000000000000000000010
1011110001111111001000101000101111000000000000000000000000000000000010
1010101110000110011000011111000110100000000000000000000000000000000010
1011110100100000100000001110000011000000000000000000000000000000000010
1011110100111011111111010011111001100000000000000000000000000000000010
1010010110101001001100000000011010000000000000000000000000000000000010
1011011101111111111111010010000000000000000000000000000000000000000010
1010010010000011001110000011010011000000000000000000000000000000000010
1010011011111101001001000001010000000000000000000000000000000000000010
1011011001111001111000000000010001100000000000000000000000000000000010
1011011111011011010111010000101010000000000000000000000000000000000010
1010010111101101001010011011001111100000000000000000000000000000000010
1010110100001000110101011011111000000000000000000000000000000000000010
1011010110111100011110010001001001100000000000000000000000000000000010
1010011011101000111001111010011001100000000000000000000000000000000010
1010111111110010010110100110001110000000000000000000000000000000000010
1011010010010000100010010011010100100000000000000000000000000000000010
1010101000001011101110010111101011000000000000000000000000000000000010
1011001101011000000111011011101001100000000000000000000000000000000010
1010110111100111101111000000001101000000000000000000000000000000000010
1011111110001001111101010111100001000000000000000000000000000000000010
1011010110010011000010011000011001100000000000000000000000000000000010
1011101101101000100110001110011010000000000000000000000000000000000010
1010000110100101000010001100100100100000000000000000000000000000000010
1011100111000101111100100111100010000000000000000000000000000000000010
1011100000001110011110110111011011100000000000000000000000000000000010
1010100101100100101000100011111001100000000000000000000000000000000010
1010001011101101110001010111100001000000000000000000000000000000000010
1011101111001001011000011101001110100000000000000000000000000000000010
1010010100111011100111110111010101000000000000000000000000000000000010
1011000111111110100110100111001100000000000000000000000000000000000010
1010110110001010110100000101011010000000000000000000000000000000000010
1010101111001010011001111110000000000000000000000000000000000000000010
1011110001001010111010110101010101100000000000000000000000000000000010
1011100011010001011000000000010110100000000000000000000000000000000010
1010100000100100100111011000100100000000000000000000000000000000000010
1011101101100100000111010000001001000000000000000000000000000000000010
1010000011000100111101010110010111100000000000000000000000000000000010
1011101011001001111010011000100001100000000000000000000000000000000010
1010110010011001111001111110001001000000000000000000000000000000000010
1011000111100110100111110001010000000000000000000000000000000000000010
1011000111110001110000011001010111100000000000000000000000000000000010
1010101011110010010111001010001101000000000000000000000000000000000010
1010110111001000001000000110111011000000000000000000000000000000000010
1010100111110011010010100100000010100000000000000000000000000000000010
1010110001011000110001011101011011100000000000000000000000000000000010
1010111010111110001100100011011010100000000000000000000000000000000010
1010011010011010011010111001100000100000000000000000000000000000000010
1010001111100011010101100010010000000000000000000000000000000000000010
1011011111000010001101111011011111100000000000000000000000000000000010
1011010110011000010011000100110011100000000000000000000000000000000010
1011000011010010101110010000011100000000000000000000000000000000000010
1010100010101110010111100100010010000000000000000000000000000000000010
1010100111001000010011000110001100000000000000000000000000000000000010
1011100100010101100010100111000111100000000000000000000000000000000010
1011101100011000000111101001000101100000000000000000000000000000000010
1010100100101111010111000100011100000000000000000000000000000000000010
1011001111001101101100001000011100100000000000000000000000000000000010
1011001010101110010100000011011100000000000000000000000000000000000010
1011110101000110010111110001011100000000000000000000000000000000000010
1011100111111000111110100100100111100000000000000000000000000000000010
1011101010000000110011110110111100100000000000000000000000000000000010
1011010010001010101011001001011111100000000000000000000000000000000010
1010101100001010110100101110011100000000000000000000000000000000000010
1011101110000010000010100100010001000000000000000000000000000000000010
1011111010000110110010100101000001100000000000000000000000000000000010
1010111011001001100001101011100110100000000000000000000000000000000010
1010110000101001110100001000010100000000000000000000000000000000000010
1010100011010110110111011110000010000000000000000000000000000000000010
1011110100111111010001101000000000100000000000000000000000000000000010
1010100101011011001001110001000111100000000000000000000000000000000010
1011101100111111011110000011001111100000000000000000000000000000000010
1010101010010101010001111110000111100000000000000000000000000000000010
1011001101011111100101001110110001100000000000000000000000000000000010
1011100001111110101000011010000000000000000000000000000000000000000010
1010011101110101010010001000111011000000000000000000000000000000000010
1010001100101101111110111010010110000000000000000000000000000000000010
1011001101110111111110011111000001100000000000000000000000000000000010
1010010000101101111101100100001000000000000000000000000000000000000010
1010001011001000010000100100100000000000000000000000000000000000000010
1010110101000110111100101101111110100000000000000000000000000000000010
1011011101011110101100110111001001000000000000000000000000000000000010
1011101110011101110110001000000011100000000000000000000000000000000010
1011000001000101010000101001000100100000000000000000000000000000000010
1011001011101100101010100111100111100000000000000000000000000000000010
1011110001011011101000111010010001100000000000000000000000000000000010
1010010011110010111000001110100000100000000000000000000000000000000010
1010010001110010000101010000111111000000000000000000000000000000000010
1011101111000001001000110111010001000000000000000000000000000000000010
1010011010001000000000110000010001000000000000000000000000000000000010
1011110100011010000100000001011001000000000000000000000000000000000010
1011000000110011111110111010101111000000000000000000000000000000000010
1010010001100110001011001110011101100000000000000000000000000000000010
1010001110101000101111110101100101000000000000000000000000000000000010
1011100001011100101110001001000001100000000000000000000000000000000010
1010111001110100100101000110001011000000000000000000000000000000000010
1010001011011110000111101111101000000000000000000000000000000000000010
1010110011011011100011001101001010100000000000000000000000000000000010
1010111110000100000101001110110001100000000000000000000000000000000010
1011100100101111100011011111111010000000000000000000000000000000000010
1010110000010000011111001101011100000000000000000000000000000000000010
1010110111110100111110110101011010100000000000000000000000000000000010
1010000111010000011111001100110101100000000000000000000000000000000010
1010101100101111111001101101111111000000000000000000000000000000000010
1010100011100001010111000001100101000000000000000000000000000000000010
1011100100010001100110110001111110000000000000000000000000000000000010
1010011001101011100110011100000011100000000000000000000000000000000010
1011001001110110001001111111100101100000000000000000000000000000000010
1010010110011010010001100101011100000000000000000000000000000000000010
1011010011110001111101000101010111100000000000000000000000000000000010
1011011110000000010011010011100110100000000000000000000000000000000010
1010011111101001000001100010000011100000000000000000000000000000000010
1010110110011010101000010100011000000000000000000000000000000000000010
1011000001110001001010111100110010100000000000000000000000000000000010
1011101001011001100101011010000000000000000000000000000000000000000010
1011000100000010010101000101111110100000000000000000000000000000000010
1010011100011100111100010111101000000000000000000000000000000000000010
1011001110010101100111110000000011000000000000000000000000000000000010
1010000111001001010000101001100000100000000000000000000000000000000010
1010000100011010010110111000001010000000000000000000000000000000000010
1010011001101011110001110011101010100000000000000000000000000000000010
1010111101110110001001100111110000000000000000000000000000000000000010
1011100011001111010110110011110001100000000000000000000000000000000010
1010101010101110101110100010100011100000000000000000000000000000000010
1010101110111010001111100011000001000000000000000000000000000000000010
1011001100110100100101000101000101000000000000000000000000000000000010
1011101010010001100000000110101111000000000000000000000000000000000010
1010101100111011110001010110100010100000000000000000000000000000000010
1011100000010011100110011101100101000000000000000000000000000000000010
1010100101111101111011101101111000000000000000000000000000000000000010
1010001110101001101000000100100101000000000000000000000000000000000010
1010001010111011001001010011011110100000000000000000000000000000000010
1011100110100001010011000111110110100000000000000000000000000000000010
1010100110110111110110010101101110100000000000000000000000000000000010
1011011101000111010011100100001111100000000000000000000000000000000010
1011010100110111001100110010000100000000000000000000000000000000000010
1011101111000011000011001100111001000000000000000000000000000000000010
1011101011101100101011001110001001100000000000000000000000000000000010
1010000011110011110110100000111111100000000000000000000000000000000010
1010010100101000011111000010000010000000000000000000000000000000000010
1010000111111011001001110100001001000000000000000000000000000000000010
1011110011001000000101010110110010000000000000000000000000000000000010
1011001010001111110010101010011010100000000000000000000000000000000010
1011010001001110010001010000110011000000000000000000000000000000000010
1011011010111011110000011110010101100000000000000000000000000000000010
1011111011111011101111010000101010000000000000000000000000000000000010
1010011010100010111111001100110010000000000000000000000000000000000010
1011011111100101001001011100001000000000000000000000000000000000000010
1010100001101001111111101100110011000000000000000000000000000000000010
1010000011011010111000000000110110000000000000000000000000000000000010
1011101010011101101101011000100000100000000000000000000000000000000010
1011101111111101000001111000110000000000000000000000000000000000000010
1010100111011010111010100100001001100000000000000000000000000000000010
1010101110111111010100100001100001000000000000000000000000000000000010
1010010001111110110011010000101000100000000000000000000000000000000010
1010001111110001100110010011000010000000000000000000000000000000000010
1010100101110100011001111000010000000000000000000000000000000000000010
1010010010101111100011110000100101100000000000000000000000000000000010
1011000111101000111000001110001010100000000000000000000000000000000010
1010111000010101101111000100101100100000000000000000000000000000000010
1010111111111011101000001101001011100000000000000000000000000000000010
1010101011000110001101000110100000000000000000000000000000000000000010
1010111110100101101011110100000100100000000000000000000000000000000010
1010000000111111110111001000011001100000000000000000000000000000000010
1010000100101011100010010110010101000000000000000000000000000000000010
1011100000101101110110100011011100000000000000000000000000000000000010
1010101100110100100101011000111110000000000000000000000000000000000010
1010011001001010001010000011101101100000000000000000000000000000000010
1010100000010111010111100110010101000000000000000000000000000000000010
1010000001101100111110100000111010000000000000000000000000000000000010
1010100110000011111100101011010101100000000000000000000000000000000010
1010011101001110101000111010110100000000000000000000000000000000000010
1010001111010100110011001000111010100000000000000000000000000000000010
1010011100011101110010111000011001100000000000000000000000000000000010
1010001001111101010101001001001101000000000000000000000000000000000010
1011000100001001010000110001001101000000000000000000000000000000000010
1010011110010011111001111011011001000000000000000000000000000000000010
1010110010011011101011011110100010000000000000000000000000000000000010
1010011101010001111101111100000001000000000000000000000000000000000010
1010111000101010011011001101111110100000000000000000000000000000000010
1011111110110110010011001111111001100000000000000000000000000000000010
1011001101100011101011000110100010000000000000000000000000000000000010
1011110010100001010111101100000100000000000000000000000000000000000010
1011100011111011001100001100101100000000000000000000000000000000000010
1011000011011011011101111111101010100000000000000000000000000000000010
1011100101010011010000001000000101100000000000000000000000000000000010
1011011100001111001001100110110001000000000000000000000000000000000010
1011001111001101111101010000011101000000000000000000000000000000000010
1010001011001101100000110101101001000000000000000000000000000000000010
1011101001111111010110000110110011100000000000000000000000000000000010
1010101111000010111011000000000011100000000000000000000000000000000010
1010101101110101001110000110101100000000000000000000000000000000000010
1010110011001011100101110110111001100000000000000000000000000000000010
1011101010101110001110100000001100100000000000000000000000000000000010
1011110101110011001010101000010100000000000000000000000000000000000010
1010101111010100001100100100100001100000000000000000000000000000000010
1010110001000101101001010000001101100000000000000000000000000000000010
1011001111011111011011100100100100000000000000000000000000000000000010
1011000011000100011010011111010100000000000000000000000000000000000010
1010100010011000111101100111100000000000000000000000000000000000000010
1011011001001110001001010000011111100000000000000000000000000000000010
1010100100001011111010110000101000100000000000000000000000000000000010
1011010110101110111000111110101001000000000000000000000000000000000010
1011001111011000011110110010001100000000000000000000000000000000000010
1011110111111111001010110010000110100000000000000000000000000000000010
1011000000111111001011100010111010100000000000000000000000000000000010
1011000000111001010000001010010011000000000000000000000000000000000010
1011101111000010100110110110000101100000000000000000000000000000000010
1010000111011010100100001001100000000000000000000000000000000000000010
1010001101001000111111010110011001000000000000000000000000000000000010
1010001011011011110000011011110001100000000000000000000000000000000010
1010100000000101010100100010100011100000000000000000000000000000000010
1010101000111101010000000011111010100000000000000000000000000000000010
1011001110000101001101010010011000000000000000000000000000000000000010
1011011010100001111011010110101000000000000000000000000000000000000010
1011000001010101011100001010011011100000000000000000000000000000000010
1011101000011000101011101010100010000000000000000000000000000000000010
1010111100110011001001111011000110000000000000000000000000000000000010
1011001010010101111000001100011011100000000000000000000000000000000010
1011000100000100100111010010110100100000000000000000000000000000000010
1011000011100100001101000110111010000000000000000000000000000000000010
1010101100101100101010110101010010100000000000000000000000000000000010
1011110010101000011111100100010011100000000000000000000000000000000010
1010001011011010001110010101110011100000000000000000000000000000000010
1011001010000111001110000111000001000000000000000000000000000000000010
1010110111000011110011101001001001000000000000000000000000000000000010
1011010001111010010101000000000110000000000000000000000000000000000010
1011000010101100111011001100110011100000000000000000000000000000000010
1010011001101100001111011001101110000000000000000000000000000000000010
1010000110101011111110001100000011000000000000000000000000000000000010
1011010011000010010110111100010101100000000000000000000000000000000010
1011100101101110011111011101101010000000000000000000000000000000000010
1011110100010010111101001101111110000000000000000000000000000000000010
1011110110010110101000101101001110000000000000000000000000000000000010
1011011011100011001010111011011010100000000000000000000000000000000010
1010110001111000100010100111000010000000000000000000000000000000000010
1010101100110000000010011111110110100000000000000000000000000000000010
1010011101101110011111011101010100100000000000000000000000000000000010
1011001101101101001000010110100110000000000000000000000000000000000010
1011111000011101000011101100111010000000000000000000000000000000000010
1010111010100001101011000100001010000000000000000000000000000000000010
1010011001010101011010001001000011000000000000000000000000000000000010
1010000111100011111000000001110110000000000000000000000000000000000010
1010011001111111111011111101100111000000000000000000000000000000000010
1011100011001100011101111000001001100000000000000000000000000000000010
1011010101101110011011101010100100100000000000000000000000000000000010
1010010110011011100110000010100100100000000000000000000000000000000010
1010111001101100001011100111111010000000000000000000000000000000000010
1011001011111001011001000111000000100000000000000000000000000000000010
1011010000101001101100111010101000100000000000000000000000000000000010
1011110010111000110110011111000000100000000000000000000000000000000010
1010111000101110010001000011101001000000000000000000000000000000000010
1011011110010111001110111010100000000000000000000000000000000000000010
1011001111001101110000110100010110000000000000000000000000000000000010
1010010000111111111000111100111000100000000000000000000000000000000010
1010010011011100101011111101111000000000000000000000000000000000000010
1011100011100011101000011100001111000000000000000000000000000000000010
1011101110110100000100111010110100100000000000000000000000000000000010
1011011011111001110100110111110000000000000000000000000000000000000010
1011110101000100011001010001110101100000000000000000000000000000000010
1011100000001011011010001110001010100000000000000000000000000000000010
1011101000111001001001001001100100100000000000000000000000000000000010
1010001000100000011111101101001001100000000000000000000000000000000010
1011110110001110001100000000011001000000000000000000000000000000000010
1011000001101100110000111001110011000000000000000000000000000000000010
1010111111001111000000101101101001000000000000000000000000000000000010
1011101001101110101100000000111111100000000000000000000000000000000010
1011010010001110111001001000100110000000000000000000000000000000000010
1011101001000111000101010101110101100000000000000000000000000000000010
1010111000100011001011111100100001000000000000000000000000000000000010
1011101100000111101010001010000110000000000000000000000000000000000010
1010101001110000111100101000001001000000000000000000000000000000000010
1010011101000111100110001000101100000000000000000000000000000000000010
1010001110000000100011010000100001000000000000000000000000000000000010
1010110010111111111001000111001111000000000000000000000000000000000010
1011110100100110101111111100101111000000000000000000000000000000000010
1011001100001011000110010111101011100000000000000000000000000000000010
1010111100010000010000110010100011000000000000000000000000000000000010
1010100011010010010001110000011010100000000000000000000000000000000010
1010100010000111100100111000000100100000000000000000000000000000000010
1011010101011010111100101101110011100000000000000000000000000000000010
1011110111011100100111111111111110100000000000000000000000000000000010
1010110000110011001011010011100110100000000000000000000000000000000010
1010010100000111101011010111010101100000000000000000000000000000000010
1010011100010011001001100000111001100000000000000000000000000000000010
1011011101111101011000001001011010100000000000000000000000000000000010
1010001000001000110010111111000000000000000000000000000000000000000010
1011000101110010100011010000110111000000000000000000000000000000000010
1011110110110101110011001010001000000000000000000000000000000000000010
1011010101110001111110111011011111000000000000000000000000000000000010
1010001110000010010110000000001000000000000000000000000000000000000010
1010001001111110110000011000001111100000000000000000000000000000000010
1011101001001111000110000100111101000000000000000000000000000000000010
1011100001110101010101001110010110100000000000000000000000000000000010
1010011111101011100001000100100001000000000000000000000000000000000010
1011010001110010000110000011010010100000000000000000000000000000000010
1010011010000001100000100101111111000000000000000000000000000000000010
1011101011011000111010111110000010100000000000000000000000000000000010
1011100101011011111010000011100001000000000000000000000000000000000010
1011111000010110000100000111001001000000000000000000000000000000000010
1011001111100010001001101110100001000000000000000000000000000000000010
1011011111111100101111011110001111100000000000000000000000000000000010
1011101011001101101000101011000100000000000000000000000000000000000010
1010001101000111110110000100010100100000000000000000000000000000000010
1011001001000111101001101011010000000000000000000000000000000000000010
1010110001010111011111000000100010000000000000000000000000000000000010
1010111110000011100010111011001100000000000000000000000000000000000010
1010001101001111001111010110010011100000000000000000000000000000000010
1011101111011101100001001001101011100000000000000000000000000000000010
1011101001010111111001000110100000100000000000000000000000000000000010
1011101011000011111010001110001000000000000000000000000000000000000010
1011110101000111001110001001011111100000000000000000000000000000000010
1010110101111111000111000110010011000000000000000000000000000000000010
1010000110111011110110000001100000100000000000000000000000000000000010
1011101000101111101010111110001111000000000000000000000000000000000010
1010110001011100111110011011101000100000000000000000000000000000000010
1010010100111001001100011110000110100000000000000000000000000000000010
1011000100110101111010110010000111000000000000000000000000000000000010
1010001010000011111110010110001100100000000000000000000000000000000010
1011010101101011111001111010001001100000000000000000000000000000000010
1010010111011100111000100110010000000000000000000000000000000000000010
1010011000010100000100111111100011100000000000000000000000000000000010
1011101010000001101110001001111100000000000000000000000000000000000010
1010110001010001101100110110011011100000000000000000000000000000000010
1011011000011001011010100110111000000000000000000000000000000000000010
1011010000001111010101101001111000000000000000000000000000000000000010
1011001110110111110111001111001010100000000000000000000000000000000010
1011101001111111101110110101100101100000000000000000000000000000000010
1011010010101101000110110100110000000000000000000000000000000000000010
1010110000011010011000111001001100000000000000000000000000000000000010
1011000101110000100001100111111010000000000000000000000000000000000010
1010110001111011100111001001011101100000000000000000000000000000000010
1010010110000010000010010100000100100000000000000000000000000000000010
1011110011001000100001000001111000000000000000000000000000000000000010
1011000001001011111011110111001000100000000000000000000000000000000010
1011010011111001011110001110000011100000000000000000000000000000000010
1010101110101010011001010010111111100000000000000000000000000000000010
1011010010110001010101010110111011100000000000000000000000000000000010
1010010100010110000100101101010000100000000000000000000000000000000010
1010101001011100011000100100101000000000000000000000000000000000000010
1010001010000010001110100001111110000000000000000000000000000000000010
1011010100111001110100000110000010000000000000000000000000000000000010
1010110001100101001100110110111011100000000000000000000000000000000010
1010111010001011111010100101101100100000000000000000000000000000000010
1010101001110010110100000111011110000000000000000000000000000000000010
1010010000111111110100000001001111000000000000000000000000000000000010
1010111011001001001001100010011010000000000000000000000000000000000010
1011011000110010111001111111011000100000000000000000000000000000000010
1011111100101010100110101010110000000000000000000000000000000000000010
1010110010010010000101001111101001000000000000000000000000000000000010
1010011000010110101001001011000100000000000000000000000000000000000010
1011011100000001110101101111011011100000000000000000000000000000000010
1010000110101100010001100011010111000000000000000000000000000000000010
1011010111100010110110000010110101000000000000000000000000000000000010
1010011010101010010010101110101010100000000000000000000000000000000010
1011001001001001110010101011001100000000000000000000000000000000000010
1010000101101010011011100011011111100000000000000000000000000000000010
1011111101101011010010000010011000000000000000000000000000000000000010
1011100000100001010111101000000010100000000000000000000000000000000010
1010100100111010100001111101100000100000000000000000000000000000000010
1010111001100101000001000000000001000000000000000000000000000000000010
1011111100111001001000000011100001000000000000000000000000000000000010
1010011010110011101000100111111010000000000000000000000000000000000010
1011000001101111110110110001111010100000000000000000000000000000000010
1011101101100011001010110111000101100000000000000000000000000000000010
1010011001010011001110010101011011100000000000000000000000000000000010
1011100000010000101101111100111111000000000000000000000000000000000010
1011111110000011001000010011000101000000000000000000000000000000000010
1010111001111000111000100110110001000000000000000000000000000000000010
1010100101100001001100011000001011100000000000000000000000000000000010
1011111101111100000100101100000001100000000000000000000000000000000010
1011111000010000100010100100001000100000000000000000000000000000000010
1011011101111110101111010100100011000000000000000000000000000000000010
1010110010010100111100000100010100100000000000000000000000000000000010
1010101111111001010010010000000011100000000000000000000000000000000010
1011000110011100011100101111100110100000000000000000000000000000000010
1011101011001110010111100100100101100000000000000000000000000000000010
1010001100111101111011010100110000100000000000000000000000000000000010
1011001111111001110100110010011000000000000000000000000000000000000010
1011100101101101011011110101000101000000000000000000000000000000000010
1010111110000100101110000100101111100000000000000000000000000000000010
1011101110101110111000011000110000000000000000000000000000000000000010
1010100010001000101100100100100011000000000000000000000000000000000010
1011110111100000010011001000000111000000000000000000000000000000000010
1010001111010000111101110111111100000000000000000000000000000000000010
1011001111111011010011111011010010000000000000000000000000000000000010
1010110011111011110000111110100001100000000000000000000000000000000010
1010100011010000010110001001111110100000000000000000000000000000000010
1011100110010000110010110010100111000000000000000000000000000000000010
1010010101110000011011111010010010000000000000000000000000000000000010
1010111011110110100011011011111000000000000000000000000000000000000010
1010010010110111100101010111110111000000000000000000000000000000000010
1010011010110111110000110000001010100000000000000000000000000000000010
1011010001110110101010110010110010100000000000000000000000000000000010
1011010001000101110000000000001011100000000000000000000000000000000010
1011111010100101001101000011111000000000000000000000000000000000000010
1011100110110110111010110010101010000000000000000000000000000000000010
1010010001000011011001100000100000000000000000000000000000000000000010
1011000001100111110100000101010100000000000000000000000000000000000010
1011001111100110001001000111100001000000000000000000000000000000000010
1011100100100011111001011100110100100000000000000000000000000000000010
1010101101011111111000000110001111000000000000000000000000000000000010
1010011110011111101100001011000101100000000000000000000000000000000010
1010110010001100101101101010010100000000000000000000000000000000000010
1010100100011110100011010001100011100000000000000000000000000000000010
1010110100010001001011010111010010000000000000000000000000000000000010
1011111000010010001111010101001110000000000000000000000000000000000010
1010110110001000110011111010110010100000000000000000000000000000000010
1011111011001110100110111001110011000000000000000000000000000000000010
1011111101101011001101000111011010100000000000000000000000000000000010
1010001110110101011110110110000111000000000000000000000000000000000010
1011111001001111011101100100101011000000000000000000000000000000000010
1010111110001111101100001100011000000000000000000000000000000000000010
1011100010101111000010110110100100100000000000000000000000000000000010
1011110110110001001101111011001110000000000000000000000000000000000010
1011010100101010111000100010101001100000000000000000000000000000000010
1010100001010011001010010011110110100000000000000000000000000000000010
1011010111110110010110101100110000000000000000000000000000000000000010
1010100111100011100010110010001110000000000000000000000000000000000010
1010101111100011101100011000000010000000000000000000000000000000000010
1010111011010000110010011110111000100000000000000000000000000000000010
1010000101110011110010010000000111000000000000000000000000000000000010
1010011111010111110010111000100101000000000000000000000000000000000010
1010000100101111101000110000000111100000000000000000000000000000000010
1011001001010010101110100100011001000000000000000000000000000000000010
1010010000010100111001010101100111000000000000000000000000000000000010
1011011110111101110101011000100001100000000000000000000000000000000010
1010111001101000001001000111001000000000000000000000000000000000000010
1011111110001001101110011010111000100000000000000000000000000000000010
1010011101000111100001110000101100000000000000000000000000000000000010
1011110010000011111110011101101010100000000000000000000000000000000010
1011111011100101111001011101101100000000000000000000000000000000000010
1010001101101011010111010110101000100000000000000000000000000000000010
1011010111110101111011001011010000000000000000000000000000000000000010
1010010100010000101100101101101000100000000000000000000000000000000010
1011110001101000101001001011111111000000000000000000000000000000000010
1011010010000001001111101111101001000000000000000000000000000000000010
1010010011001101111011101011100100000000000000000000000000000000000010
1010010101100010001100010110110010100000000000000000000000000000000010
1010010011011011010101111011111110100000000000000000000000000000000010
1010110001001000001100101100000100000000000000000000000000000000000010
1010010011001001101101001001000001100000000000000000000000000000000010
1011001000111010100001100100100010000000000000000000000000000000000010
1011011011101110011110011010001101100000000000000000000000000000000010
1010111101011011101001100100000100000000000000000000000000000000000010
1010011100100001011001011000110000100000000000000000000000000000000010
1011100000011011110000010100000000100000000000000000000000000000000010
1011001111111111010000110010001001100000000000000000000000000000000010
1011001011111010101011100111110011100000000000000000000000000000000010
1010001000110100011011100011001110100000000000000000000000000000000010
1011010011111110111000011111001000000000000000000000000000000000000010
1010101110010111111111000000111001100000000000000000000000000000000010
1011110001011010100010011110111011000000000000000000000000000000000010
1010011011110111110101101111001000000000000000000000000000000000000010
1011100011010100011000000110001000000000000000000000000000000000000010
1011001101110111101100101110011011100000000000000000000000000000000010
1011011000001110111001011100100000000000000000000000000000000000000010
1010011110100110110010101101101111000000000000000000000000000000000010
1011010110001101011000000000101001100000000000000000000000000000000010
1011010111110001011100011110100101000000000000000000000000000000000010
1010000001100111110011111101011100000000000000000000000000000000000010
1010000001000111000011010000010100100000000000000000000000000000000010
1011001100010101101100111000001011000000000000000000000000000000000010
1011110110010111001110101110110100000000000000000000000000000000000010
1010000101010011010011100100000100100000000000000000000000000000000010
1010101000001010111110000101000101000000000000000000000000000000000010
1010001001010001110000100100100000100000000000000000000000000000000010
1011001011000111110100110011100111100000000000000000000000000000000010
1011101100100011011111000110100100000000000000000000000000000000000010
1011000011000110110011110100110100000000000000000000000000000000000010
1011100000011000111010110000001111000000000000000000000000000000000010
1010100000100110111011110011100001000000000000000000000000000000000010
1011010010101110001011001101101001000000000000000000000000000000000010
1010111011001101011000101011010110100000000000000000000000000000000010
1010101010111101100011000110001001100000000000000000000000000000000010
1010111010001001110011110100011010000000000000000000000000000000000010
1011001100110011100110001100101101000000000000000000000000000000000010
1010110010010000101001110111100010000000000000000000000000000000000010
1011111111110000100011001101000100100000000000000000000000000000000010
1010001010110011011101000011000110000000000000000000000000000000000010
1010101101011000000000000000001110100000000000000000000000000000000010
1011001011000100110010111100000010100000000000000000000000000000000010
1010001000110101001010111010000111100000000000000000000000000000000010
1010000011111010110110110000000101000000000000000000000000000000000010
1010010101010101000000010001000011000000000000000000000000000000000010
1010000001100110111010111111000011100000000000000000000000000000000010
1011111110110110010111011110001111000000000000000000000000000000000010
1010000110010000101110101111001000100000000000000000000000000000000010
1010101000001001100001000000100001000000000000000000000000000000000010
1010111111000110111001101100110010000000000000000000000000000000000010
1010111011010110011101010001110001000000000000000000000000000000000010
1011101100011011111110000000000101100000000000000000000000000000000010
1010011101100100001111100101010100000000000000000000000000000000000010
1011010000001000011000101001000111000000000000000000000000000000000010
1010001101111000001110111010000010100000000000000000000000000000000010
1011001010110100111111001100010011000000000000000000000000000000000010
1010000001000110011001000100001100000000000000000000000000000000000010
1011011101010011001010001000010001000000000000000000000000000000000010
1011110000000010110110010110100010100000000000000000000000000000000010
1011011100100010000011101110111011100000000000000000000000000000000010
1010000010011011010010011100011100100000000000000000000000000000000010
1010111111100101011100101111010110000000000000000000000000000000000010
1010011011101110101100001110010001000000000000000000000000000000000010
1011011010000010110110011001111100100000000000000000000000000000000010
1010110000101010100101010011001111000000000000000000000000000000000010
1011100101111001101110000001001011000000000000000000000000000000000010
1011001101100010101000001001100000000000000000000000000000000000000010
1010110111110011100001011111100110100000000000000000000000000000000010
1011100010010010111111001110010011000000000000000000000000000000000010
1011100010001000011101100110000110000000000000000000000000000000000010
1011101111100101001010001101111111100000000000000000000000000000000010
1011001110111011110111110100011010000000000000000000000000000000000010
1011011011001110001001100101101011000000000000000000000000000000000010
1011001110110011100110001101011010000000000000000000000000000000000010
1010111111000111011111000011000011100000000000000000000000000000000010
1011001101011101100000000000101011100000000000000000000000000000000010
1011010000000111100101000101111111000000000000000000000000000000000010
1010100010001111100010101010000001100000000000000000000000000000000010
1011100011110100111100110010001100100000000000000000000000000000000010
1010011110000010001110000010011010100000000000000000000000000000000010
1011111101101011011100010000101001100000000000000000000000000000000010
1010110100000110010001101100011011100000000000000000000000000000000010
1011101001011001011000000000011101000000000000000000000000000000000010
1010110101000111110110100100000010100000000000000000000000000000000010
1010100100110001111011101000111100100000000000000000000000000000000010
1010101011111111000101111111110100000000000000000000000000000000000010
1010001111001111010101001010101100100000000000000000000000000000000010
1011101010000011111101111111101011100000000000000000000000000000000010
1011110101101011101010010110010110000000000000000000000000000000000010
1011111110101110011001101010000011000000000000000000000000000000000010
1011011011111111001100011011101000000000000000000000000000000000000010
1011000111001000110100010000111000000000000000000000000000000000000010
1010101101011101100110111001111011100000000000000000000000000000000010
1011011101100010011010101001001110100000000000000000000000000000000010
1010000010111100001101100101111100000000000000000000000000000000000010
1011000011000100101000000110000000100000000000000000000000000000000010
1011111011001100110100101101101011000000000000000000000000000000000010
1010010001011110111000101000100111100000000000000000000000000000000010
1010001111101011111111100101000110000000000000000000000000000000000010
1010010101101101111010001110101111000000000000000000000000000000000010
1010101111110010001001000001001101000000000000000000000000000000000010
1011100101111001111010101100010110100000000000000000000000000000000010
1010010100000111010000101011001111000000000000000000000000000000000010
1010010110100101111010110000101011100000000000000000000000000000000010
1011001101101011011000001100111000100000000000000000000000000000000010
1011100111111000011010000011010110100000000000000000000000000000000010
1010111101110101011110100000100001100000000000000000000000000000000010
1011100010100100100100011100100000100000000000000000000000000000000010
1010111001101101001010110001011001000000000000000000000000000000000010
1010110111011010110010011100110100000000000000000000000000000000000010
1010100111011110011111011010110001100000000000000000000000000000000010
1010101111011111101110101000101000000000000000000000000000000000000010
1011111001000000011110000001001101100000000000000000000000000000000010
1010111101111001111101000101001100100000000000000000000000000000000010
1010111110111010110111010010111010000000000000000000000000000000000010
1010001000001000110111100110101010100000000000000000000000000000000010
1010100011100000100011001001111011100000000000000000000000000000000010
1010001010100010111000100111110000000000000000000000000000000000000010
1010010111011010101000001010000010100000000000000000000000000000000010
1010001001101100011011000111111111100000000000000000000000000000000010
1010110000111011010001101110110001000000000000000000000000000000000010
1011100101100000101110101100110010100000000000000000000000000000000010
1011011101101011000000101100000001000000000000000000000000000000000010
1010001100110111111011110100111110000000000000000000000000000000000010
1010100010101111011010001111111111100000000000000000000000000000000010
1011110001010100111001010001000111000000000000000000000000000000000010
1010101010101010001010110110110100000000000000000000000000000000000010
1011110111010000100011101000100101100000000000000000000000000000000010
1011100111000110000000011100111111100000000000000000000000000000000010
1010110001001110010111001100111001000000000000000000000000000000000010
1010001001011011001101100101001101100000000000000000000000000000000010
1011011111001111000010110000001011000000000000000000000000000000000010
1011101100000000001000110101110111000000000000000000000000000000000010
1010001111000011110110111100110110000000000000000000000000000000000010
1010000000100011010111111010111110000000000000000000000000000000000010
1011111000101010110111100110011001100000000000000000000000000000000010
1010000010011111101010010000000111100000000000000000000000000000000010
1011111010000101110101101110100111100000000000000000000000000000000010
1010011111000110000111001111111110100000000000000000000000000000000010
1010001100111111011011000011010001100000000000000000000000000000000010
1010110001110111101100100010001001100000000000000000000000000000000010
1011111001001000111000100111001011000000000000000000000000000000000010
1010110100110111010001011010011100100000000000000000000000000000000010
1010010001010111010011000110110000100000000000000000000000000000000010
1010010111101110101011110111000110000000000000000000000000000000000010
1011100110110011001110111101000000000000000000000000000000000000000010
1010111011110001101011111010110101000000000000000000000000000000000010
1011000111000011101011000011100000000000000000000000000000000000000010
1011101111001000111010101100101110100000000000000000000000000000000010
1010101101111111011101110111111100000000000000000000000000000000000010
1011011010110001101010101100100101000000000000000000000000000000000010
1010100100101111101000100010010001000000000000000000000000000000000010
1011000010000011001101000111101101000000000000000000000000000000000010
1011101011110000111011010000000011000000000000000000000000000000000010
1011000100101010111110000010110110100000000000000000000000000000000010
1011000010101100101110110011000001100000000000000000000000000000000010
1010010011101001011000000101101001000000000000000000000000000000000010
1011011000110111110001010110100011000000000000000000000000000000000010
1010011101011101110101010000000111000000000000000000000000000000000010
1010101101100111010011110011111001000000000000000000000000000000000010
1011101110001000010101110101011100000000000000000000000000000000000010
1011111111101011001010010111110110000000000000000000000000000000000010
1011101001100101110110001000100011000000000000000000000000000000000010
1011101000000100111100110100010111000000000000000000000000000000000010
1011110010101010000111100000111110100000000000000000000000000000000010
1010110010010101010001001111011110000000000000000000000000000000000010
1011000110101101110100100101100000100000000000000000000000000000000010
1011101001111000001000101101101011000000000000000000000000000000000010
1011011100001111111011001111111011000000000000000000000000000000000010
1011001001111111101110100101000111000000000000000000000000000000000010
1011011111110001010000100110000101100000000000000000000000000000000010
1011100101111100111101111010101100000000000000000000000000000000000010
1011010010001011101111001111010001100000000000000000000000000000000010
1011010111011101011111101100101011000000000000000000000000000000000010
1011001010110111111111100001100100100000000000000000000000000000000010
1011010011111100111100101011000011000000000000000000000000000000000010
1011010100111010000111011101000100100000000000000000000000000000000010
1010110100101111010101011111001010000000000000000000000000000000000010
1011101011001101110011100100110001100000000000000000000000000000000010
1010111100000111011101011000000001100000000000000000000000000000000010
1010001000011010010010000000011000000000000000000000000000000000000010
1011010011101001111101110101100111000000000000000000000000000000000010
1011011010101100110111011110110110100000000000000000000000000000000010
1011111101010100011101110010101000000000000000000000000000000000000010
1011101111000011000011010101001100100000000000000000000000000000000010
1011101011001001001011110110110110100000000000000000000000000000000010
1010101110100110001011100100101110100000000000000000000000000000000010
1011001100010010010111111101101001100000000000000000000000000000000010
1010010010001000101100001000111001000000000000000000000000000000000010
1011111000100101001010001101011111000000000000000000000000000000000010
1010100100110110001111000010111001000000000000000000000000000000000010
1010101100110100100100000001010011000000000000000000000000000000000010
1010010001101001101011001010110001000000000000000000000000000000000010
1010010100110011100111001101101000000000000000000000000000000000000010
1011010110001110010100000010000100000000000000000000000000000000000010
1011101100100000000010100011101001100000000000000000000000000000000010
1010011001100100110011100101100000000000000000000000000000000000000010
1010010100111010101111101001000110000000000000000000000000000000000010
1011000101001001101001010010100100000000000000000000000000000000000010
1011001100100111000000110111011110100000000000000000000000000000000010
1011100011110110101010001000110100000000000000000000000000000000000010
1011001001101110011001110000010100000000000000000000000000000000000010
1011111000010000101101111011001110100000000000000000000000000000000010
1010111010101111010101100010001101100000000000000000000000000000000010
1011000001011010001010110011000010100000000000000000000000000000000010
1011011100100110101001010011101101000000000000000000000000000000000010
1011011010001110110010001001100100000000000000000000000000000000000010
1010101101001100111010010001010101000000000000000000000000000000000010
1011111111111101000101111110110011000000000000000000000000000000000010
1011111010101100001100000111001110000000000000000000000000000000000010
1011101001001100011011100111101000100000000000000000000000000000000010
1011111011011110110011010001010101000000000000000000000000000000000010
1011111110010011100101011100101000100000000000000000000000000000000010
1011010101011010100011100011011001000000000000000000000000000000000010
1011010101011010100011100011011001000000000000000000000000000000000010
1010010001011000010110000011000001100000000000000000000000000000000010
1010110101111011101010100010010010000000000000000000000000000000000010
1010101110000110001011001000011111000000000000000000000000000000000010
1011010110000111100110110100001001000000000000000000000000000000000010
1010100101011010111100110011110100000000000000000000000000000000000010
1010000011110011100100101101000011100000000000000000000000000000000010
1010010111010010111100000010111001100000000000000000000000000000000010
1011010100110111011011111100110010100000000000000000000000000000000010
1011000011011111101010001010101101000000000000000000000000000000000010
1011111110000101010001110001001000000000000000000000000000000000000010
1011010010111010111001100100100100100000000000000000000000000000000010
1010111111000111001011101110010111100000000000000000000000000000000010
1011011011110100100101001010001010000000000000000000000000000000000010
1011100111110111010100011000011110000000000000000000000000000000000010
1011111111000011011100110011101000000000000000000000000000000000000010
1011111111101001000111010011010011100000000000000000000000000000000010
1011011010001111100100011101100110000000000000000000000000000000000010
1011101100111011011000101000011001000000000000000000000000000000000010
1010001000101011111110110100101010000000000000000000000000000000000010
1011001011100011011010111011010000000000000000000000000000000000000010
1010111011000100111101010100100010000000000000000000000000000000000010
1011010110100110101101011011111011100000000000000000000000000000000010
1011100000000011111110011110100000100000000000000000000000000000000010
1011000111000111101000111100011011000000000000000000000000000000000010
1010000101101100110001011001100101000000000000000000000000000000000010
1011101110011110010011111101100010000000000000000000000000000000000010
1010000000000011000011001001110011100000000000000000000000000000000010
1011010101111101100000110010011010100000000000000000000000000000000010
1011011100110101100000100101110100100000000000000000000000000000000010
1011100111001101111101011000011111000000000000000000000000000000000010
1011100100010111000111110101000110000000000000000000000000000000000010
1010011000101111100001010001110000000000000000000000000000000000000010
1010011111001001111011111101111100100000000000000000000000000000000010
1010010101101010000110100011010111100000000000000000000000000000000010
1010110101011000100001000101011101000000000000000000000000000000000010
1010010110100110010100110010110010100000000000000000000000000000000010
1010001011000011001010011110001101100000000000000000000000000000000010
1011100010111010000011001001001001000000000000000000000000000000000010
1010001100010110101100001110111001100000000000000000000000000000000010
1010101100011111100110010000111101100000000000000000000000000000000010
1010101001001010001010111100001011100000000000000000000000000000000010
1011010010011100100000011101011101000000000000000000000000000000000010
1011000111000001010011000110011111000000000000000000000000000000000010
1010101100010111000101001010000001100000000000000000000000000000000010
1010100101111101100100001001110001000000000000000000000000000000000010
1011110111001011111111011101100011000000000000000000000000000000000010
1011101001111111011110100010111011000000000000000000000000000000000010
1010011100001010110001001100011110100000000000000000000000000000000010
1010001001111110000110010110110101000000000000000000000000000000000010
1010111111110000011100010111000001100000000000000000000000000000000010
1010101000010000111010010110000000100000000000000000000000000000000010
1011111101010110101111010101110011100000000000000000000000000000000010
1010001001011110100100010101001111000000000000000000000000000000000010
1011110111000110110001000111100001100000000000000000000000000000000010
1010101001110010011100110010001011100000000000000000000000000000000010
1011100100001000010010010100010110000000000000000000000000000000000010
1010110100011000100011111100110111000000000000000000000000000000000010
1011101010110010111011000110100111000000000000000000000000000000000010
1011101111000111011110011100001011000000000000000000000000000000000010
1010000100001110001010000010011100100000000000000000000000000000000010
1010111110011001100110110010001101000000000000000000000000000000000010
1011011011110111100011001000111101000000000000000000000000000000000010
1011110011110010100111010000010010000000000000000000000000000000000010
1011101101110100110011111100101100000000000000000000000000000000000010
1011011001001011111101011011001111100000000000000000000000000000000010
1010111010100110100110010000010000000000000000000000000000000000000010
1011010110001111001011010000011111100000000000000000000000000000000010
1011010000010101110110011000101010100000000000000000000000000000000010
1011011100011000100100010001011100000000000000000000000000000000000010
1011101100011111010011100110010000100000000000000000000000000000000010
1010000101001110011010000011000000100000000000000000000000000000000010
1011000000000110100111111101110000000000000000000000000000000000000010
1010110010100100110111010111001100100000000000000000000000000000000010
1010101110010110110011011010000110100000000000000000000000000000000010
1011101001101100000011101011110011000000000000000000000000000000000010
1010011101011111110100111100010011100000000000000000000000000000000010
1011110001110101000101101111000101000000000000000000000000000000000010
1010111110111100101010010111011110000000000000000000000000000000000010
1011100010101111100011011101011111000000000000000000000000000000000010
1011001010111001011011010000010001100000000000000000000000000000000010
1011111100010110010101000110100101100000000000000000000000000000000010
1011000010001001010101000010001011100000000000000000000000000000000010
1010101001011110101001001100100010000000000000000000000000000000000010
1010010111011100111101100110001110000000000000000000000000000000000010
1011111011001010000110101010110101000000000000000000000000000000000010
1010100000100110101000110110110010000000000000000000000000000000000010
1011011100110111010000100001001001000000000000000000000000000000000010
1011110101010001101101011110010100000000000000000000000000000000000010
1011111001110000000101010010110000100000000000000000000000000000000010
1010000100100110011111100001100010000000000000000000000000000000000010
1011001110110100111100001111001110100000000000000000000000000000000010
1011101100010010101010000001001010000000000000000000000000000000000010
1011000101111011111000110011101100100000000000000000000000000000000010
1010100011001100111100100110010101000000000000000000000000000000000010
1011000001010100011001011000011011100000000000000000000000000000000010
1011101111000011110110011111100011100000000000000000000000000000000010
1011011011111001111010111101100110000000000000000000000000000000000010
1011110100111001101100100000000000100000000000000000000000000000000010
1011110111010110001110011001110011000000000000000000000000000000000010
1011110010011100110011010110110000000000000000000000000000000000000010
1011000110111011001010100001100001000000000000000000000000000000000010
1010110110011101100100101001111000000000000000000000000000000000000010
1011010011001110000101001001000001000000000000000000000000000000000010
1010010010101100101000100101000111100000000000000000000000000000000010
1011110101111010000101110110100000100000000000000000000000000000000010
1010010011011011001101000010000101100000000000000000000000000000000010
