1011110001010111001011001111000000000000000000000000000000000000000010
1011111000110011010111110010110101000000000000000000000000000000000010
1011110000111001101101011000111010000000000000000000000000000000000010
1010100101110101000110010100110111100000000000000000000000000000000010
1011111101111011111101011101011011000000000000000000000000000000000010
1011010001000011100011101011101101100000000000000000000000000000000010
1011101011101111011001010100010011000000000000000000000000000000000010
1010100001010100111111100111101101000000000000000000000000000000000010
1010000001110110001000100010010100100000000000000000000000000000000010
1011110001000101011000001111101011100000000000000000000000000000000010
1011110110101011001001111011101010100000000000000000000000000000000010
1010000011101011000111000110110101100000000000000000000000000000000010
1010110100011100111110000000010100000000000000000000000000000000000010
1010000100101100110011100101000110000000000000000000000000000000000010
1010011101100001110101000011010010000000000000000000000000000000000010
1011100000110111000111110011110111100000000000000000000000000000000010
1011010110111110010001011011110111100000000000000000000000000000000010
1011100010000110000110111110110111100000000000000000000000000000000010
1010111110000111010100001010000010000000000000000000000000000000000010
1010100111100010000111011110010000100000000000000000000000000000000010
1010000101111111100110010101101111000000000000000000000000000000000010
1010001011010001001111111101110110100000000000000000000000000000000010
1011011110101011001001010100010110100000000000000000000000000000000010
1010110100101001100111110110100111100000000000000000000000000000000010
1010111011110010010101101100111011000000000000000000000000000000000010
1011001001101000010111000010011111000000000000000000000000000000000010
1011110100101010101101011110100001000000000000000000000000000000000010
1010001111000111011100101011111110100000000000000000000000000000000010
1011111110111110110001010001001010000000000000000000000000000000000010
1010010011001000111111111101111010100000000000000000000000000000000010
1011000011011001011001000010010010000000000000000000000000000000000010
1010110111001011010010101110011001000000000000000000000000000000000010
1011101110111111100010000011101001100000000000000000000000000000000010
1010110001011010000111101101110101100000000000000000000000000000000010
1010111100101101010110001100100000100000000000000000000000000000000010
1010010010000000001110011010111000100000000000000000000000000000000010
1011010110001010110000000010001110000000000000000000000000000000000010
1010101011100000111010011011010111100000000000000000000000000000000010
1011110010011100110100110100010101000000000000000000000000000000000010
1010001011001000100001111100111000100000000000000000000000000000000010
1011101011100110010100011100110010000000000000000000000000000000000010
1010111011000001000111010111110110100000000000000000000000000000000010
1010110000100000101010011110000011100000000000000000000000000000000010
1011100000100100001101101111110010100000000000000000000000000000000010
1011011101111111111100110110011100000000000000000000000000000000000010
1010100011010001011010001001001100100000000000000000000000000000000010
1010011110111110001001000010010101000000000000000000000000000000000010
1010010011000101111011111110111100100000000000000000000000000000000010
1010111110111011111010011001001011000000000000000000000000000000000010
1010001010010111110001111101011111100000000000000000000000000000000010
1010011111010010001011010111001001100000000000000000000000000000000010
1010010011110100001101111111000001000000000000000000000000000000000010
1011100111110011101000000110110000000000000000000000000000000000000010
1010101001000100100101011100001000100000000000000000000000000000000010
1010100111000110111100111110100001100000000000000000000000000000000010
1010100111001001101000101111011001100000000000000000000000000000000010
1011111111101110111111111011000100000000000000000000000000000000000010
1010000000100001001010110111010110100000000000000000000000000000000010
1011111010000110000000111110100000000000000000000000000000000000000010
1011011000001001000100010001011111000000000000000000000000000000000010
1011110011111110111100010100010110000000000000000000000000000000000010
1011101111100001010001001101101010000000000000000000000000000000000010
1011011110110110100001000111000010100000000000000000000000000000000010
1011011101001101000111011110011111100000000000000000000000000000000010
1011000101100111000000100000000110000000000000000000000000000000000010
1011110000000110011110110101011010000000000000000000000000000000000010
1010011011111110100001001100000101000000000000000000000000000000000010
1011011011110010011101111101110010000000000000000000000000000000000010
1011001111101110100111101111001001000000000000000000000000000000000010
1010011001001101000101101000101010100000000000000000000000000000000010
1011111100111100010110000111010100100000000000000000000000000000000010
1010110001000000001011000111011001100000000000000000000000000000000010
1011100111000110101000111110000110000000000000000000000000000000000010
1011000001101001000010110010110100100000000000000000000000000000000010
1010010111000110110101110000101101000000000000000000000000000000000010
1010111110000001110110111101010011000000000000000000000000000000000010
1010101011111101100110101001011101100000000000000000000000000000000010
1011011001000001000010101000100111000000000000000000000000000000000010
1010101100111110001000001111110011100000000000000000000000000000000010
1011101101010001010010011111000001000000000000000000000000000000000010
1011111110111111111100110000000010000000000000000000000000000000000010
1010100111111110010100011110101111000000000000000000000000000000000010
1011111001101111000010010101011001000000000000000000000000000000000010
1010010110011010101001111000000101100000000000000000000000000000000010
1010101110111111011110000101111000000000000000000000000000000000000010
1010000100001000100100000111001010000000000000000000000000000000000010
1010011110100001010011001011100010100000000000000000000000000000000010
1011110100001011101100010111010011100000000000000000000000000000000010
1011111011110010011010000001001110100000000000000000000000000000000010
1010010100001000000101110110111100100000000000000000000000000000000010
1011010111010101011111000111000000000000000000000000000000000000000010
1010001111100001110001000001111111100000000000000000000000000000000010
1010101101110001111000011000100101000000000000000000000000000000000010
1010110000001000110101101001101101100000000000000000000000000000000010
1011101011010011101000101011111101000000000000000000000000000000000010
1010001001010110011011101101101100100000000000000000000000000000000010
1011011101000011111000110000010001000000000000000000000000000000000010
1011111000100110001110001101100100000000000000000000000000000000000010
1011100000101100011000001010101100100000000000000000000000000000000010
1011010110010010010011001101101101100000000000000000000000000000000010
1011000101001111101100001111001000000000000000000000000000000000000010
1010010101111100000010101101010100100000000000000000000000000000000010
1011010001110111011110000111010010100000000000000000000000000000000010
1011110111000010111100110001001110100000000000000000000000000000000010
1011011111101101111100100101111011100000000000000000000000000000000010
1010010011011010010000100000110011100000000000000000000000000000000010
1011000101000010100001010000000010100000000000000000000000000000000010
1011110101100000010101110011010111100000000000000000000000000000000010
1011110101101001110010011000001000000000000000000000000000000000000010
1010110100101110110000100010000111100000000000000000000000000000000010
1010101101001010001011001100011101000000000000000000000000000000000010
1010010010100111011010111011111101100000000000000000000000000000000010
1011111011011000111011000101100101100000000000000000000000000000000010
1011111100010111100100101101110001100000000000000000000000000000000010
1011111101100100010001001000100011000000000000000000000000000000000010
1011111001000111000010100111101011100000000000000000000000000000000010
1011110011100110111010011001000001000000000000000000000000000000000010
1010100001011100100100011111110101000000000000000000000000000000000010
1011110000000100011000011111000001100000000000000000000000000000000010
1010000101011010010101101111011000000000000000000000000000000000000010
1011111011101111110111100000101001100000000000000000000000000000000010
1010000011100110010110000011110001000000000000000000000000000000000010
1011001001111110001001111011011001000000000000000000000000000000000010
1010110011111101111100110011111010100000000000000000000000000000000010
1011111100101001111111001001011010100000000000000000000000000000000010
1011100100100010100101111111101111100000000000000000000000000000000010
1011000111010111101010011000000100000000000000000000000000000000000010
1010100000111100000011011101101001100000000000000000000000000000000010
1010111000101001110011110101000111000000000000000000000000000000000010
1010011101010000000110011011111011100000000000000000000000000000000010
1010100101001110110000000001101001100000000000000000000000000000000010
1010000110000011011101010011101001100000000000000000000000000000000010
1010011011011111110111011000001011000000000000000000000000000000000010
1010000001000111110000101001100100100000000000000000000000000000000010
1010111001101110100011001101001101100000000000000000000000000000000010
1010011000011110000111101100110110100000000000000000000000000000000010
1011001011000101101011001100001001000000000000000000000000000000000010
1011110101100101001111110100110111100000000000000000000000000000000010
1011101101111110000111111110011110100000000000000000000000000000000010
1011011100111001111101111011011111000000000000000000000000000000000010
1010011001110001011110010100010000100000000000000000000000000000000010
1010000000110100000101010101101101000000000000000000000000000000000010
1011110111101101110110011001000001100000000000000000000000000000000010
1010010000000101101111100000010011100000000000000000000000000000000010
1010111000011111101010100111011000000000000000000000000000000000000010
1011111010010100000110101011010111100000000000000000000000000000000010
1011110111110010101010011010101100000000000000000000000000000000000010
1011101000010101010011110100101001000000000000000000000000000000000010
1011100111111110011001011000111000100000000000000000000000000000000010
1010111000101100111110011111111100100000000000000000000000000000000010
1011011110000001101000000011100100100000000000000000000000000000000010
1010011001000001000111010111001110100000000000000000000000000000000010
1011111011101011101111001000101100000000000000000000000000000000000010
1010110110101010001011111011110011000000000000000000000000000000000010
1010101100111100110000101100001110000000000000000000000000000000000010
1011011010000010101011001010100011100000000000000000000000000000000010
1011110110000001111010001101110100000000000000000000000000000000000010
1010000000010000100010000001010000100000000000000000000000000000000010
1011001001001100111000011101101010100000000000000000000000000000000010
1011001001000010001111010101101101100000000000000000000000000000000010
1011110101010010010011110000110100100000000000000000000000000000000010
1011001001010000000111011011111111100000000000000000000000000000000010
1011011110001000010000000101001101000000000000000000000000000000000010
1011100101110010000110110111111011100000000000000000000000000000000010
1010011100110010010010110110011101100000000000000000000000000000000010
1011000010100000000101100000111011100000000000000000000000000000000010
1010011000011010100110001111010001100000000000000000000000000000000010
1010110010011000100111110011101111100000000000000000000000000000000010
1010111111001001110110011011111100100000000000000000000000000000000010
1011000101100001001100111011111111100000000000000000000000000000000010
1011110110011110110001011001100000000000000000000000000000000000000010
1011010000100010011110010101111010000000000000000000000000000000000010
1011111011100011111111011111010000000000000000000000000000000000000010
1011001011000101011111110111011100100000000000000000000000000000000010
1010000010001111100011010010011000000000000000000000000000000000000010
1010110010010011101101111001011000000000000000000000000000000000000010
1011011000110100001111010000001011100000000000000000000000000000000010
1010001000011110000010011101111010000000000000000000000000000000000010
1010100010010111111001110011010101000000000000000000000000000000000010
1011000010100010001011000110111001000000000000000000000000000000000010
1011011100111101010010001010111101000000000000000000000000000000000010
1010000001001010001111010010100110100000000000000000000000000000000010
1011111100101111110010100111111110000000000000000000000000000000000010
1010000011000110110011100101000111000000000000000000000000000000000010
1011100110010001110100011000001001000000000000000000000000000000000010
1011001000011111010100010110101110100000000000000000000000000000000010
1011001000110101100110001100010101100000000000000000000000000000000010
1010000101000011101000100101011111000000000000000000000000000000000010
1011011010111111011010100101110010000000000000000000000000000000000010
1011111001111000110100111100011001000000000000000000000000000000000010
1011010010000000010100011001110101100000000000000000000000000000000010
1010110111011101010111111001000111100000000000000000000000000000000010
1011111110110110010111111110110010100000000000000000000000000000000010
1010111001000000000000101011111111000000000000000000000000000000000010
1010001011011010111010000101001000000000000000000000000000000000000010
1010010110001100000110011101111111100000000000000000000000000000000010
1011011001111011010101001000000000000000000000000000000000000000000010
1011110001110110111000100111001111000000000000000000000000000000000010
1011101101100111101111011010011111100000000000000000000000000000000010
1011110110000111000001100100111011100000000000000000000000000000000010
1011100110011101000010100010100011000000000000000000000000000000000010
1010100110001001000010000111011001000000000000000000000000000000000010
1011011111111101011010000010111101100000000000000000000000000000000010
1011100000001100010001000101001011000000000000000000000000000000000010
1010111111011000111110000010111010000000000000000000000000000000000010
1011000000001111010100011101010111100000000000000000000000000000000010
1011101010111111111001010101001110000000000000000000000000000000000010
1010011001010100000011101100100101000000000000000000000000000000000010
1010010000100010011000001101100011000000000000000000000000000000000010
1010111010000010000111000111001010000000000000000000000000000000000010
1011011111010101100000010111111010100000000000000000000000000000000010
1010001100000100000111100101110111100000000000000000000000000000000010
1011001110111010111110101011100000100000000000000000000000000000000010
1011010001010010100111100100110111100000000000000000000000000000000010
1011100011100101100000110000011000100000000000000000000000000000000010
1010100100001011010011011001100111000000000000000000000000000000000010
1010000011001100101010101010100000000000000000000000000000000000000010
1011011001111101001110011111010011100000000000000000000000000000000010
1010100011011101010100000100111001100000000000000000000000000000000010
1011010000001000100010101000001010000000000000000000000000000000000010
1011011101010100011000101010000011000000000000000000000000000000000010
1010110000000101001001010001001001000000000000000000000000000000000010
1011110110110001001000010101101110000000000000000000000000000000000010
1010000001101001011011001101111001000000000000000000000000000000000010
1010011010011111100010110000100100100000000000000000000000000000000010
1011011010100010101011000111111001100000000000000000000000000000000010
1011001001000010001100001001110110100000000000000000000000000000000010
1011101100010110001110110100111101100000000000000000000000000000000010
1010101011001100011010001001000000100000000000000000000000000000000010
1010101000111000000111100011101101100000000000000000000000000000000010
1011001001100101111001100011001011100000000000000000000000000000000010
1010100111100000001101101000000010100000000000000000000000000000000010
1011111000010111000110001101100100000000000000000000000000000000000010
1010110010001010001011110111100011100000000000000000000000000000000010
1011001000111011011110111000010000100000000000000000000000000000000010
1011011011100010001101010111110011000000000000000000000000000000000010
1011111111010111011000101010110010100000000000000000000000000000000010
1010101001100000001001110000010010000000000000000000000000000000000010
1010011011110101011110000101101100000000000000000000000000000000000010
1010001011100100111001011111101101000000000000000000000000000000000010
1010010000100111001000001000011111000000000000000000000000000000000010
1011000000010101011101101100001111000000000000000000000000000000000010
1010110100001101010000101100101011100000000000000000000000000000000010
1010001000000001010011011011110101000000000000000000000000000000000010
1010011011101101110111011111101000000000000000000000000000000000000010
1010111010110111101101010001111101100000000000000000000000000000000010
1010111100011001111110111010011110100000000000000000000000000000000010
1010100011000110001000111011111101000000000000000000000000000000000010
1010111010110011010010111000110100000000000000000000000000000000000010
1010100111001001011110100011101001100000000000000000000000000000000010
1010110111111111111100100001101011000000000000000000000000000000000010
1011101010100001010000111101000100000000000000000000000000000000000010
1010001001101101100010011111001000100000000000000000000000000000000010
1010110101100010000101101100000011100000000000000000000000000000000010
1010011000101011110001100001101001100000000000000000000000000000000010
1010011001100010110000100101010010100000000000000000000000000000000010
1010110100011111000110000010101111000000000000000000000000000000000010
1011100110000001011101101111100110000000000000000000000000000000000010
1011110110101101110100111010010110100000000000000000000000000000000010
1010001011001101110111111100100100000000000000000000000000000000000010
1011101011101011101100110011001000000000000000000000000000000000000010
1010100110100100000100110110110100100000000000000000000000000000000010
1010110111010101000110011000110101100000000000000000000000000000000010
1011100011110000010001001010111110000000000000000000000000000000000010
1011011010010111001100010100010001100000000000000000000000000000000010
1011100000000101011111111011110101100000000000000000000000000000000010
1010111111000011111110100000011000000000000000000000000000000000000010
1011100100000001110001010111101000000000000000000000000000000000000010
1011110010110101000100011110010010000000000000000000000000000000000010
1011010110110011000111000110100011100000000000000000000000000000000010
1011011011111111111100010101010100100000000000000000000000000000000010
1010100100001100000110001111111100100000000000000000000000000000000010
1011111010010100001011000110001011000000000000000000000000000000000010
1011100010000000000011000110101010100000000000000000000000000000000010
1010111111110101100011000001010011100000000000000000000000000000000010
1010001010010010011111111000011011100000000000000000000000000000000010
1010011011000110101001001101001100100000000000000000000000000000000010
1011100001010000111100101001011111100000000000000000000000000000000010
1010010011110111001100011010100101100000000000000000000000000000000010
1010000010001100000111010101011000000000000000000000000000000000000010
1011111011110011000100101000011000000000000000000000000000000000000010
1011111011011001011101001111110001100000000000000000000000000000000010
1011001111100001111010001010000100100000000000000000000000000000000010
1010110111000001001010101110111110000000000000000000000000000000000010
1011000011001011000101111101000110100000000000000000000000000000000010
1011010010010011011101011011110100100000000000000000000000000000000010
1010101001111101101110010001010111000000000000000000000000000000000010
1010011100111110100110101011001101000000000000000000000000000000000010
1011111011101001111010000110101111000000000000000000000000000000000010
1011110110000001001001110110101000100000000000000000000000000000000010
1010110010101001101100011011010101100000000000000000000000000000000010
1011001110100001000100111100011111100000000000000000000000000000000010
1010101111011101001000000001000100100000000000000000000000000000000010
1011001111000000101111000101001111100000000000000000000000000000000010
1010101110111100111101010000100000000000000000000000000000000000000010
1011100010100110011111111011101111100000000000000000000000000000000010
1011111110110001011101001100001110100000000000000000000000000000000010
1010001000000000001010101100110110000000000000000000000000000000000010
1011011000100101100110000001010111000000000000000000000000000000000010
1011000111000110100110110011111011000000000000000000000000000000000010
1011011101001011111001100001100110000000000000000000000000000000000010
1011011101100110011101100110110101100000000000000000000000000000000010
1011001111101100111110010001110111100000000000000000000000000000000010
1011001001000000101101011011111010000000000000000000000000000000000010
1011000000111110011000010111011100000000000000000000000000000000000010
1010010010001101001011101110111000000000000000000000000000000000000010
1010110111111011100011000000010101000000000000000000000000000000000010
1010000100000110001011011101010011100000000000000000000000000000000010
1010010001011101101000100011110100000000000000000000000000000000000010
1010000100001110100110001000111100100000000000000000000000000000000010
1011110011110000011111100010000110000000000000000000000000000000000010
1010101000011000101111111101000011100000000000000000000000000000000010
1010000101111100111010011001001111100000000000000000000000000000000010
1010100100001011011111011001101011000000000000000000000000000000000010
1010011101010100001010000010101011000000000000000000000000000000000010
1011011101110001000110111000100101000000000000000000000000000000000010
1010100001110010110101011110000001000000000000000000000000000000000010
1010010110010101001110000011111110000000000000000000000000000000000010
1010000101000010011001110100000011000000000000000000000000000000000010
1011011000101011010100100100111110000000000000000000000000000000000010
1010110010100010001001100000111010100000000000000000000000000000000010
1010010101100110011011111101011100000000000000000000000000000000000010
1011101111011101111001110010110111100000000000000000000000000000000010
1010111000000011010101010001101111000000000000000000000000000000000010
1011010111000101110011001011010100000000000000000000000000000000000010
1010011100011100001100000010111110100000000000000000000000000000000010
1011101000110001100100100001111111100000000000000000000000000000000010
1011000011101010100110111010111011100000000000000000000000000000000010
1011100001011011100101101001010000100000000000000000000000000000000010
1010010000010010011001011110011101100000000000000000000000000000000010
1011010111011100011101100000001100000000000000000000000000000000000010
1010000001000000101110101000100111100000000000000000000000000000000010
1011110111001110100000011000001001100000000000000000000000000000000010
1010110010100001001100000101111101100000000000000000000000000000000010
1010010010111110001101111011110000100000000000000000000000000000000010
1010100000001001110011001011111100100000000000000000000000000000000010
1010011110000100010000000010001010000000000000000000000000000000000010
1010000010100100000111111110110110000000000000000000000000000000000010
1011001111101010110011010011100100100000000000000000000000000000000010
1011001011110100000101010110100000100000000000000000000000000000000010
1011000111110010111010100111011000100000000000000000000000000000000010
1011011111001000010100010001011111100000000000000000000000000000000010
1011100001100011100011001001000001100000000000000000000000000000000010
1011001111001110100100111010001001000000000000000000000000000000000010
1010011110110100110100000000011110000000000000000000000000000000000010
1010110011001000000100011110011111000000000000000000000000000000000010
1011110011011110011011001000100011000000000000000000000000000000000010
1011101011110011011110101101000100100000000000000000000000000000000010
1010101100111110001000001100010001100000000000000000000000000000000010
1011110100011011000101111101110000100000000000000000000000000000000010
1010001100110110111111110111000000000000000000000000000000000000000010
1010101010000010111111111101111011100000000000000000000000000000000010
1011010110110111000010101010001000000000000000000000000000000000000010
1010001010101010100000010110111101100000000000000000000000000000000010
1010111101111011111000111010001110100000000000000000000000000000000010
1010010011100000111101111101001001100000000000000000000000000000000010
1010001111111111111010100000010110100000000000000000000000000000000010
1010111100001101000010101001111111100000000000000000000000000000000010
1011011111011101111000101011010000000000000000000000000000000000000010
1010000100001110010001011001000100000000000000000000000000000000000010
1010011101111000010100001010111010000000000000000000000000000000000010
1010010111010110001101101001010011100000000000000000000000000000000010
1011010100001010010000011111010101000000000000000000000000000000000010
1011000100100011000110101101011101000000000000000000000000000000000010
1011110110001010000000001010100000100000000000000000000000000000000010
1010000000110000110010001001011001000000000000000000000000000000000010
1011001011111010111100001101010001000000000000000000000000000000000010
1011100101110101010011111011111111000000000000000000000000000000000010
1011100001100011001000011010001101100000000000000000000000000000000010
1010011001100010000010011001011000100000000000000000000000000000000010
1010111010101010001001111101110011000000000000000000000000000000000010
1011101111110000100011011001111011000000000000000000000000000000000010
1010001011110000100000100010100001000000000000000000000000000000000010
1010101000111100100011100001011111100000000000000000000000000000000010
1010111011101000100001100001100010000000000000000000000000000000000010
1010001001001111100101110001100000000000000000000000000000000000000010
1010110101100011000100000011001000000000000000000000000000000000000010
1010001101010011101001101001110111000000000000000000000000000000000010
1011111101010100100100111000100001100000000000000000000000000000000010
1010100000001111000110111001101111000000000000000000000000000000000010
1010111010101100100000010010011000100000000000000000000000000000000010
1010101000001011110000010000111000100000000000000000000000000000000010
1010111111001100101010000101101100100000000000000000000000000000000010
1010011000010011101110011100010010100000000000000000000000000000000010
1010101110100111100100001001000100000000000000000000000000000000000010
1011011001100100000101111111101111100000000000000000000000000000000010
1011111100001111001000001111110000100000000000000000000000000000000010
1010000100101000011000111111110010000000000000000000000000000000000010
1011101010001010100010100001100010100000000000000000000000000000000010
1011110010001001110000110011001100100000000000000000000000000000000010
1011011110101010111001001000001001000000000000000000000000000000000010
1010010101000111100100010110101100000000000000000000000000000000000010
1011111111010100101010010001101001000000000000000000000000000000000010
1010010011110000111001101100111111100000000000000000000000000000000010
1011101000110110101100101110100100000000000000000000000000000000000010
1010010010001001111110011001001010100000000000000000000000000000000010
1010011001110110110010010001110101000000000000000000000000000000000010
1010000000001100000000111111110111100000000000000000000000000000000010
1010011110100110110100101101010010000000000000000000000000000000000010
1010000000010011100101010110001101100000000000000000000000000000000010
1010011111100010010101001101100100000000000000000000000000000000000010
1010101010110010011111100011101110000000000000000000000000000000000010
1011111011010110111010011011111100100000000000000000000000000000000010
1011010100100000010000110101000100000000000000000000000000000000000010
1010111111001100010101000110000011100000000000000000000000000000000010
1011000000010000101110101000010110100000000000000000000000000000000010
1011111110111101110000001101011101100000000000000000000000000000000010
1010000100110101010110110010111110100000000000000000000000000000000010
1010000111001110101100010001110100100000000000000000000000000000000010
1011000101001100001110100111110111100000000000000000000000000000000010
1011111101011111010111101111110101000000000000000000000000000000000010
1010010100001010000101011000000110100000000000000000000000000000000010
1010100011011101111100100000110100100000000000000000000000000000000010
1011100001011111001101001101001111100000000000000000000000000000000010
1010111000101011100001101010000111100000000000000000000000000000000010
1010011111000110110001010011010101100000000000000000000000000000000010
1011001100110010111010000100010011000000000000000000000000000000000010
1011001001100101011110110111001011100000000000000000000000000000000010
1011101101000111010001010000111111100000000000000000000000000000000010
1011000001100001111111100110111111100000000000000000000000000000000010
1011100111011111011011001010010101000000000000000000000000000000000010
1010100111101100110110100011101100100000000000000000000000000000000010
1011111100111111101000001011000111000000000000000000000000000000000010
1010000000011011000001011110101010100000000000000000000000000000000010
1011101110110101101010111001100011000000000000000000000000000000000010
1011000001000001101111100110010111100000000000000000000000000000000010
1011111111001001001011000111000111000000000000000000000000000000000010
1010001110100000100101001110000110000000000000000000000000000000000010
1011011110110011001000001010110000100000000000000000000000000000000010
1010000001001110000011010011010111000000000000000000000000000000000010
1010110011100011110000101110000101100000000000000000000000000000000010
1010000001010111010001000001011101100000000000000000000000000000000010
1011011010001001001100001000001101100000000000000000000000000000000010
1010011000101000010001001011011111100000000000000000000000000000000010
1011110010001111110000000100100000000000000000000000000000000000000010
1011000101001111001001100011111110100000000000000000000000000000000010
1011011111011100011011001001101000000000000000000000000000000000000010
1010000100011110011001000011001001000000000000000000000000000000000010
1011011100101100011100010100101010100000000000000000000000000000000010
1010101000011000000111010101110111000000000000000000000000000000000010
1010010000001100110000101010011000100000000000000000000000000000000010
1011000010100100000010101111010001100000000000000000000000000000000010
1011100000110101111111110001000011000000000000000000000000000000000010
1011100100001111000001100010101001000000000000000000000000000000000010
1010110011111110011100010000001001100000000000000000000000000000000010
1010001110100101000111011101011101100000000000000000000000000000000010
1011110101100110110110111000010110000000000000000000000000000000000010
1011011000111011010010011100111000100000000000000000000000000000000010
1010111000100010110110110100000110100000000000000000000000000000000010
1010001001001000101111111110110101000000000000000000000000000000000010
1011101110111010101101011010110100000000000000000000000000000000000010
1011101110011101110001000110011110100000000000000000000000000000000010
1011011110111110111001000001101000100000000000000000000000000000000010
1010111011100100000101110001000100100000000000000000000000000000000010
1010110110000110101000101101100110000000000000000000000000000000000010
1011111110011000111011111101111001100000000000000000000000000000000010
1010101000010110111001101100001100100000000000000000000000000000000010
1010110100100100101110001111011110100000000000000000000000000000000010
1011001100111111001010000001000110000000000000000000000000000000000010
1011001100000110001101011101110011100000000000000000000000000000000010
1011001111111100110100100010110011000000000000000000000000000000000010
1011101010010001101000101111100110000000000000000000000000000000000010
1010111011001110100101110100100001100000000000000000000000000000000010
1011010101110001100101010001101000000000000000000000000000000000000010
1011100000001101110010100000010111000000000000000000000000000000000010
1010100110000011100000111001111111000000000000000000000000000000000010
1010000010101110001000100110000010100000000000000000000000000000000010
1011000110000010011010011000100100000000000000000000000000000000000010
1011011111011111001000000000001110100000000000000000000000000000000010
1010111000110000001001010110000101100000000000000000000000000000000010
1010100100000101000010001110011110000000000000000000000000000000000010
1010100000000000000101101111110101100000000000000000000000000000000010
1011100011011100011010011010101010000000000000000000000000000000000010
1010000010010110000010000001011111000000000000000000000000000000000010
1011110110111010010010000101100000000000000000000000000000000000000010
1011100001010100010101110111110111100000000000000000000000000000000010
1011000110001110111001011010010001000000000000000000000000000000000010
1010111100001001100011101111010101100000000000000000000000000000000010
1011011111001110011001010100110010000000000000000000000000000000000010
1011100001110010000101000101101011100000000000000000000000000000000010
1010110101000011111110101011010110100000000000000000000000000000000010
1011110011010010000010101111010110000000000000000000000000000000000010
1011110110111100111100100000000011000000000000000000000000000000000010
1010001110011111000010000101110011100000000000000000000000000000000010
1011101111011000101111100010110000100000000000000000000000000000000010
1010101001000011000001001010101111000000000000000000000000000000000010
1011010111001111110000100000000100000000000000000000000000000000000010
1010100010001111001010111101110111100000000000000000000000000000000010
1010111001001110111000001010100111100000000000000000000000000000000010
1010000000110011100111001100101111000000000000000000000000000000000010
1010011111001111111001110001000110100000000000000000000000000000000010
1011000100001010110011111100010000000000000000000000000000000000000010
1010100110001011001000010111101101100000000000000000000000000000000010
1011001001110111100100011001101100100000000000000000000000000000000010
1011001111001110110111000100100000100000000000000000000000000000000010
1011101101111000101101000001110110100000000000000000000000000000000010
1010100011111011100011001100000010000000000000000000000000000000000010
1010000101010011111011110110010011100000000000000000000000000000000010
1010111001011001110100100001110011000000000000000000000000000000000010
1011000101001111001111101111001110100000000000000000000000000000000010
1010001011010010100100010110000010000000000000000000000000000000000010
1010101011010000010001001011100111000000000000000000000000000000000010
1010011011001011101000001011000110100000000000000000000000000000000010
1010000100100101101111000111111011100000000000000000000000000000000010
1010101100100111101010000000000001000000000000000000000000000000000010
1010100100011010000111001111110110100000000000000000000000000000000010
1010010111011100010001010011010100100000000000000000000000000000000010
1010000100001100100101010101110111100000000000000000000000000000000010
1011101010100000111100010001100001100000000000000000000000000000000010
1010110010110000101111011100110110100000000000000000000000000000000010
1010100001111011111000110010101011100000000000000000000000000000000010
1011001010000010111110001000101100100000000000000000000000000000000010
1011011111011100111110110100010111000000000000000000000000000000000010
1010011010010100111011110000010111100000000000000000000000000000000010
1010110100110110001011000100010101100000000000000000000000000000000010
1011101000111101010111111000011000100000000000000000000000000000000010
1010001100111101110100110010000111100000000000000000000000000000000010
1010100011000100010101000001110111100000000000000000000000000000000010
1011100100011011000110011111000001000000000000000000000000000000000010
1010010000110110010100001101101000100000000000000000000000000000000010
1011101111011111111111001101001001000000000000000000000000000000000010
1010011001010000000001111110111110000000000000000000000000000000000010
1010110111111000010000000000000000100000000000000000000000000000000010
1010011100010011101101000101111010000000000000000000000000000000000010
1011110100110110100011001010110011000000000000000000000000000000000010
1011110000011101000111011000010000100000000000000000000000000000000010
1011010001110101111110110000010100100000000000000000000000000000000010
1011111110000011000110100111110100000000000000000000000000000000000010
1010001110110011011001000000100000100000000000000000000000000000000010
1010110011100000101011101000100001000000000000000000000000000000000010
1011011111110111100000000000000001100000000000000000000000000000000010
1011110011000110101010011110111100100000000000000000000000000000000010
1010100000000101110110110000110100000000000000000000000000000000000010
1010100101101010001101001011101011100000000000000000000000000000000010
1011100010010101111010001101001100100000000000000000000000000000000010
1010101000101010010111111010101000100000000000000000000000000000000010
1010010101011101100000100100101001000000000000000000000000000000000010
1011101001010001110101101011111010100000000000000000000000000000000010
1010000011101000111000011001111110100000000000000000000000000000000010
1010110000000001011101011110000000100000000000000000000000000000000010
1010111100100101101100010000110111000000000000000000000000000000000010
1011110011001011000001110000000110100000000000000000000000000000000010
1011100110111110110000110100010110000000000000000000000000000000000010
1010000000000001010010111001110101000000000000000000000000000000000010
1011110011011010000101011000011110100000000000000000000000000000000010
1010010010010011101010000000010101100000000000000000000000000000000010
1010000000111100110001111010110010000000000000000000000000000000000010
1010100111110011001111011110010010000000000000000000000000000000000010
1010110010101101001110111001001001000000000000000000000000000000000010
1011001010100011001111111000111001100000000000000000000000000000000010
1011101000010111001000001000001100100000000000000000000000000000000010
1010010000110100101000110100110100100000000000000000000000000000000010
1010010001110001111001110101111110000000000000000000000000000000000010
1011011110010001001100110011001110000000000000000000000000000000000010
1010100001111011011000100100010000100000000000000000000000000000000010
1011100000001001101100001100011100100000000000000000000000000000000010
1011011100011011101011111001110010100000000000000000000000000000000010
1011000010000011000101111100100100100000000000000000000000000000000010
1010011111111101110000101100000110000000000000000000000000000000000010
1010101000100100111110001111011011000000000000000000000000000000000010
1010111101101000000100001110111010100000000000000000000000000000000010
1011010001100000000111011111111101100000000000000000000000000000000010
1011011011011010111001110110001011000000000000000000000000000000000010
1010001100100000001011100110011100100000000000000000000000000000000010
1010001101110001101101011100110010000000000000000000000000000000000010
1011101001111100001011001100111011000000000000000000000000000000000010
1010101111111010000101111000010000000000000000000000000000000000000010
1011101001100001000100101010101001100000000000000000000000000000000010
1011001000011100111001000110101101000000000000000000000000000000000010
1011001010101101110101001000100110000000000000000000000000000000000010
1010101111011110101000000000110011000000000000000000000000000000000010
1011000001101110100100110111010100100000000000000000000000000000000010
1011111011001011011101111011001010100000000000000000000000000000000010
1010001001111101110110001001111101000000000000000000000000000000000010
1011111111111111101100101000010010000000000000000000000000000000000010
1011000010000100111110010100010011100000000000000000000000000000000010
1011111101100100000001101010111010000000000000000000000000000000000010
1010011101101100110100010111111100000000000000000000000000000000000010
1011111011011000111000000101011000000000000000000000000000000000000010
1011000111010100100111011110000011000000000000000000000000000000000010
1010011000010001111000001110010001100000000000000000000000000000000010
1011001011011111010011111111101111000000000000000000000000000000000010
1011101110100111101101001100000111000000000000000000000000000000000010
1011010011101100100101100111110101000000000000000000000000000000000010
1011110011100111101101001100010110000000000000000000000000000000000010
1010001110000010011100000111100110000000000000000000000000000000000010
1010001010111011101011000000000001100000000000000000000000000000000010
1011010000000000110110111101100101100000000000000000000000000000000010
1011100011111011110001000000011000000000000000000000000000000000000010
1011010001100101010111111111110111000000000000000000000000000000000010
1011011010111000100001010110000001000000000000000000000000000000000010
1011101010001101110010001000011011000000000000000000000000000000000010
1011100001110001101011111111001000000000000000000000000000000000000010
1010010000011100000110010011011111000000000000000000000000000000000010
1011011010010111101001111100111110000000000000000000000000000000000010
1011101011100001000001000011001111100000000000000000000000000000000010
1010110011010011010011100000001011100000000000000000000000000000000010
1010010011110000001101100000111110000000000000000000000000000000000010
1011100111001011101010111001010011100000000000000000000000000000000010
1011101000111010100110110000111001000000000000000000000000000000000010
1011001111100101110010110000010011000000000000000000000000000000000010
1010100000001011100111101011001110000000000000000000000000000000000010
1010110100110001100000110111001010000000000000000000000000000000000010
1010110100001000100010110111100011000000000000000000000000000000000010
1011011010100101000000011000001100000000000000000000000000000000000010
1010000001101010001011001001111101000000000000000000000000000000000010
1010001001101101011001000111101000100000000000000000000000000000000010
1011010001100001000010101111101000000000000000000000000000000000000010
1011101100011111111100100001101000000000000000000000000000000000000010
1010100001100110100100010110000001000000000000000000000000000000000010
1010001010011111111111010101111010100000000000000000000000000000000010
1010100000000111100110001101001101100000000000000000000000000000000010
1010110011110000010000010110100100100000000000000000000000000000000010
1010011000011000001110011001100010100000000000000000000000000000000010
1010100101111111011011001001010011100000000000000000000000000000000010
1011001010001101101011111100011111100000000000000000000000000000000010
1011111111100011000100010100000000100000000000000000000000000000000010
1010010111000000111111100111100101000000000000000000000000000000000010
1010010111101111000000000001110010100000000000000000000000000000000010
1011001100111000010001110000111111100000000000000000000000000000000010
1011011001001111011001000001101100000000000000000000000000000000000010
1010011001010100011000011111101010000000000000000000000000000000000010
1010111111011001101010111000100011100000000000000000000000000000000010
1010001000101001000111001111111111100000000000000000000000000000000010
1011011001001111111010001000101110100000000000000000000000000000000010
1010100000100010001110101111101000100000000000000000000000000000000010
1011111011101000010010010000101010000000000000000000000000000000000010
1011110110000011110010101111011101000000000000000000000000000000000010
1011110110110001111011110110000110000000000000000000000000000000000010
1010011011010000000011010101001011000000000000000000000000000000000010
1011010100001101111111100111000100100000000000000000000000000000000010
1011101001101000110011101101011011000000000000000000000000000000000010
1011100111010110000111010000111011100000000000000000000000000000000010
1011110101101000000010100101101110100000000000000000000000000000000010
1010110011010101100011000110011000000000000000000000000000000000000010
1011011010001111001010101111000100100000000000000000000000000000000010
1011111001101000101100000110110010000000000000000000000000000000000010
1010110001010011011010111100011000000000000000000000000000000000000010
1011001111110111010110010000000000000000000000000000000000000000000010
1010011000110010110101110110110100000000000000000000000000000000000010
1011010111110111000101000000001110100000000000000000000000000000000010
1010011010001110011100010111101001000000000000000000000000000000000010
1010000111010100110110010001100011000000000000000000000000000000000010
1010001111110001001111010111011101100000000000000000000000000000000010
1011111001010100010110101000100001000000000000000000000000000000000010
1011111010111101000000100111111100100000000000000000000000000000000010
1010100110101101111000111111101101000000000000000000000000000000000010
1011000100010000011011011100111010000000000000000000000000000000000010
1010011111011111111000010111010000000000000000000000000000000000000010
1010001001100100010010110101001110000000000000000000000000000000000010
1011111100010110110110111100010100100000000000000000000000000000000010
1010000011011101011011011000101101100000000000000000000000000000000010
1011001101111111111010110100000010000000000000000000000000000000000010
1010001001110110001110011111011101000000000000000000000000000000000010
1010000101101101010011000101000000000000000000000000000000000000000010
1011101110101000111101011100101110000000000000000000000000000000000010
1011011111110111011000101100001010000000000000000000000000000000000010
1010100001100000000010110011010011000000000000000000000000000000000010
1011010111100110010100100001000001100000000000000000000000000000000010
1011010101000000001010110111100100000000000000000000000000000000000010
1010010111000110110010110000100100100000000000000000000000000000000010
1010001010001111000111011110011101100000000000000000000000000000000010
1011011110000101000000011001010011000000000000000000000000000000000010
1011110000110010001111101111011100100000000000000000000000000000000010
1010001111001111001001110101010100000000000000000000000000000000000010
1011000001101110100101111101100111000000000000000000000000000000000010
1010101110010001101110011010101100000000000000000000000000000000000010
1010111101100101000011010110111101100000000000000000000000000000000010
1011110100000110001011100111000011100000000000000000000000000000000010
1010000101011110011110101111110110000000000000000000000000000000000010
1011101110111010001001011011000001000000000000000000000000000000000010
1011111000111011000011010010111111000000000000000000000000000000000010
1011001101110110101011110000011100000000000000000000000000000000000010
1010101010001101111110111000111111100000000000000000000000000000000010
1010110101001110010001011011010110000000000000000000000000000000000010
1011000101000110101111101101111110100000000000000000000000000000000010
1011101111001101001001010100001100000000000000000000000000000000000010
1011000110010010000011100100011001100000000000000000000000000000000010
1010111110111101111100111010001011100000000000000000000000000000000010
1010011001000111011110111111110000100000000000000000000000000000000010
1010011110111011110001111101010000000000000000000000000000000000000010
1011011110010101000110101100010010100000000000000000000000000000000010
1011101111011011001100111010010011100000000000000000000000000000000010
1011101101111000010111100100011011100000000000000000000000000000000010
1011111101111010111010010100100101000000000000000000000000000000000010
1010110101100111011110100011011101000000000000000000000000000000000010
1011110001101000001001010001010011100000000000000000000000000000000010
1010100000111111111111010011010111100000000000000000000000000000000010
1010111101100010010010001000011110100000000000000000000000000000000010
1010100110101010100011011100001110000000000000000000000000000000000010
1010111001001011001001100011111100100000000000000000000000000000000010
1011000011010101100011111111111101100000000000000000000000000000000010
1010000001110100011001001000001100000000000000000000000000000000000010
1011010011110000000111101101100111100000000000000000000000000000000010
1010100111100000101101001000100000100000000000000000000000000000000010
1010110010000001001110111111101010100000000000000000000000000000000010
1010101011101101100110100000100001000000000000000000000000000000000010
1011001001010001000101111101110101100000000000000000000000000000000010
1011100011001001000111000010001101000000000000000000000000000000000010
1011011110001000111111110011001101100000000000000000000000000000000010
1010110110100010101100010110101001100000000000000000000000000000000010
1010110000001110111111101010111000000000000000000000000000000000000010
1010111101111110001111000011000100000000000000000000000000000000000010
1011000000100001100100011000011111100000000000000000000000000000000010
1010011001001001010100011100000010100000000000000000000000000000000010
1011101100001000000101000100100010000000000000000000000000000000000010
1011111111010011111000000100101111100000000000000000000000000000000010
1011001001100001010010101001011011000000000000000000000000000000000010
1011110101110110101001000001111010000000000000000000000000000000000010
1010000001111110001111010111011111000000000000000000000000000000000010
1010011100101001000110011001111000100000000000000000000000000000000010
1011100100000001000011001101001010000000000000000000000000000000000010
1011111001111111111110000101101100000000000000000000000000000000000010
1010000111001001100110110001010000000000000000000000000000000000000010
1010110111011101111111111000101001000000000000000000000000000000000010
1011011111001000100101010101111000000000000000000000000000000000000010
1011101001110000101000011011011010000000000000000000000000000000000010
1011110110000101010111100101111110100000000000000000000000000000000010
1011000000000011110010001001001100100000000000000000000000000000000010
1011010100110111010001101110001011100000000000000000000000000000000010
1011111010011000000000110101001101100000000000000000000000000000000010
1011101100010001110111011111010000100000000000000000000000000000000010
1010100001011011101011000100111101000000000000000000000000000000000010
1010100001001001001001100101100101100000000000000000000000000000000010
1010100011011101010000010100110100100000000000000000000000000000000010
1011000000100100000111101011111011000000000000000000000000000000000010
1010011100001011001101110001000000000000000000000000000000000000000010
1011100111000011001001110101001111000000000000000000000000000000000010
1011011110111110111100011100111000100000000000000000000000000000000010
1010000001101001000100111110101101000000000000000000000000000000000010
1010001101100011100110101100000000100000000000000000000000000000000010
1010111101110101000100110010011001000000000000000000000000000000000010
1011110110111010111100001001111000100000000000000000000000000000000010
1011110001001000110100111111011000000000000000000000000000000000000010
1011100011001000010110000101001001100000000000000000000000000000000010
1010000001100011010110111111011001100000000000000000000000000000000010
1011001010011111010000000001001001100000000000000000000000000000000010
1010000001100011011110110111101100000000000000000000000000000000000010
1010001111111011101001000000100111000000000000000000000000000000000010
1010100100111101001110111101111101100000000000000000000000000000000010
1011100010110010011000100100100111000000000000000000000000000000000010
1010100101111001000001001000010100000000000000000000000000000000000010
1010101101100010110000000100100011000000000000000000000000000000000010
1011010000000011111101111011111001100000000000000000000000000000000010
1011110110101100001001101010010000000000000000000000000000000000000010
1011111000000010100011001100100110000000000000000000000000000000000010
1011101000011110010010001111000110000000000000000000000000000000000010
1010011111010111010100110011011010000000000000000000000000000000000010
1010111011111011000010000010000000100000000000000000000000000000000010
1010100001101100001001001100011110000000000000000000000000000000000010
1010111010100111000011010001011010100000000000000000000000000000000010
1010111001000101011000000001110011100000000000000000000000000000000010
1011001110101000010001000011000000100000000000000000000000000000000010
1011100100001010001000101110100110100000000000000000000000000000000010
1011000101011011101001110101001110000000000000000000000000000000000010
1010101100011101011100111100100001000000000000000000000000000000000010
1010000101110110011000000100000110000000000000000000000000000000000010
1010100101110100001010001111010101000000000000000000000000000000000010
1010001100110000010000000110011111100000000000000000000000000000000010
1011000100111101110110101110000101100000000000000000000000000000000010
1011011011010100111000111101100110000000000000000000000000000000000010
1010001001111101101011101100100000000000000000000000000000000000000010
1010100011011111001011110011010111000000000000000000000000000000000010
1011100000010110100010111111100110100000000000000000000000000000000010
1011110100111101110110100001010000000000000000000000000000000000000010
1011001110011000110000100110110011100000000000000000000000000000000010
1010110000100100110000100101101000100000000000000000000000000000000010
1010111010111000101011111001111010100000000000000000000000000000000010
1011111011011000101101110000000111000000000000000000000000000000000010
1011000100100000001010101010111100100000000000000000000000000000000010
1010100101010101000101001010001101100000000000000000000000000000000010
1011101100101101001101100101110111100000000000000000000000000000000010
1010100100111111011010010000001010000000000000000000000000000000000010
1010100110000110110010111101110110000000000000000000000000000000000010
1011111110110100010111000101010101000000000000000000000000000000000010
1011001010111110000011011011111010100000000000000000000000000000000010
1011001001001101001001010100100101000000000000000000000000000000000010
1011101001001000100101000000010110100000000000000000000000000000000010
1010010000010111001001011110010101000000000000000000000000000000000010
1011111011100010001001101111111110100000000000000000000000000000000010
1011100010111100110100100010001000100000000000000000000000000000000010
1010100111100101110111000001100101000000000000000000000000000000000010
1011001110111111011000101001001010100000000000000000000000000000000010
1010101001111100101000111101011110000000000000000000000000000000000010
1011101000010010101101010001000110100000000000000000000000000000000010
1011010010110010101000101001011010100000000000000000000000000000000010
1011101111100101111000100011101011100000000000000000000000000000000010
1011000010000101011010010110011101100000000000000000000000000000000010
1010110110110111000010010101000111000000000000000000000000000000000010
1010100000111110001000000101101111000000000000000000000000000000000010
1011111001101110110101110000011010000000000000000000000000000000000010
1011011110000001000110011001000110000000000000000000000000000000000010
1011111000011011110100010110110001100000000000000000000000000000000010
1010101111101001100011101011110100100000000000000000000000000000000010
1010110000111001111110000001100011000000000000000000000000000000000010
1010111000100110001110111011111110100000000000000000000000000000000010
1011111010110101011101101100100100100000000000000000000000000000000010
1010110011100110001011101100101001100000000000000000000000000000000010
1011110010101001101010000110100000000000000000000000000000000000000010
1010111101110001010101001101011110000000000000000000000000000000000010
1011100010111111101011000000010011100000000000000000000000000000000010
1010011110000000000100010000011010100000000000000000000000000000000010
1010110111010101111101100111000000100000000000000000000000000000000010
1011111000010000000111101011011011100000000000000000000000000000000010
1011011101011010101010100101001101000000000000000000000000000000000010
1010110101011100001111000101001111000000000000000000000000000000000010
1011000001001100011001010010011001100000000000000000000000000000000010
1011000100101010100011010101111100100000000000000000000000000000000010
1011111001111101110000111100001011100000000000000000000000000000000010
1010011001100011100111010000111111100000000000000000000000000000000010
1011110110011011110110110000100000000000000000000000000000000000000010
1011000000111010110110010011010011000000000000000000000000000000000010
1011111010101110010110111010111000100000000000000000000000000000000010
1010001000110010011000110001100110100000000000000000000000000000000010
1010011110101111101110000010001110100000000000000000000000000000000010
1011110100000100001110111000001111100000000000000000000000000000000010
1010011101010111111100000110001011000000000000000000000000000000000010
1010110010010110000111010111111000100000000000000000000000000000000010
1011110101110110011100010100010011000000000000000000000000000000000010
1011001000011011010100110111010111100000000000000000000000000000000010
1010111100010100011100100111000000000000000000000000000000000000000010
1011001000111010111101111111101111100000000000000000000000000000000010
1010001110111101101101000001011010100000000000000000000000000000000010
1010100111011010100110000001100001000000000000000000000000000000000010
1011111101101011110101011001111101000000000000000000000000000000000010
1010000011110110100000001010101110100000000000000000000000000000000010
1010110000110101111110110000110010100000000000000000000000000000000010
1011100000001010010100011011000010100000000000000000000000000000000010
1011101011011110100010101010111000000000000000000000000000000000000010
1011001100100001000011111100100101100000000000000000000000000000000010
1011000111110110000110111101011111100000000000000000000000000000000010
1011000001000000010010001110100010100000000000000000000000000000000010
1011000111111101110101000000001000000000000000000000000000000000000010
1010011000001111010000111010100101000000000000000000000000000000000010
1011111100110011111001001011011000000000000000000000000000000000000010
1011101010100000111011111010001100000000000000000000000000000000000010
1011011011010110011100000101001111000000000000000000000000000000000010
1011010100111110001100011110101111100000000000000000000000000000000010
1010111110110001110100001100001101100000000000000000000000000000000010
1011100001010110111110000101111000100000000000000000000000000000000010
1011011011001111111100001001000101100000000000000000000000000000000010
1011010010100100110010111111111100100000000000000000000000000000000010
1011000101110011111000011001010010000000000000000000000000000000000010
1011000100011100100011111101001110100000000000000000000000000000000010
1011011001011110101001101000000100100000000000000000000000000000000010
1011001000100011010011101010101111100000000000000000000000000000000010
1011110011010100101010000010000100000000000000000000000000000000000010
1010000000000110001000101101101001100000000000000000000000000000000010
1010100010101110010101000100110010000000000000000000000000000000000010
1010001011101000100110101100011011100000000000000000000000000000000010
1011101100111110100110100010010110100000000000000000000000000000000010
1011110001011101110011111101001101000000000000000000000000000000000010
1010000101010111011100000011000100000000000000000000000000000000000010
1010010010111000011111111111110110100000000000000000000000000000000010
1011111111110100101001101010010100100000000000000000000000000000000010
1011000000010101101001111101111100100000000000000000000000000000000010
1010101001100110011111101100100011000000000000000000000000000000000010
1011111100101000000101110110111110000000000000000000000000000000000010
1011100011011011101100110000010011000000000000000000000000000000000010
1010110100001000001011001000011100000000000000000000000000000000000010
1011110001000100100100100000000111000000000000000000000000000000000010
1010001100001011100110110100101100000000000000000000000000000000000010
1010011010001010101100001001000010000000000000000000000000000000000010
1011010101000110000100110100101011000000000000000000000000000000000010
1011100011110100100010101100100011000000000000000000000000000000000010
1010001100001011101100100100011000100000000000000000000000000000000010
1011101100101111110000010011000010100000000000000000000000000000000010
1010100100110000100110111110111110100000000000000000000000000000000010
1011000000010001111010111111001000000000000000000000000000000000000010
1010001001101011001010010111101010100000000000000000000000000000000010
1010011101111111111011000000001011100000000000000000000000000000000010
1011001000000011010110101111001111100000000000000000000000000000000010
1010111101100110111000011110001100000000000000000000000000000000000010
1010110010101010000100111011111100000000000000000000000000000000000010
1011111110011010011001110000001000000000000000000000000000000000000010
1011101011001100000011110011001110000000000000000000000000000000000010
1011000111010111101000011010011000000000000000000000000000000000000010
1010100110111001110111010101011110100000000000000000000000000000000010
1011000110111110111110101111000000000000000000000000000000000000000010
1010001111101011110011111111110001100000000000000000000000000000000010
1011101101101001101101000001010110000000000000000000000000000000000010
1011111101101101000110110111010110000000000000000000000000000000000010
1011110101010111101010001001010000100000000000000000000000000000000010
1010111010100110000101111011110111100000000000000000000000000000000010
1011001111110111011010011101001101000000000000000000000000000000000010
1010101010011011100111000110111110100000000000000000000000000000000010
1010001000100101111100010000000100000000000000000000000000000000000010
1011110000001010100010100000100110100000000000000000000000000000000010
1010111001101111001110100100001100100000000000000000000000000000000010
1010111000010010000010011111111101000000000000000000000000000000000010
1011111101010110111111000000111001000000000000000000000000000000000010
1010101010101110000110001010010101100000000000000000000000000000000010
1011111101010011101000000110010000000000000000000000000000000000000010
1010011101010010101110011101001011000000000000000000000000000000000010
1011110001011111101000000001001111100000000000000000000000000000000010
1010110000000010110001100011001101100000000000000000000000000000000010
1011010110010011111111100101011111000000000000000000000000000000000010
1011001010010011010011011101010111000000000000000000000000000000000010
1010011100001101111010111111101111100000000000000000000000000000000010
1010101011100110001110111001100101000000000000000000000000000000000010
1011101101101001110010100000101111000000000000000000000000000000000010
1010100000100100000000001011010000000000000000000000000000000000000010
1010101001110111111011000011010110100000000000000000000000000000000010
1010010100001011100111011011110101000000000000000000000000000000000010
1011010000110011111011001100000110000000000000000000000000000000000010
1011010000010000100111010000111100100000000000000000000000000000000010
1011111111010010011110001011000100000000000000000000000000000000000010
1010000011100101000110000001110111100000000000000000000000000000000010
1011011001001111110111000101000111100000000000000000000000000000000010
1011010110001100010111111111011010000000000000000000000000000000000010
1011000100000110001011011111001010100000000000000000000000000000000010
1010011110000111010110101011011110100000000000000000000000000000000010
1010010101011010111011011101011101000000000000000000000000000000000010
1011000010101100110111001111101001000000000000000000000000000000000010
1010010111010100111000001011010100000000000000000000000000000000000010
1010101111110010010101111111000010100000000000000000000000000000000010
1011100111110000011011000010001100100000000000000000000000000000000010
1011001110111010000010011100000011100000000000000000000000000000000010
1010100111011100111011000010011110100000000000000000000000000000000010
1010110110011110000111011001100010100000000000000000000000000000000010
1011111100100110100101100110100010000000000000000000000000000000000010
1011110010011111000011010110001010100000000000000000000000000000000010
1010101011010111110000001010010001100000000000000000000000000000000010
1010001000000010101010001111011011000000000000000000000000000000000010
1011001111011000101101100010101001000000000000000000000000000000000010
1010010110001100000111010101100000000000000000000000000000000000000010
1011000101011000001000101100100011000000000000000000000000000000000010
1011001010101101101110111001001111000000000000000000000000000000000010
1011011010101010100001101010001110000000000000000000000000000000000010
1010111100011000001001101111111101100000000000000000000000000000000010
1011011010100111001100011001001101100000000000000000000000000000000010
1010111001000010110110110110111010000000000000000000000000000000000010
1011001101111111011001110101000000000000000000000000000000000000000010
1011100000111110011010011010111101100000000000000000000000000000000010
1011100100010101001110110100000001100000000000000000000000000000000010
1011100000001010000100110010110111000000000000000000000000000000000010
1011110010101001111001100001001111100000000000000000000000000000000010
1011010111100110001101101011101101100000000000000000000000000000000010
1011001100100111111000000011011011000000000000000000000000000000000010
1010000000000100111111010111111101100000000000000000000000000000000010
1011001011000110100100100001001100000000000000000000000000000000000010
1011101011101000011100010111000100100000000000000000000000000000000010
1010010011000111101111001000001010000000000000000000000000000000000010
1010001100100101110001101110111111000000000000000000000000000000000010
1011011001111010110011010000010010100000000000000000000000000000000010
1010011000001010110111011110000101100000000000000000000000000000000010
1011001111110111001100010001110000000000000000000000000000000000000010
1010110100000011000010011110011011100000000000000000000000000000000010
1011011111000000001010100011101010100000000000000000000000000000000010
1010010000000000001000100011011110000000000000000000000000000000000010
1010101101111010111101011010010011100000000000000000000000000000000010
1010010001100000110010100010111110000000000000000000000000000000000010
1011010011011010011101100000000111100000000000000000000000000000000010
1011100001101111100000011110000000100000000000000000000000000000000010
1011101001101100101100001010100000000000000000000000000000000000000010
1010101000110011101101000010010101100000000000000000000000000000000010
1011010001111000001000000110100101000000000000000000000000000000000010
1010110111001011010100001101011111100000000000000000000000000000000010
1011100011011111001001011010001001000000000000000000000000000000000010
1011000000101000010001111000110111000000000000000000000000000000000010
1010011010110011001010000111110011100000000000000000000000000000000010
1011010100101100100111000101111101100000000000000000000000000000000010
1011111010011001111100010000010000000000000000000000000000000000000010
1011000010010100000010000000110110100000000000000000000000000000000010
1011100011110110011000001010001101100000000000000000000000000000000010
1010100111010110111111110111011111000000000000000000000000000000000010
1011011101101010110110000110000100100000000000000000000000000000000010
1010111000000001011100111110101110100000000000000000000000000000000010
1011001001010011111010001110000010000000000000000000000000000000000010
1011110110000010100111110010011001000000000000000000000000000000000010
1011101110111101110000100110101101000000000000000000000000000000000010
1011001011000101001000110100010101100000000000000000000000000000000010
1010011110100111011010000000100001100000000000000000000000000000000010
1010011101001001000010111011011110100000000000000000000000000000000010
1011100111011011000110010000111111000000000000000000000000000000000010
1010000111001110010100111100011111100000000000000000000000000000000010
1010111011111011111110001000101101100000000000000000000000000000000010
1011100100010010010000101111111101100000000000000000000000000000000010
1010111011001100111001000111110000100000000000000000000000000000000010
1011011010010101111101000101100010100000000000000000000000000000000010
1011100111001010110001010011001000100000000000000000000000000000000010
1010100011000110100001111111101111100000000000000000000000000000000010
1010000101110100001100010000000100100000000000000000000000000000000010
1010001111011110000111011111011111100000000000000000000000000000000010
1011101110110011101100001011000000000000000000000000000000000000000010
1011011011000010000111111011010010000000000000000000000000000000000010
1011011111101110011001100000100001000000000000000000000000000000000010
1011110000000001011110111000110011000000000000000000000000000000000010
1010010011000111000100001001100001100000000000000000000000000000000010
1010110100110000000111110101011001000000000000000000000000000000000010
1011000001011110101110000111010111000000000000000000000000000000000010
1011111100101110100010111101011101100000000000000000000000000000000010
1011111101101011110100001010001101100000000000000000000000000000000010
1010001001111000011110111000110001100000000000000000000000000000000010
1011110111011000110010001110100001100000000000000000000000000000000010
1010100010000101101101111001110101100000000000000000000000000000000010
1010101111010010111000001001010001000000000000000000000000000000000010
1011010001010000110110100010111001100000000000000000000000000000000010
1011011011011111101011011001000111000000000000000000000000000000000010
1011111001010010010011011001001111100000000000000000000000000000000010
1011111100100010101010100000110000000000000000000000000000000000000010
1010110001100100110011101011001011100000000000000000000000000000000010
1011111111011001000010110101010000100000000000000000000000000000000010
1010100000001110010001111100110000100000000000000000000000000000000010
1010010001011110100101111001101111000000000000000000000000000000000010
1011100001100101000010011011001010000000000000000000000000000000000010
1011000000010010111100000111011010100000000000000000000000000000000010
1010010011000011111011011111111110000000000000000000000000000000000010
1011111001011111101000000010001101100000000000000000000000000000000010
1010001011110000100011101111001101100000000000000000000000000000000010
1010110101011000111100100000100110100000000000000000000000000000000010
1010101001100001011111010111011000000000000000000000000000000000000010
1011100001001000011001110100010001000000000000000000000000000000000010
1011100001011111011101111101111110000000000000000000000000000000000010
1011010101001111100111101110001101000000000000000000000000000000000010
1010011011001110000111110001001110100000000000000000000000000000000010
1010111001100011011010110011010000000000000000000000000000000000000010
1011000010001100010110001100100001000000000000000000000000000000000010
1011100001100101111010011111100000000000000000000000000000000000000010
1010100110011010000101010011100111100000000000000000000000000000000010
1010111010110011101010101011011001000000000000000000000000000000000010
1011000101110011100111111111110000100000000000000000000000000000000010
1010111110110011101100000110010010000000000000000000000000000000000010
1010100001000010101111111111001111100000000000000000000000000000000010
