1011000100010000111111000000011000011110011000101100000011001101001010
1011010000111110101000101001011110000011010100111011001101101111010010
1011110001001101000111110001011110111010011001110101010001111000000010
1011011001010100111100001010011110000001101010001011101110001001110010
1010000011110110001101001011110100101000010101000110101110000001101010
1011001101001111111010100000001101000101001111010101010000110111010010
1010110000100100000110110111100101001100010111010101010011001101000010
1011000110100101011100000110011001011101110010011000100011101101010010
1011100101100001100111101010101001000110011101110100011100100001001010
1010101011000111111100111010000001000101010010110100100110100001011010
1011111011101011100011101110100001010100110000011101110110100110100010
1011001111110110101100110101110010011100011110001000101010010101010010
1011111100101101101001010100001000110010010010100101111011010001010010
1011010110100001000110010110000100100000011011110111101111011010011010
1011101101000010110011000111100010101000111010100010110111110110101010
1011001000111101010110011111111110000000110011100000100111000001100010
1010011101111001101100110110010111001010000100100010111110101101001010
1011001100000011101000010001011001111000010010110001011100101011110010
1011111001001101011000011011100110011000000110000100111111000111011010
1010011100011101100100111111111110111011010000010000101010010111101010
1010011111010000110100011110010100100110101101000100100010110011101010
1011001000110111111010001000101101011011001100111010000101111111100010
1010010101001001010000010001011010110100111100100101110101101111101010
1011100101011100100000010111101011100110011100111010101101001110001010
1010101101010110111101110101101111001010011011101101000101011111111010
1010010010111001101000000011100100010101010010010110111100100001101010
1010010110100110010110011110010110111101010011100010010010000111111010
1010000101011001101010010111000111101001101111101001100001000010110010
1010101011001101100000111111110100000100101001111001100100011101101010
1011001010101001111010111111101100010111111111110101001011100100111010
1011000110010101110111101001001110010011011100010101010111100001111010
1011100101000000000010000000110010100111101110000111101010110111100010
1010110111101100100011111101100011100001100101001000110100011001100010
1011010000110001001111001011110110000111111110111101100001110111011010
1010010010111100110010101100000001110010101111111111110111101000011010
1010010101000011000110000010111111011001110011100110010010000101101010
1010101010111000011000110001101000111001111100010011101101111000000010
1011110101111010111100010001010111000011010011110011011011010001100010
1011000000001111001110111010101011011110100101001010110101001100111010
1010010011000101001010111110001111001001101111001001010100001000001010
1010110101101111010110111011101001011110100000110000001100001001010010
1011100011100001101001101011010010110110101010111101011011000101000010
1010111010101000000111111000000001000111010111010111000101011101110010
1011111111100101100111100101010101000001011100101000101111001100100010
1010100001111111011110010111100111011001101010111011001101111000011010
1011110011110011100110011110000010100111001101110100101011100011111010
1011011101100101010001001000010101000110110010001111010000001100100010
1010100011100101101110011011111101110001001100100001101110000011000010
1011110110001110101111101111000011111000010010011010000101000010011010
1010110111100010010110000111010110110111000100000100000110110010011010
1010001000001011011001011010100100110111111111110001000001110000001010
1010001010111101001011010110100000000110011000101010101111010011111010
1011010001010111100011111001000000000010000111101111110010110000111010
1010101101101000011011110000000101100101000101101101110011111000011010
1010101010000111010111110101110101011111100101110000010101110001100010
1011100111110110010000111110111011110100100010001011101100111101111010
1010011101111010001001001110111011000111010010010111101011001011000010
1010000111100101100110101010111010010111100001111100100000010111000010
1011100010000101010101111101101001101011010101110101101101110100100010
1010110011001010001000010110111111110101110001011111101111011110011010
1011011011110110110001000110110111001110001010101011111001010101010010
1011010010111001100000100000110111000110011000001110000010100011001010
1011001100011111111001110100001110101110011010111111110001101100001010
1010110101100010010101000010101100101001010000000100100111011011001010
1010100011000000000000110111001110010000010011000000010000011001010010
1011000001011010010101100111000000000101000110010000010110110100101010
1011000110100110111100001010011000010110001100001010101010011000100010
1010101011000110010001111000000000000111000101001111100111010100001010
1010100101101011111110001001101101001100101000101011000000011100010010
1011111101100111100001100100011011110101100110010001001100010010010010
1010110001010100001101001010011100010100111100000011111000010100111010
1010111111010110100000011101111110111011010001000001001110111010000010
1010100000111111001001011100000010011110101000001111000110011011111010
1011111101110111100101100010011110101000000111011011010001110110001010
1011100110100110101101000010110101010111010010101100100111110110101010
1010101101000101100010001000000001101101100001101111000000011111110010
1011000000100010001100001100010100010110011000100111001111011000001010
1010010001110011101101001011011101111000010101110010110110111101001010
1010110100111110111110101111011011001010011000000001110110110010001010
1010011010100100011110011110001111110010000111011111011101000111011010
1011111000010001100101100101010000100100101111101110101011110111001010
1010111010100001111110010101111100100000010100000101010111001110101010
1010111110111111011011001001110110010110101001101010110110111100111010
1011001010101101001010100101110011010010001011000100001010001111111010
1010111011101001010011010110111010110110010011000110110110101011101010
1010110110000111000001101110011010010010100101001101011011101111110010
1010000111011111010010000000100110010010111111101101011100101010011010
1010111011011000000000001110000101010110001110110100111011011110100010
1010010110110111001000000101100011101010100101000110001010101011010010
1011100100001001000010011100111111001000111010101101011101101111110010
1011010110011100111010100111100111010000010010010111001110010110011010
1011111011001010010010101101100111100000010111110001011101101111110010
1011010111010111111000001001000000010101100111100100100110011100011010
1010100001111000110010000001110001101111100100100001101001001110101010
1010000001101101101001010111111111010110101111001111011100111110011010
1010111101100100001000010011100100110101100111100100010100001111100010
1010011010010001101000001101110100001101110111100110111111101110001010
1010001001111011110010111010010000101110000101011001101111110011011010
1011001101101001011111100000111001001110100011111001000000100010111010
1011110111000001001001010110010111010011111101000111110101010100100010
1011111111110011011111001001111111100100100011100101100001101111000010
1011101101101000100110110011100101101111000101101001100110010111001010
1011010100100100011101011011010011000000011011110000010010110110101010
1010100011110010101001101001011110100111010001001000100000000100110010
1010101110100111111111010011110001110010111010010000010011000001111010
1011111101101111101011111010010101010110001010111110011111100110101010
1010110100011111011001001101000110001010111111010110111000101010010010
1011101010100111001010110011000010100111000010001101110100111100110010
1010010111001101100111100001010011110100100111010010001111000101001010
1010100101101000011010010111001010011101000011111001001110001100110010
1011001001001111000000111000000101101000110111110011111100010111010010
1011111101101001101000111111000010100011000001000111010011111111000010
1011010111001010110000111110000001111100111110111110000111000110011010
1010100111111001110010110001000111000011011110100010100010100110001010
1010000111101110001101110100101011100101110111011111010100001110101010
1011101110100010110010110000101000000001000011011000101111010010100010
1010001100000010001100000011011011010101110001101100010001111011010010
1010110100111011111110011000000101011011101001010101100011110000100010
1010001000001111100001010110011001110000111111111100010111000000100010
1010000101000101100110101101000001011010111011101101011110011001111010
1010001010000110100100110010111101010101001001100010010011000100010010
1011111110110001000001101100011111101100010011111010010000011010000010
1011001101010101110000001011100100100110010101000101010100011010001010
1010000110111100100110000100110000111100111001100110110000011001000010
1011001101011000010001110111100001111100001011000101110100000100000010
1010110111000101001101101011010000000000100001101000011100101010110010
1011110011011001010000010101001011000011011100101101000100101111010010
1011111111100001110100001101101101011101111100000110000011110001111010
