1011110101011010011101011000101101000100111110010000111011100011100010
1011101000100100100011101110111001010100110111001100100011111011000010
1011000110111010000011001000101100001001110111000000001001001110001010
1010100000000001001111010101010110101110101100011001000010001000111010
1011000111011100011001101000011000110001010100000101000001110000110010
1011101001100010110011001110111101001111010011000100100001101100100010
1010101110100000000001110001000001010010010011000110001101011100001010
1010000111000000000010100101001011100110011010010000111001001011110010
1011000110000110010011101000111010110001111000111101100101100010010010
1010010111111101011101100111101110100100001101011111011111001110011010
1011101010001111001001010001010001111010000110111111110000011001110010
1011110110010111111010110111101101011101000100110000111001110100011010
1011010100001100110011100001110011100001100100000110000011001001011010
1011010001110100011101000000110001101000000001010001000000011100111010
1011110100111101110101010111010001010110100010110010100101001111111010
1010010100101110101010010101010100101011000100100100111101100011000010
1010010100110010000010001011111001001001111011110110011110100100010010
1011100011000001010111101000010111111001000000011101011111100101110010
1011100101000001010100001100011100100000111001100001001101101111011010
1010101100101110011010100101000110100011010110101100111001111101110010
1011000100110100111000111100011010011001001011000110011110001110000010
1010101111100100111110100111111010000010111010000110110000001100110010
1011010100011010101111011010100011011010101001100010001001011001010010
1010100000011100010011101101010000001000011101111010111001010000011010
1010000110101111010001001000101001011100011101000101101011000011010010
1011111100110110111010111001101111111010111000011110100011010100101010
1010011011000110111001010000111110011011101100111000101110110001001010
1010110110111100001111101101101011110101111010101111011100000011101010
1011010110101110011101110100010101001110100010011000000001010011100010
1011100000111010111000000110000111111100001100010001001011011010110010
1010101110000010001000000000011110011101100101011010001111010010111010
1011101001000111100111000010011011111111011101111101110110100111100010
1011110100000100101001011011011011000101111011111011001001001111010010
1011001100011111110101111101110101001111011000111101011000100100000010
1011111101011000101011111100101111101101000001000010011101111011000010
1011100111001111011000000100000111111100101001000111100011001110000010
1011011011110111111000011100000101011101010101000100001101111001111010
1011001000000101100111011111110101101010100000011101110010011001110010
1011100000011000011111001111110111011100001001000000101100110000011010
1011001101001101110101010010011111001001010110011011101010010011100010
1011100111011011110100111111111011001101011101100110010100101101110010
1011101100100001010111111100010110001000100100000101110111000010000010
1011010100000110010111110011101100000001001100110000011100111001001010
1011001011011001100101100110101100000111010110011111011000010100010010
1010000101011010100001100011101011111100011111100111011100111010010010
1010001010101011111100011001001111100100111010011000010011110000101010
1011011010000000101000111111001010011110011001101011010011100000101010
1010110101011001011010110101111110010110100100101000101001010000010010
1010100000100000101011110010100010111001110100100011100000101110011010
1010000001100111010010101011101100001111100001010001100101001000000010
1010011110010011001011001111011111001100000111000101000011100010100010
1010011111110100011001110100100111111110110111101111010011111010101010
1011011101111110010001101000000010011011100100010111100100001011011010
1011000011000001100101010010001110001110101100010100000000100010000010
1011101111111110010101001100101100110100010110110111010010010110010010
1011000100010111110100011000111011001010111111100011001001110100110010
1010011011110101100100100000010011110110000110000111101010101001000010
1010110101111111111001010110001010010110101010001001000101111000011010
1011101101111100101010000001001001000010100110001000100000100001111010
1011100001100100101010010011111010011110000000000010100101101111111010
1011001111111001100111001010011011100001011101000100100010101001110010
1010101111010010111001011100000101001111100000011100010010100001000010
1010010000010010001101011010000100010100000011101011101011011101000010
1011001010000001110101010100000111111011011101000010000101110011100010
1011011001011000101101001011111000011111100111010000100000100000000010
1011011001001100111110001010010010100000100000011101000000000100001010
1011011011111001101111010101111101101010001001100001111010000001110010
1010101000111101100101110011111010111101001001111110100110111100100010
1011011111011111011101111101011000011000101101111000101010101010001010
1010110101000010011101011110111101110100010110001110101011001010010010
1011100001110000110010100000001001001111100111011001001100100101110010
1010010000100010000100101000010111010101101011011111101011100001101010
1010011101100001010101010111010001110000100111111110011101110101111010
1010101010000110010011011011010010101111010111011101011011011110000010
1011101101110111111101011111001010001110100011010001011011001010010010
1010010100110101101111100011011111011000100101100111111001000000001010
1010010001101001101101101011100001110010110111000001011101011100000010
1010100011110110110000100100001110111010001010100010100101011000100010
1011000110001111001101101110001101011010100000100101010001011011010010
1011010001101110001110010001001011111100101011000011001011011110010010
1011111010100010100101110011100000100011101111000000101010011001001010
1011111011010011111100101110000011101100100011011101010001011101100010
1010111010101001001000100110001100010110001011101001011001010001101010
1010111010011010100011011110101100101100110010001101110111000001110010
1011111101011000100010010011110000101000010011100001000010001111100010
1011001111011001000100111011101011101010011110111111111011110111010010
1011110001000000000110101111001010000001100001000110100001010000111010
1010000111110000100010000110110110111001110001100010011101110010110010
1011010110010010010011110001010101101001001100100111011000100001000010
1011101010111101110101110000101100001001011101100110101010011000111010
1011011100000110111000011101101010100010010010101010000000110000111010
1010101101011011101011111111110011100001110101101001000111000001111010
1011010111111101001101100000011001111010101001111011001100011010011010
1010110010010001111111000101101110001100011101001000111110001011101010
1011111001110110111111111000101000110110101110111111111000001000101010
1011100110001011001000001011100000000101111010111111101101100011001010
1011101101111111100100101101111101111010000011101100010101000101011010
1010110010000001100011110110101110010100011110010111101000011010010010
1011110111011001111001011011010101100111101010101000111110110110011010
1101010110011100001001011010010010000111010001111011111110000011000010
1010011011011110010100111000011000111000011011111001001101111011110010
1010111101110111101010100010111110010011100010110010101100111000111010
1010011110110110010000110011100000101101011000101101011100001100101010
1011010101001011111001110010000101110110111001010111010000000110111010
1010100110110101110100001110010011010000000100111011110111111011000010
1011110100011001100001110110110100001101000101000110011010001101101010
1010111111110010111001000000100010100100111011000100101000111000001010
1011111101010101001001110101000010011010000011111111011000110111111010
1011000000100101001011001100111101011001100101110001000111100101101010
1010011010110000110101110110011000101000000111010010011110101000011010
1010110100110000010101010010110101011000010010100010100000110011001010
1010001011100011110000111111111011100000100100101111000010011110011010
1011100011001111101001101010011101111101000000110010001010111111110010
1011111011000111100110111011100011100010001111101110011001111000000010
1010001111010111111010110000101101011100111101101011110010000011011010
1011001111100011111001110011100011111101111110111001110010101111011010
1011101011111001001000111111000010001001011110011001001000011011111010
1011010100100100110000011001110100000111000111011110100001001000111010
1011010100001000011110110111100110110100101000001110000001011100010010
1011010110010011011001010010011100101001010111101011011010111011100010
1010100111101011101000010110100110001111111010100100111101110000110010
1011011000001101101010101000001001010101010100011110000100010100011010
1011111110011000110111101000000100010001101010101100010001101101101010
1010001111011010101010010010101001001100000101000101110111100010101010
1010010001000101100000000101110111111001100111001101101101011100011010
1010000010001101111010101001001111110010111101010110111100110100011010
1010010111111011011001111101111111000100100011111011011010010111100010
1010000101000111111101010000000101000100100101110010110100000111001010
