1110011000111111110110001101100101000000000000000000000000000000000010
1110110111000101010000110100110010100000000000000000000000000000000010
1111010110001100111101010110101001100000000000000000000000000000000010
1110001100001001100011011101100001000000000000000000000000000000000010
1110010000001001110110010111110100100000000000000000000000000000000010
1110011101000010010111111000010110100000000000000000000000000000000010
1110010010001101111010010010001101100000000000000000000000000000000010
1110101111101001100001111101100100000000000000000000000000000000000010
1110010101100111110101000011011100100000000000000000000000000000000010
1111001000110011000100010100001011000000000000000000000000000000000010
1111101111110110010101111001111011100000000000000000000000000000000010
1110110110101110010101001100111010100000000000000000000000000000000010
1111100100111101000111111010001011100000000000000000000000000000000010
1110001100111010001101100101001111100000000000000000000000000000000010
1111111111101101111010001000110010000000000000000000000000000000000010
1110010000010001010010110111111110000000000000000000000000000000000010
1110000111000000000100101110111100100000000000000000000000000000000010
1111101111101111011011100000111111000000000000000000000000000000000010
1111111111010010010100111111111011100000000000000000000000000000000010
1111010001000000110001110110001100000000000000000000000000000000000010
1111110000010111011000101110101100100000000000000000000000000000000010
1111001100100000000010001001000001100000000000000000000000000000000010
1110011010011000101110100110111010100000000000000000000000000000000010
1111001010000000001010011100101110000000000000000000000000000000000010
1110010000000100111001111101110001000000000000000000000000000000000010
1111010111010001111111000110111111000000000000000000000000000000000010
1110010101011000100010100110011101100000000000000000000000000000000010
1111110001100001101101010001110100100000000000000000000000000000000010
1110100100000010011001011011010000000000000000000000000000000000000010
1111101111101010010011001011111101000000000000000000000000000000000010
1111101111111100101111110011001000100000000000000000000000000000000010
1110111000110110101101001111110000000000000000000000000000000000000010
1111101101110000111111011001110111100000000000000000000000000000000010
1111000101100011000111000101111011000000000000000000000000000000000010
1111100111111101011010011100111110000000000000000000000000000000000010
1110000101010101100110110101010111100000000000000000000000000000000010
1110011101100100101010011100110111100000000000000000000000000000000010
1111011111101000010101011100100101000000000000000000000000000000000010
1111011010001001111101100010011000100000000000000000000000000000000010
1111100111000001000010100100100000000000000000000000000000000000000010
1110010010101010010010011010011110100000000000000000000000000000000010
1111111101011110000000000110001111100000000000000000000000000000000010
1111100000000100111000011111100010000000000000000000000000000000000010
1111010011010101100100111110110110000000000000000000000000000000000010
1110000110101011110010111110100100100000000000000000000000000000000010
1111110010001101000001001000111011100000000000000000000000000000000010
1111000010011101000111101111100100100000000000000000000000000000000010
1111111000000011100101111110100000000000000000000000000000000000000010
1110001110001000110001110010010110100000000000000000000000000000000010
1111111111101111100000110101011001000000000000000000000000000000000010
1111010100111110000010110111010010100000000000000000000000000000000010
1110001001010000011000110010001101000000000000000000000000000000000010
1111101000001000011111111011010000100000000000000000000000000000000010
1110101100010101101011101100111111000000000000000000000000000000000010
1110110111001010010101101101011000100000000000000000000000000000000010
1111000001110001000000111000011001000000000000000000000000000000000010
1111011101000111000001110011100100000000000000000000000000000000000010
1111010111100100010111110110110001100000000000000000000000000000000010
1111111101110000010001001110000001100000000000000000000000000000000010
1110001011111010001011110110111101000000000000000000000000000000000010
1110111011101011110001100110111111100000000000000000000000000000000010
1110010100100000001010101111110011100000000000000000000000000000000010
1111110010110101001011010001001001100000000000000000000000000000000010
1110010000011110000011000111111100000000000000000000000000000000000010
1111010001010001101111111111111011100000000000000000000000000000000010
1111010001010001101111111111111011100000000000000000000000000000000010
1110011100110000101111100101000100000000000000000000000000000000000010
1110101101111001001010011111101000000000000000000000000000000000000010
1110110001111100011001111111101001100000000000000000000000000000000010
1111000000011110100110001110110101100000000000000000000000000000000010
1110011010001110001110110101000111000000000000000000000000000000000010
1110011110001111010101100111010010100000000000000000000000000000000010
1111010000100100001011101011110111000000000000000000000000000000000010
1110101110100100101110101001010000100000000000000000000000000000000010
1110001000100101001011000000000111000000000000000000000000000000000010
1111000100011000100101111011110101000000000000000000000000000000000010
1110110001011001001001100111100010000000000000000000000000000000000010
1111111110001111100110101101111110100000000000000000000000000000000010
1110011000001110101100100000101111100000000000000000000000000000000010
1111010111000000010111011010001110000000000000000000000000000000000010
1111000111011001010100110011001001000000000000000000000000000000000010
1111100011010110011101101000100100100000000000000000000000000000000010
1111011111010100100110000011110100100000000000000000000000000000000010
1111011000010000010010001101011110100000000000000000000000000000000010
1111000101110100101000110011000001000000000000000000000000000000000010
1110010010111100011011101000000000000000000000000000000000000000000010
1111100100000000100011111011000000100000000000000000000000000000000010
1111100110111101100001100110001110000000000000000000000000000000000010
1110000101110110010011001001101111000000000000000000000000000000000010
1111010010100101101000111110110000000000000000000000000000000000000010
1111001000001000111111001111000001000000000000000000000000000000000010
1111110011000101101000101000010111000000000000000000000000000000000010
1110011101011010111110100111011101000000000000000000000000000000000010
1111001010111111000001011011111000000000000000000000000000000000000010
1111010110011100000010000000111000000000000000000000000000000000000010
1110111001000010000100100011100001000000000000000000000000000000000010
1110110101010100101110101110011011100000000000000000000000000000000010
1110100000100001001010000111101110000000000000000000000000000000000010
1110110101010101011111110010111010000000000000000000000000000000000010
1110100000000110010011010011101011100000000000000000000000000000000010
1111000101100101011100011110111110000000000000000000000000000000000010
1111000100011001110011000110101110000000000000000000000000000000000010
1110110000110001100111000110100011000000000000000000000000000000000010
1110100011010011110101111101110011000000000000000000000000000000000010
1110101001000100011001101100000111100000000000000000000000000000000010
1110101010111010000011010111000000100000000000000000000000000000000010
1111110010000100001101010100000101000000000000000000000000000000000010
1111100010011101010101100100000011000000000000000000000000000000000010
1110110100100000000001110001111100000000000000000000000000000000000010
1111001101010110101000111100011100000000000000000000000000000000000010
1111110010110101010011000011010011100000000000000000000000000000000010
1111100000111011010000110001011111000000000000000000000000000000000010
1111110000011010010101011110001001100000000000000000000000000000000010
1110010010101011101101110001110000100000000000000000000000000000000010
1111000000010010111011110100111110100000000000000000000000000000000010
1111000001110001100011110101011011100000000000000000000000000000000010
1111000111001000100111100100101100100000000000000000000000000000000010
1110111010000100100100111000000010000000000000000000000000000000000010
1110001011001010010111100000001110000000000000000000000000000000000010
1111010101001111101001110000000101100000000000000000000000000000000010
1111111111111101010111111100001101000000000000000000000000000000000010
1110101100100001110101110111001000100000000000000000000000000000000010
1110100111100010000000010101011110000000000000000000000000000000000010
1110110100001110000111101000001011000000000000000000000000000000000010
1111000010101010100001011111101000100000000000000000000000000000000010
1110001011000110111110100001011110100000000000000000000000000000000010
1110000111011010110001100011111101000000000000000000000000000000000010
1111000010110100001010000001011100000000000000000000000000000000000010
1110100101111110110100011100001000100000000000000000000000000000000010
1110110011010000010010101100101001000000000000000000000000000000000010
1111010110111011101000100111110110000000000000000000000000000000000010
1111000100000010001111100111110000000000000000000000000000000000000010
1111101111010101010101001000001111100000000000000000000000000000000010
1110010011000000010110011101001101100000000000000000000000000000000010
1111110010011111101100110110110101100000000000000000000000000000000010
1111100110000110100011111101111101100000000000000000000000000000000010
1110100101100101011101001101001111100000000000000000000000000000000010
1110001011000000000101010011000001000000000000000000000000000000000010
1111111100110000010010100010111010100000000000000000000000000000000010
1110010101110011010101001111010001100000000000000000000000000000000010
1110011100000110101101101001111101100000000000000000000000000000000010
1110100101011100001111000011111111100000000000000000000000000000000010
1110110000111001011010111010010100100000000000000000000000000000000010
1110100111000001110001001001110001100000000000000000000000000000000010
1110011001101101000010001010010011100000000000000000000000000000000010
1111100000100001110100011000011100100000000000000000000000000000000010
1110000110010000110010100110110000000000000000000000000000000000000010
1111001101011001100001101000010110100000000000000000000000000000000010
1110011001011001100111000001001111000000000000000000000000000000000010
1110100100000011001100111010011001000000000000000000000000000000000010
1110101000000001111010110110000110100000000000000000000000000000000010
1110011011010001010001111001011111000000000000000000000000000000000010
1110111111000010001111001011011111000000000000000000000000000000000010
1111001100010100000101011011101100000000000000000000000000000000000010
1111011000100101110000001110101111000000000000000000000000000000000010
1110011001001101011111010111011011100000000000000000000000000000000010
1110001111011010001010101010011111000000000000000000000000000000000010
1111010000000100100011100111001100100000000000000000000000000000000010
1111000000000010101010011011001110100000000000000000000000000000000010
1111001011011001001110001100001011100000000000000000000000000000000010
1110110100000111101101111010111010100000000000000000000000000000000010
1110000111100010010101001111101111000000000000000000000000000000000010
1110011101000001111111000000110000000000000000000000000000000000000010
1110111001010101100111100110000011100000000000000000000000000000000010
1110110110000000011011110011101011000000000000000000000000000000000010
1111101111110000000100011110010110100000000000000000000000000000000010
1110111011111010101110100111010111100000000000000000000000000000000010
1110110011001110111100011101011110000000000000000000000000000000000010
1110010101000001100011001011101000100000000000000000000000000000000010
1111100001101100010101111111111110100000000000000000000000000000000010
1111010100101111001111100011111110100000000000000000000000000000000010
1110101011101101101110000101111110100000000000000000000000000000000010
1110100001011101011110100111100101000000000000000000000000000000000010
1110100110000000111101100101001111100000000000000000000000000000000010
1110010001100101010001100001101010000000000000000000000000000000000010
1110101110100101011100111000000010000000000000000000000000000000000010
1110101101001000100110101101101011000000000000000000000000000000000010
1110111010000100110110010000001101000000000000000000000000000000000010
1110001111000011101000010100011110100000000000000000000000000000000010
1111100001110110011000001101010101000000000000000000000000000000000010
1110001011111010000100111001011001000000000000000000000000000000000010
1111010010000111001101100011011010100000000000000000000000000000000010
1111101000000000000001111010100111100000000000000000000000000000000010
1110000011110111001110110101111101000000000000000000000000000000000010
1111000111111010110101101111101001100000000000000000000000000000000010
1110110110001000101001010111111001100000000000000000000000000000000010
1110000011010111101101010111101011000000000000000000000000000000000010
1111011111111101100001001010101111100000000000000000000000000000000010
1111000001001100111011010001101010100000000000000000000000000000000010
1111110000111100001111001111111111000000000000000000000000000000000010
1111001010100100100001100111100110100000000000000000000000000000000010
1110100001001111000011001000111111100000000000000000000000000000000010
1111011110110101001111010011011000000000000000000000000000000000000010
1111111100101011000110100111100001100000000000000000000000000000000010
1110101111100111000110111111011011100000000000000000000000000000000010
1110011001011010011011101010110100000000000000000000000000000000000010
1111100100100001100010011111101010100000000000000000000000000000000010
1110110010101101001000000010010000000000000000000000000000000000000010
1110000000110100011100010010000001100000000000000000000000000000000010
1110111011011101000001111100011111000000000000000000000000000000000010
1110100000110000100010100111000001000000000000000000000000000000000010
1111100010000111000100110001011110000000000000000000000000000000000010
1110011111010111010111000011111000000000000000000000000000000000000010
1111111110011001011101110011010011100000000000000000000000000000000010
1111001101100111001011111011100000100000000000000000000000000000000010
1110101000000001011011100001011011100000000000000000000000000000000010
1111111000001111100101101111111111000000000000000000000000000000000010
1110110000010101000101110010001000100000000000000000000000000000000010
1110001111011000001011111111011010100000000000000000000000000000000010
1111111000100000110110110101111001100000000000000000000000000000000010
1111110001010111101000010000101000100000000000000000000000000000000010
1111001110001001010111001011110100000000000000000000000000000000000010
1111101011010101000000000111111111100000000000000000000000000000000010
1111000111000000101100001011101000000000000000000000000000000000000010
1110110100100011000001001100110010100000000000000000000000000000000010
1110111010000000010110001101010111100000000000000000000000000000000010
1111001101000111010010100100001111000000000000000000000000000000000010
1110000111011100111000011000001110100000000000000000000000000000000010
1111111000100011010011100110010110100000000000000000000000000000000010
1110011101101110000001001111001111000000000000000000000000000000000010
1111011101000110110100101001011111000000000000000000000000000000000010
1110001110001110000101011010001111100000000000000000000000000000000010
1111100011001001001110111101110000100000000000000000000000000000000010
1111011110101101011011100110000110000000000000000000000000000000000010
1111000111100010011011110101111000100000000000000000000000000000000010
1110111001101111011110011001111011000000000000000000000000000000000010
1111110011000011100111111101111110000000000000000000000000000000000010
1110001110001101111011100100101000000000000000000000000000000000000010
1111110110101010000011000000101001100000000000000000000000000000000010
1110111101101011101110110110010011100000000000000000000000000000000010
1111000000001010101111001101111010100000000000000000000000000000000010
1110100110011100111101001101000100100000000000000000000000000000000010
1110111010110010011111101010100010100000000000000000000000000000000010
1111000000100110100110010101000110100000000000000000000000000000000010
1111000000011011001110111010110001000000000000000000000000000000000010
1110000110101001111000001101000100000000000000000000000000000000000010
1111000001010011101010100000100111000000000000000000000000000000000010
1111100000010101000001011101011110100000000000000000000000000000000010
1111001011100101001011100011010000100000000000000000000000000000000010
1110110001001011000001110111111000100000000000000000000000000000000010
1111000100101011000011100111000011000000000000000000000000000000000010
1110100110100100010101001011001101000000000000000000000000000000000010
1111001111101010011101110001010100100000000000000000000000000000000010
1111001011111110011010000000111111000000000000000000000000000000000010
1110101000101001000000000000110100100000000000000000000000000000000010
1111100111000110011001111001101110100000000000000000000000000000000010
1111001111101010011101110001010100100000000000000000000000000000000010
1110001101101100000011101001111110100000000000000000000000000000000010
1111001001101010100010001001001010100000000000000000000000000000000010
1110111111100110010101111001000111100000000000000000000000000000000010
1110100100011111101011110001110100100000000000000000000000000000000010
1111100000000100001110000100100100100000000000000000000000000000000010
1110000110001001100000110111101111100000000000000000000000000000000010
1111101100110111010100001100111100000000000000000000000000000000000010
1110000001011110001100000010101110000000000000000000000000000000000010
1110000000100000010100110111001001000000000000000000000000000000000010
1111001110111001010110010101011001000000000000000000000000000000000010
1110000011001111100101010110100001100000000000000000000000000000000010
1110011001100010011100011011101010100000000000000000000000000000000010
1110001000000100110101010111110011100000000000000000000000000000000010
1110101111110100110111001011001000000000000000000000000000000000000010
1110111011100100110110000010110111100000000000000000000000000000000010
1111100001101100101111111111000101100000000000000000000000000000000010
1110111101111110000101101101101011000000000000000000000000000000000010
1111111101100000011010111011000010100000000000000000000000000000000010
1111001111010111111101101110001000000000000000000000000000000000000010
1110001111101010100000011100101001100000000000000000000000000000000010
1110010101101100000110101001101100100000000000000000000000000000000010
1110111101001011001111001101100011000000000000000000000000000000000010
1110100001010101110000000100110110100000000000000000000000000000000010
1111001111111011100110010010110011000000000000000000000000000000000010
1111101101110110001000101000011100100000000000000000000000000000000010
1110001111101000001010111010111010100000000000000000000000000000000010
1110000011000111000110101000100111100000000000000000000000000000000010
1111000011100100110000110001100110000000000000000000000000000000000010
1111101011110001011011101000010110100000000000000000000000000000000010
1111000101001001100011001111111001000000000000000000000000000000000010
1110110000100001000101111001110110100000000000000000000000000000000010
1111100100100000010010011101101101000000000000000000000000000000000010
1111001010101100100000101010110101000000000000000000000000000000000010
1110101001101000101110101111000011100000000000000000000000000000000010
1110111110011000110010111110010001000000000000000000000000000000000010
1111100001101010001010101001110110000000000000000000000000000000000010
1110110111101100000010010101011111000000000000000000000000000000000010
1110001101110110100010010100100110000000000000000000000000000000000010
1110111110111111100101001100100100000000000000000000000000000000000010
1111110011001010010001101111001010000000000000000000000000000000000010
1110011110000101000100101100100110100000000000000000000000000000000010
1110000001001010011101111000111000100000000000000000000000000000000010
1110111110010011110100100101001100000000000000000000000000000000000010
1111100100100101111111101010011110100000000000000000000000000000000010
1111011010011001110000011001100010000000000000000000000000000000000010
1110111110000001001000011011100101100000000000000000000000000000000010
1111110101011010010110101101001101000000000000000000000000000000000010
1111010000011011011100111111011011100000000000000000000000000000000010
1110111010010001010100110010000111100000000000000000000000000000000010
1111001101101101000100000111100110100000000000000000000000000000000010
1110101001000010010011110001100110000000000000000000000000000000000010
1110001110100011110111001111100001100000000000000000000000000000000010
1111101100001101001111001101001110100000000000000000000000000000000010
1111010110010110001010001111101111100000000000000000000000000000000010
1110100110011100100011110000001111100000000000000000000000000000000010
1110011001010110010010111100011011100000000000000000000000000000000010
1111010000100101011111001101011010100000000000000000000000000000000010
1111000000010100101010101010101011100000000000000000000000000000000010
1111100001101100000011000110100011000000000000000000000000000000000010
1110111010011101100101000010110100100000000000000000000000000000000010
1111000010010000000011111101111111100000000000000000000000000000000010
1111000100111100111110110011011101100000000000000000000000000000000010
1110001011011001110111111110101111100000000000000000000000000000000010
1110111111001100110111111010100111100000000000000000000000000000000010
1110111100101010000010111101011000000000000000000000000000000000000010
1111001100101000101101101011110100000000000000000000000000000000000010
1110010110111001011010001010100010000000000000000000000000000000000010
1111100110001000011010101111011001100000000000000000000000000000000010
1111001111000010001111111100110000100000000000000000000000000000000010
1110011000100001101011001010100101000000000000000000000000000000000010
1110010010110100001000011011100000000000000000000000000000000000000010
1110011011010000001111100011011101100000000000000000000000000000000010
1110000000100000010000110000100100000000000000000000000000000000000010
1111011000111100110010101101111110100000000000000000000000000000000010
1111000010110100110110011000110101100000000000000000000000000000000010
1110101100111101001111010011010111100000000000000000000000000000000010
1111101001001101100111000100110001100000000000000000000000000000000010
1110011000111111111000011101001110000000000000000000000000000000000010
1110001110001100100111001101111101100000000000000000000000000000000010
1110001101011011011110111111111101000000000000000000000000000000000010
1110101111001000111010101101011110100000000000000000000000000000000010
1111010011010110100111011000001011100000000000000000000000000000000010
1110101110001011110100101011010111000000000000000000000000000000000010
1110100110011010110110011111111111000000000000000000000000000000000010
1111000100100010010101101100101000100000000000000000000000000000000010
1110000001111110011010100101110111100000000000000000000000000000000010
1110001010101011001110011011101110000000000000000000000000000000000010
1111011110010110100110110011011100000000000000000000000000000000000010
1110100000100000100011001010111111100000000000000000000000000000000010
1110011100001000001010101111100000000000000000000000000000000000000010
1111000011110001101110001111000100100000000000000000000000000000000010
1111100011110001100111000011101100100000000000000000000000000000000010
1111111011110001110100001111010111100000000000000000000000000000000010
1110001011011100101101001110111000000000000000000000000000000000000010
1110110111101010101100010000011110000000000000000000000000000000000010
1111110010101010010001001010011000100000000000000000000000000000000010
1110110110101110110110001111010100100000000000000000000000000000000010
1110000110001010001010110110110010000000000000000000000000000000000010
1110011000011001011101001010000110100000000000000000000000000000000010
1111101100001000001000101001000110100000000000000000000000000000000010
1110000000101110001001000011000001100000000000000000000000000000000010
1110000110011010100100100110110101000000000000000000000000000000000010
1111110000011111011100111111000001100000000000000000000000000000000010
1110101100010001011001111011001100100000000000000000000000000000000010
1110011111001001111001101010001011000000000000000000000000000000000010
1110010110100010101011110111011001100000000000000000000000000000000010
1110100101101010011111010100101011100000000000000000000000000000000010
1111101001100110011100000011111110000000000000000000000000000000000010
1111011110010010010011000110111101000000000000000000000000000000000010
1110000011000000001110101010100100100000000000000000000000000000000010
1111111100100010111100111101100111000000000000000000000000000000000010
1110010111110011100111111101101010100000000000000000000000000000000010
1110110000111010111111111101010011000000000000000000000000000000000010
1111000001110001011010010101110110100000000000000000000000000000000010
1111111010011001111101011111100011100000000000000000000000000000000010
1110000011001010001010110101110101000000000000000000000000000000000010
1111110000111111101001101001111011100000000000000000000000000000000010
1110101011000100010011111000111000000000000000000000000000000000000010
1111001011100010010101001011001010000000000000000000000000000000000010
1111101001100010111010001101101111100000000000000000000000000000000010
1110100110010001110001111101111111000000000000000000000000000000000010
1110001000100011000010011000111101000000000000000000000000000000000010
1111111010001110011111100000101000000000000000000000000000000000000010
1111100011110001010011110101011110000000000000000000000000000000000010
1110000100000000110011001000101111100000000000000000000000000000000010
1111101011111111010100000000111101100000000000000000000000000000000010
1111111010111011110100001100000110100000000000000000000000000000000010
1110111011101101011101010100110111000000000000000000000000000000000010
1110001110010000101001110111010010000000000000000000000000000000000010
1111010000111101101101011001111111100000000000000000000000000000000010
1111111001011101011101001000010001000000000000000000000000000000000010
1110010000000101011001100111010001100000000000000000000000000000000010
1111111100110101111010111101010010100000000000000000000000000000000010
1111001000010100001100001110011011100000000000000000000000000000000010
1111011111001101000101111011000110100000000000000000000000000000000010
1111101001010001001010011100011101100000000000000000000000000000000010
1110101000011100000010101011000111100000000000000000000000000000000010
1110001000011000000110100100110101100000000000000000000000000000000010
1111100101010110001100000011001111100000000000000000000000000000000010
1111011000101000000111110000011110100000000000000000000000000000000010
1110100010111001111100001011010011100000000000000000000000000000000010
1110010011110000011010010100111000100000000000000000000000000000000010
1110111010110100001000000100111011000000000000000000000000000000000010
1111011000111101001010110101011001000000000000000000000000000000000010
1110000110110100011111110111100011100000000000000000000000000000000010
1110101110110010010110000000101011100000000000000000000000000000000010
1110110100000101110001111110000110100000000000000000000000000000000010
1111101010110100010011011101100011100000000000000000000000000000000010
1111001010100001100011110000010010100000000000000000000000000000000010
1110110000111111001110010010101011000000000000000000000000000000000010
1110000001010010111010101010001010000000000000000000000000000000000010
1111010000100101000000011010100000100000000000000000000000000000000010
1111001010100100010000101000101111000000000000000000000000000000000010
1111110111111011001100011000101100000000000000000000000000000000000010
1110010101110010010111100001111011000000000000000000000000000000000010
1111101000110101101011001010100000000000000000000000000000000000000010
1110010110000110010000000000101010100000000000000000000000000000000010
1111100101111011000100111010110100000000000000000000000000000000000010
1111000111011110000111001111101110100000000000000000000000000000000010
1110001101101110000000011001100001000000000000000000000000000000000010
1111010100010010110010011110100011000000000000000000000000000000000010
1110101000111111011101110010110010000000000000000000000000000000000010
1110010100101011110001001111100011000000000000000000000000000000000010
1110000111001000001010010110110101100000000000000000000000000000000010
1110100000011100100110101100100001000000000000000000000000000000000010
1110011000101100001100011011001111000000000000000000000000000000000010
1111111001100110000001101100110100000000000000000000000000000000000010
1111100110011000011010101100000001100000000000000000000000000000000010
1111110000001010111011100111110100000000000000000000000000000000000010
1110011001001011001010000011001001000000000000000000000000000000000010
1111110010101001101011101111010000000000000000000000000000000000000010
1110100011100000000000001010111001100000000000000000000000000000000010
1110001010001001111101100110101001000000000000000000000000000000000010
1110000011011010001101100000111011100000000000000000000000000000000010
1110111111110000110111111111101100100000000000000000000000000000000010
1110110011000000001111001011111110000000000000000000000000000000000010
1110100111100010101101100001100101000000000000000000000000000000000010
1110010010110000010101001010111110000000000000000000000000000000000010
1110111010101101111101001010010110000000000000000000000000000000000010
1110011101000011000010111110101110000000000000000000000000000000000010
1110100100001111011010110101110101000000000000000000000000000000000010
1110011011100101100010000111000010000000000000000000000000000000000010
1111100011110000101000101000101101000000000000000000000000000000000010
1110010101111010011101110101000110100000000000000000000000000000000010
1111010010010111001000111111011111100000000000000000000000000000000010
1110111100111000100100111111000010100000000000000000000000000000000010
1111010000100001011010111111110101100000000000000000000000000000000010
1111000001000111010111100101000000000000000000000000000000000000000010
1111111010011010001011110010110001000000000000000000000000000000000010
1111011111010010111100000111110110000000000000000000000000000000000010
1110101011100100101000000110101111100000000000000000000000000000000010
1111011010101000100111010010000001000000000000000000000000000000000010
1110010000010101001110100000100101000000000000000000000000000000000010
1111011011010010101011111110000111100000000000000000000000000000000010
1110111100001100011000011011011010100000000000000000000000000000000010
1110001010100011001110101000100101000000000000000000000000000000000010
1111100100000011000011011010010000000000000000000000000000000000000010
1111101001010101001100100111001100100000000000000000000000000000000010
1110101011100011010011101110001000100000000000000000000000000000000010
1111100110100100100111111100000111100000000000000000000000000000000010
1110110000100100011101111100011100100000000000000000000000000000000010
1111111011000111101111000100110111100000000000000000000000000000000010
1110100111001111101101010101101001000000000000000000000000000000000010
1110010111001111110011011110000100000000000000000000000000000000000010
1111111000111001010011000000111000000000000000000000000000000000000010
1111100000111011000110110110001011000000000000000000000000000000000010
1110001110011011111110000101011101100000000000000000000000000000000010
1110001101111101110101010010101110000000000000000000000000000000000010
1110100101110101001001011011101100100000000000000000000000000000000010
1110001110101001110100001111000100000000000000000000000000000000000010
1110111000000110001111011101111001000000000000000000000000000000000010
1110100011111111100001010011000111100000000000000000000000000000000010
1111011100000010011100000101100110000000000000000000000000000000000010
1110100101000001011110001000000101000000000000000000000000000000000010
1110110001000011011111100110101101100000000000000000000000000000000010
1110101101100000001100010111000101000000000000000000000000000000000010
1111010001110010001100011111110111000000000000000000000000000000000010
1111000110000110010101000111010010100000000000000000000000000000000010
1111110101101001001011111101001101100000000000000000000000000000000010
1111001100101010010110101110110010100000000000000000000000000000000010
1110100010011110100001101011001101100000000000000000000000000000000010
1111100110010101010011010011111100000000000000000000000000000000000010
1110011001001001111101010101011001000000000000000000000000000000000010
1111000101100100101100111101100000100000000000000000000000000000000010
1110111001010110010010001101010110100000000000000000000000000000000010
1111101010000010001000010110101111000000000000000000000000000000000010
1110001100011001110111001111111111100000000000000000000000000000000010
1110110010111011101111011110111110100000000000000000000000000000000010
1111111000101011001011000101010011100000000000000000000000000000000010
1110010101101010001100110110110100100000000000000000000000000000000010
1111000110110000100010110101011101100000000000000000000000000000000010
1110000101001111111101001110100000000000000000000000000000000000000010
1110111101110101010000111010100011100000000000000000000000000000000010
1110001010111011011010111100110100000000000000000000000000000000000010
1111111010001000010101110011110101000000000000000000000000000000000010
1111110011111010011001011100101100000000000000000000000000000000000010
1111010101110011010011111000101111100000000000000000000000000000000010
1111011110011100101111111110110100100000000000000000000000000000000010
1110000111001100100100110011110111000000000000000000000000000000000010
1111011010001101010011000011010011000000000000000000000000000000000010
1111100011001000011011011101110100100000000000000000000000000000000010
1111101100010011111101101101000011000000000000000000000000000000000010
1110100111000000000111010111110011000000000000000000000000000000000010
1111100110001001111111000110000001000000000000000000000000000000000010
1111001001011010110101110111100100000000000000000000000000000000000010
1110001101000100010001000010111101000000000000000000000000000000000010
1111111001000101011100101111111111000000000000000000000000000000000010
1110010010100000000001001110111000000000000000000000000000000000000010
1110101011001101101101001101101001000000000000000000000000000000000010
1111010100100100000010010011010010100000000000000000000000000000000010
1111000001101000111011110111100010000000000000000000000000000000000010
1110100100100100000001100011111000000000000000000000000000000000000010
1111010000100101011101011110110110100000000000000000000000000000000010
1111000110111010010001110011110101100000000000000000000000000000000010
1111000011001110100100101001000011100000000000000000000000000000000010
1110100100100111100001100000000011100000000000000000000000000000000010
1111010110110110001110010100000010100000000000000000000000000000000010
1110111010011110011110100000001100000000000000000000000000000000000010
1111000101101100001010111010101011100000000000000000000000000000000010
1110001100000110110100000110001111000000000000000000000000000000000010
1111000101100110000001111101001100000000000000000000000000000000000010
1110000100011011110000110010101001100000000000000000000000000000000010
1110001100010100101000111011110111100000000000000000000000000000000010
1110110010111111001110000100001100100000000000000000000000000000000010
1111011100100000000111010101001100000000000000000000000000000000000010
1111100000100010011110111110011101000000000000000000000000000000000010
1111000011011011111111010110001100100000000000000000000000000000000010
1111111001110111000001100111111110000000000000000000000000000000000010
1110100111100100100010110010010101000000000000000000000000000000000010
1111100110011000111011011011110101000000000000000000000000000000000010
1111110010001011110010101101100001000000000000000000000000000000000010
1110011000100010000010000001001111100000000000000000000000000000000010
1111101110111000011100001000101000000000000000000000000000000000000010
1110110111011001111100110010000111100000000000000000000000000000000010
1111111001000001000110010011001111100000000000000000000000000000000010
1110111111101000000101011011001111100000000000000000000000000000000010
1110010010010010001101101111010000000000000000000000000000000000000010
1110001011010111101110011011111111000000000000000000000000000000000010
1110001100010000001100000111001001000000000000000000000000000000000010
1110011010000001101011110100011101100000000000000000000000000000000010
1110011000010000010101011111010111000000000000000000000000000000000010
1110001111000110100010010101101000100000000000000000000000000000000010
1110110010001110101100010110101011100000000000000000000000000000000010
1110010011011000010111111111010000100000000000000000000000000000000010
1111100100100110100111101101111001100000000000000000000000000000000010
1111011010000110101001111110001011100000000000000000000000000000000010
1110110100000111101110000111000001100000000000000000000000000000000010
1110010000100100001010110110001110000000000000000000000000000000000010
1111101000100110000011001010000011000000000000000000000000000000000010
1111101010011101110110011111111111100000000000000000000000000000000010
1111000110001110110101001101001001000000000000000000000000000000000010
1110001010001100111011111100110010100000000000000000000000000000000010
1111000010001101110111111110000100000000000000000000000000000000000010
1111011111010111010101110110101001100000000000000000000000000000000010
1110000101100101101101100110010001000000000000000000000000000000000010
1111010011001011010011011000010010100000000000000000000000000000000010
1111110100101100010010111110101001000000000000000000000000000000000010
1111101000000101010101001111011110100000000000000000000000000000000010
1111011001110001000101010110010011100000000000000000000000000000000010
1110101111011001110111111101111110000000000000000000000000000000000010
1111011100100000101101111000100011100000000000000000000000000000000010
1110000111101100011011111111111110100000000000000000000000000000000010
1111101001111000110001111100000101000000000000000000000000000000000010
1111101000001100010011110000010101100000000000000000000000000000000010
1111111010100000011100001001010010000000000000000000000000000000000010
1111100110011110100011001011011011000000000000000000000000000000000010
1111001101100010100001110100111000000000000000000000000000000000000010
1111011010110001010010000001101111000000000000000000000000000000000010
1110101110100010001101010010011001000000000000000000000000000000000010
1111000001000100001111111010101101100000000000000000000000000000000010
1111000100100000110010100110110001000000000000000000000000000000000010
1110100010110010001110111010010000100000000000000000000000000000000010
1111110010010010000110100001110111000000000000000000000000000000000010
1110111111011000000001111100110111100000000000000000000000000000000010
1111010110100100111011100011011100100000000000000000000000000000000010
1110111111101001000111110101000010100000000000000000000000000000000010
1111101111101001101011010101010011100000000000000000000000000000000010
1111100011101110101111010000101001000000000000000000000000000000000010
1111100100100010110111100001101101100000000000000000000000000000000010
1111101000011000100101100011101000100000000000000000000000000000000010
1110001100101011101010011111001011000000000000000000000000000000000010
1111111100001101001001010001111010000000000000000000000000000000000010
1110110100010011111100100000101000100000000000000000000000000000000010
1111100110011111100011001011101001100000000000000000000000000000000010
1111011110110110001001101100100001100000000000000000000000000000000010
1110100110000101111110110001000010000000000000000000000000000000000010
1110011111010101100101001110100101100000000000000000000000000000000010
1110111011110000110111101010111100000000000000000000000000000000000010
1110011110111110110011010010110110100000000000000000000000000000000010
1111111000010000000101011000001100100000000000000000000000000000000010
1111110100110010000000111110111011100000000000000000000000000000000010
1110110100100000101111110111101010100000000000000000000000000000000010
1110011111101100111011011001111000100000000000000000000000000000000010
1111101001101000100101010001101111100000000000000000000000000000000010
1111111001110010100110100010011101000000000000000000000000000000000010
1111010010100001111111001111110001000000000000000000000000000000000010
1110000011111011100101101001111101100000000000000000000000000000000010
1110000001001101110101010101100010000000000000000000000000000000000010
1111000101111110100010100010011000100000000000000000000000000000000010
1111111010001111000111000010100111100000000000000000000000000000000010
1110000001000110010000001010101100100000000000000000000000000000000010
1110100100110000011011100001000011100000000000000000000000000000000010
1111000001110110111100000110011110000000000000000000000000000000000010
1110111001100100100111000011010100000000000000000000000000000000000010
1110010011011100001101111000100101100000000000000000000000000000000010
1111001101001001011001000000000011100000000000000000000000000000000010
1111000111010001100011110010101101100000000000000000000000000000000010
1110111100100101110111000010010010000000000000000000000000000000000010
1110001111110110001011001111100110100000000000000000000000000000000010
1111100101100011001101001100101010000000000000000000000000000000000010
1111000101011011010001010001101101100000000000000000000000000000000010
1111001101100000100101100101010101000000000000000000000000000000000010
1110011100100100010111010101011101100000000000000000000000000000000010
1111101111011100001110111111111000000000000000000000000000000000000010
1111100100111111111100110001111111100000000000000000000000000000000010
1110110101001100101110000001011100000000000000000000000000000000000010
1110111001100110010111010101111001100000000000000000000000000000000010
1111000101011000110110101001101000100000000000000000000000000000000010
1111001101011010101101011010010111100000000000000000000000000000000010
1110010111001110110110011111100010100000000000000000000000000000000010
1110010001100100000100111011000101100000000000000000000000000000000010
1111000001100001000111100111001111100000000000000000000000000000000010
1111011010011011000111011111101011100000000000000000000000000000000010
1111001001111000000000000111100101000000000000000000000000000000000010
1110000111100100101001001011110100000000000000000000000000000000000010
1111000011101001011100010011101110100000000000000000000000000000000010
1110111011111011110011110110111110000000000000000000000000000000000010
1111111110110010011100111010001101000000000000000000000000000000000010
1111001001000011001101000100101111000000000000000000000000000000000010
1110111011001101101110111111010110000000000000000000000000000000000010
1110000100101010100110011111001000000000000000000000000000000000000010
1111101010000010011000110101111100100000000000000000000000000000000010
1110011110101101110000011000111100100000000000000000000000000000000010
1111111011010000001111001110000011100000000000000000000000000000000010
1110001101001000000000000101011111100000000000000000000000000000000010
1110011110111000101001101110100101100000000000000000000000000000000010
1111000100111101010111111100010111000000000000000000000000000000000010
1111011011101000001011101000110111100000000000000000000000000000000010
1111111001001101010101101011111001000000000000000000000000000000000010
1110101101011011111110010110110011000000000000000000000000000000000010
1110010110000111100001010100010001000000000000000000000000000000000010
1110011000010100001011111110011011000000000000000000000000000000000010
1111011100111110100110111001110010100000000000000000000000000000000010
1111011111111110101111001000100010100000000000000000000000000000000010
1110001101101111101111011111111101100000000000000000000000000000000010
1110111000001010110011110110010111000000000000000000000000000000000010
1110001000000111101111110110011111000000000000000000000000000000000010
1111101000110010000100001101101111100000000000000000000000000000000010
1110100110100111101101100010011111000000000000000000000000000000000010
1111011010110101000010100011010000100000000000000000000000000000000010
1110101010001100000001111111010101100000000000000000000000000000000010
1111100110110100101100010001100101000000000000000000000000000000000010
1111011001001000100111001001010101100000000000000000000000000000000010
1110110000100111111000111101101010100000000000000000000000000000000010
1110110000101101010000101101111110000000000000000000000000000000000010
1110100100010111110101001101100000000000000000000000000000000000000010
1111001100111110011110010111011101000000000000000000000000000000000010
1110000101000110010110000101100000100000000000000000000000000000000010
1111000011000101101010110111100000100000000000000000000000000000000010
1110010001110110010011110011100011000000000000000000000000000000000010
1110001001011111100100111100000101100000000000000000000000000000000010
1110000110110000001001000111011001000000000000000000000000000000000010
1111110000011010010010110101010101000000000000000000000000000000000010
1111011011100011011000110010101001000000000000000000000000000000000010
1110101010000011101101111010011011100000000000000000000000000000000010
1111010011010001000101011101001000000000000000000000000000000000000010
1110001010000110100110010011110100000000000000000000000000000000000010
1110101001101100111010101011011110000000000000000000000000000000000010
1111111010101001000010110010110010000000000000000000000000000000000010
1111100110111000111101110110000001100000000000000000000000000000000010
1110010011000110011101110011101011100000000000000000000000000000000010
1110010111101110010111101110000101000000000000000000000000000000000010
1111101001011100001011111011101110100000000000000000000000000000000010
1111111100001001101110010111001010100000000000000000000000000000000010
1110110111100010001101001110101011100000000000000000000000000000000010
1111110110110010001000110100110010100000000000000000000000000000000010
1111000110100101000010111010000001000000000000000000000000000000000010
1110010111101111110101101011000110100000000000000000000000000000000010
1111010101101110101011010110001000000000000000000000000000000000000010
1110011011100110111100101111110000000000000000000000000000000000000010
1111001011100111011000100001001101100000000000000000000000000000000010
1111110010100011011010110111001101100000000000000000000000000000000010
1111110001111011111011110000111101000000000000000000000000000000000010
1111101011011001101110111110101001000000000000000000000000000000000010
1110000101010110010000110110010100100000000000000000000000000000000010
1110001001001000101000001011001000000000000000000000000000000000000010
1110010011111100010011110001101011100000000000000000000000000000000010
1110010000001010001111101101010001000000000000000000000000000000000010
1111100100110011100101111010001101100000000000000000000000000000000010
1110001100111000111100000110101001100000000000000000000000000000000010
1110010010011110101000001011101101100000000000000000000000000000000010
1110010011101001101010100101011010000000000000000000000000000000000010
1111111101000111100000110011100001100000000000000000000000000000000010
1111000101101101110000010010101001100000000000000000000000000000000010
1111110110001100000001000001101000100000000000000000000000000000000010
1111000000010000000100011010001110000000000000000000000000000000000010
1110000111011111000000000111100100100000000000000000000000000000000010
1110010001000011011010101001110110000000000000000000000000000000000010
1110001111000000001001101000011001100000000000000000000000000000000010
1110011101011010001100011011111100000000000000000000000000000000000010
1111011001111100000110000011111000000000000000000000000000000000000010
1110000010100000110100100110011000000000000000000000000000000000000010
1110110001000010011111110110011101000000000000000000000000000000000010
1111100001100010100101010001011000100000000000000000000000000000000010
1111100111010111001010000000111011100000000000000000000000000000000010
1110101110100000100101111101111111000000000000000000000000000000000010
1110011001010001110011111111110011000000000000000000000000000000000010
1111110101011000001110011000010100100000000000000000000000000000000010
1110110001101111101100000011111010100000000000000000000000000000000010
1111001001001000011101100001011111000000000000000000000000000000000010
1111100001110001001110101111100001000000000000000000000000000000000010
1110111111101110001010001110011110100000000000000000000000000000000010
1110000001011111011101101000110011100000000000000000000000000000000010
1110001101100001010100101101101000000000000000000000000000000000000010
1111100100101110000101010101101100100000000000000000000000000000000010
1110100011000011011110110101100110000000000000000000000000000000000010
1110110111110000011101001101011101100000000000000000000000000000000010
1110101101000110010000110010110011000000000000000000000000000000000010
1110111011100001100111111001101110000000000000000000000000000000000010
1111011001000111100101111100100111100000000000000000000000000000000010
1110110100100000101101111100100000100000000000000000000000000000000010
1111001111010001011101111111110010000000000000000000000000000000000010
1111101001101000101001101010111010000000000000000000000000000000000010
1111001000100010010001001110100110100000000000000000000000000000000010
1110011000100000111100000000100001100000000000000000000000000000000010
1111000110100101000111001010101001100000000000000000000000000000000010
1111100100101101101101010100001111000000000000000000000000000000000010
1111011011001010100101101110100000000000000000000000000000000000000010
1111110110000011010010010001111111100000000000000000000000000000000010
1111100111001000100101100101101100000000000000000000000000000000000010
1110000011111101001111010110110110100000000000000000000000000000000010
1111010110001100010100101110010101000000000000000000000000000000000010
1110110111111101111100001010011111000000000000000000000000000000000010
1111100011000001000000011000111101100000000000000000000000000000000010
1110100010010101110000111100100111100000000000000000000000000000000010
1111101101100000011011101110100110000000000000000000000000000000000010
1110010111111010011010110110001100000000000000000000000000000000000010
1110110011001110111110000011111100000000000000000000000000000000000010
1110100011011101101011000111010001100000000000000000000000000000000010
1111110010000100100001000010000000100000000000000000000000000000000010
1110111100110001000101011110010100100000000000000000000000000000000010
1110110111110001110110101101110100100000000000000000000000000000000010
1110000001010110000101010011000111000000000000000000000000000000000010
1111011101010101000110001001011110000000000000000000000000000000000010
1110011111111110101110011010001010100000000000000000000000000000000010
1111100011110011101001001110101111100000000000000000000000000000000010
1110111101110000001101001001010001000000000000000000000000000000000010
1110110000011011011010111100010110000000000000000000000000000000000010
1111001010111000010100010001010110000000000000000000000000000000000010
1111011001111011101000001101001100000000000000000000000000000000000010
1110001000001100101101111000100101000000000000000000000000000000000010
1110010000100110001101010110011110000000000000000000000000000000000010
1111001111100100110010110011011111100000000000000000000000000000000010
1111010101010001101100000010001001100000000000000000000000000000000010
1110101001100101110011110011110011000000000000000000000000000000000010
1110111010010101111101011110111000000000000000000000000000000000000010
1111111101000100100011101111001001100000000000000000000000000000000010
1110010011110000010010001101100111100000000000000000000000000000000010
1111000001000010110111001010110000000000000000000000000000000000000010
1110010001100010111001011110110001100000000000000000000000000000000010
1111011001111101000000111101011011000000000000000000000000000000000010
1111011011101100000100111001100110000000000000000000000000000000000010
1110110011011010001101111001100011000000000000000000000000000000000010
1110110101110010100110010101100011100000000000000000000000000000000010
1111000010001001010110001101010000100000000000000000000000000000000010
1110101000000001111000110111001111000000000000000000000000000000000010
1111110000000010101101001000100011100000000000000000000000000000000010
1110010101101110010101101111111100100000000000000000000000000000000010
1111000101100111110111100110100011100000000000000000000000000000000010
1110000110001111001000110011110010000000000000000000000000000000000010
1111110111101010001100011000101111100000000000000000000000000000000010
1111101110011110000111000110011100100000000000000000000000000000000010
1111111101000100100011101111001001100000000000000000000000000000000010
1111010000010110000100101010000001100000000000000000000000000000000010
1111001001011100010110100001110011000000000000000000000000000000000010
1110000110000101101100100001101001100000000000000000000000000000000010
1111100010111100001111001101001011000000000000000000000000000000000010
1111111011110110100110011101011111100000000000000000000000000000000010
1111001110100011111110101101001011100000000000000000000000000000000010
1110101000101101010001000101011111000000000000000000000000000000000010
1110010001000010110111011111010011000000000000000000000000000000000010
1110011011101010000011000111101100000000000000000000000000000000000010
1111111011001110111111000110110101100000000000000000000000000000000010
1111000111101110000001101101100101000000000000000000000000000000000010
1111010111100111001100111100111101000000000000000000000000000000000010
1111101001101110111111000000001000100000000000000000000000000000000010
1111010110110110111001111011010100100000000000000000000000000000000010
1111100000110010100010010101110111100000000000000000000000000000000010
1110001011001000011111001100100111100000000000000000000000000000000010
1110100100100010010011010111110100000000000000000000000000000000000010
1111101100001000000101010111000111100000000000000000000000000000000010
1110000001101000010010000111010110000000000000000000000000000000000010
1111101100001000000101010111000111100000000000000000000000000000000010
1110010110011100011111101010011001100000000000000000000000000000000010
1110011111101101100111010011100010000000000000000000000000000000000010
1111110011110011110001110110000000100000000000000000000000000000000010
1111100100110010000010000111011000100000000000000000000000000000000010
1110010000010110000111100111110011000000000000000000000000000000000010
1110000010001011101001011011000111100000000000000000000000000000000010
1110000001011000011111011101000011100000000000000000000000000000000010
1111000100010100000111101000111111100000000000000000000000000000000010
1111000010100010100001111101100011100000000000000000000000000000000010
1111101111010010101011101011000100100000000000000000000000000000000010
1110100001000101011100101111010110000000000000000000000000000000000010
1111010100000000011110110101111001100000000000000000000000000000000010
1111100000111010010000011010111110000000000000000000000000000000000010
1111100011001111011001000110100010100000000000000000000000000000000010
1111101101001101000100110100001000000000000000000000000000000000000010
1110100001100100110101101110001111100000000000000000000000000000000010
1110100011101110010000010110010110000000000000000000000000000000000010
1111000111000011000011111101111101000000000000000000000000000000000010
1111000011011100110011011110000110000000000000000000000000000000000010
1110010011100101111100111010000001100000000000000000000000000000000010
1110011010001111011100011110001111100000000000000000000000000000000010
1111110011100011101010110101110101000000000000000000000000000000000010
1110100100011011111000010110100010000000000000000000000000000000000010
1110110110010100000001101101010111000000000000000000000000000000000010
1110011010010011110100001001100011000000000000000000000000000000000010
1111100011010001011110111111101000100000000000000000000000000000000010
1110010100101101110000001101100011000000000000000000000000000000000010
1110000111110100100101110110011001000000000000000000000000000000000010
1110010110010011100001010000101000000000000000000000000000000000000010
1111111111110000011011101001101110100000000000000000000000000000000010
1110011100100101101001000110101101100000000000000000000000000000000010
1111100100110100101001010101001000100000000000000000000000000000000010
1111110010001010110011011100010110000000000000000000000000000000000010
1111000011101000100100111000001000100000000000000000000000000000000010
1110110100010101001001100110010101100000000000000000000000000000000010
1110001100011101010110001000001100100000000000000000000000000000000010
1111010100001101100101100101100110000000000000000000000000000000000010
1111011010000101100001111111011010100000000000000000000000000000000010
1110110100101101010001011010101101000000000000000000000000000000000010
1110011100110100100011001100001100000000000000000000000000000000000010
1110101110000111010001001111000011000000000000000000000000000000000010
1111101011010111000001100100110110000000000000000000000000000000000010
1110101101100000100001001011110101100000000000000000000000000000000010
1110001000110001000111001110001100100000000000000000000000000000000010
1111101100101100111000010010111110100000000000000000000000000000000010
1110110011011001110001011011111110000000000000000000000000000000000010
1111101010100001010110011110011101000000000000000000000000000000000010
1110110100101000110111001001101100000000000000000000000000000000000010
1111011111001011010011011000111111100000000000000000000000000000000010
1110000100000000000101001101100000100000000000000000000000000000000010
1110100000010100011010101010101111000000000000000000000000000000000010
1111011101110000111110110100010101100000000000000000000000000000000010
1110010001101100000111111100110110100000000000000000000000000000000010
1111011010111110011111011001111101000000000000000000000000000000000010
1111010001011111100011111101100001000000000000000000000000000000000010
1110011100111100110000110010000000100000000000000000000000000000000010
1110111000101010101110111000001111100000000000000000000000000000000010
1111010100100101000001100010110000000000000000000000000000000000000010
1110011110010011110111101000101001100000000000000000000000000000000010
1111010000001101010010011011110011000000000000000000000000000000000010
1111100101010100011100011100101010000000000000000000000000000000000010
1111010001001001010000000110111110000000000000000000000000000000000010
1110101011100011010000011111101110100000000000000000000000000000000010
1111110010011011101110011111010101100000000000000000000000000000000010
1110010011010011100110001001111110100000000000000000000000000000000010
1111010110111000101010110010111011100000000000000000000000000000000010
1110100001010110111101010111111001000000000000000000000000000000000010
1111111011001000100111010011000000100000000000000000000000000000000010
1110011101111001110000110000011100100000000000000000000000000000000010
1111010000001011011110100100111010100000000000000000000000000000000010
1110110001101010011111001011001101100000000000000000000000000000000010
1111101010101010001101010110101001100000000000000000000000000000000010
1110001000100011100101010001011110000000000000000000000000000000000010
1110010010001010101111110000101001100000000000000000000000000000000010
1110101111011111110010101111011100100000000000000000000000000000000010
1110001010011000000101001110110001000000000000000000000000000000000010
1110111101001111110101101111101111000000000000000000000000000000000010
1110000110110010101100111110111011000000000000000000000000000000000010
1110001000000101110010101110101110100000000000000000000000000000000010
1110001010001011000100101110101010000000000000000000000000000000000010
1111010101011001000101111101001101000000000000000000000000000000000010
1110111010011000011111101111110110000000000000000000000000000000000010
1110111010001111111010100111110010100000000000000000000000000000000010
1111000101000111111000110100111111000000000000000000000000000000000010
1110011000000001100100101001011011000000000000000000000000000000000010
1111101101111001010010101011111010000000000000000000000000000000000010
1110001000111010011010000001110011000000000000000000000000000000000010
1110111100010001101001110100110000100000000000000000000000000000000010
1110010010001000010110100001110000000000000000000000000000000000000010
1111000100110000011101110110000011000000000000000000000000000000000010
1110111010010001101010110101000010000000000000000000000000000000000010
1111000110000001101101100101111000000000000000000000000000000000000010
1110111111101001011110111101010010100000000000000000000000000000000010
1111010111000001000100011001000101100000000000000000000000000000000010
1111110110000001001110111100000010100000000000000000000000000000000010
1110010001100111111010010110101000100000000000000000000000000000000010
1111001010001110010010101001000110100000000000000000000000000000000010
1110100001011100100100110000100101100000000000000000000000000000000010
1111011101000111000000011111100100100000000000000000000000000000000010
1111000000100110101010000111100101000000000000000000000000000000000010
1110001000011101001101101111110100100000000000000000000000000000000010
1111000111001110110111110010100000000000000000000000000000000000000010
1111101111011000001000011011010010100000000000000000000000000000000010
1111000000100111110100011010010000000000000000000000000000000000000010
1110000100010010010101111010110100000000000000000000000000000000000010
1111000010010110001101010101010101000000000000000000000000000000000010
1111100110110011110110011010111011100000000000000000000000000000000010
1110010110100010100000011100011001100000000000000000000000000000000010
1110001110100001110111010110110111100000000000000000000000000000000010
1111010101001010000001001110001110000000000000000000000000000000000010
1110100100000101010010011010010111000000000000000000000000000000000010
1110010111101011101000111100010011000000000000000000000000000000000010
1111000010100100111001010000011110100000000000000000000000000000000010
1111111011010010011010110011010110100000000000000000000000000000000010
1110100010100011011110100100101101100000000000000000000000000000000010
1110010011101101110000111101101111000000000000000000000000000000000010
1111010100010111110010111101111100100000000000000000000000000000000010
1111000001111000100001000100111011000000000000000000000000000000000010
1111001011100000100111101101111011100000000000000000000000000000000010
1110101000110010010111010000110100100000000000000000000000000000000010
1111001000101111111100001100100101000000000000000000000000000000000010
1110000000100000111111101100100101000000000000000000000000000000000010
1111000001010100000010011100111101100000000000000000000000000000000010
1111101011001001110101000111110100000000000000000000000000000000000010
1111010010000010111001001011010011000000000000000000000000000000000010
1111000010111001111111001011100000100000000000000000000000000000000010
1110000010010001010001110101101101100000000000000000000000000000000010
1110001010000110000010010011111110100000000000000000000000000000000010
1110001111101100001011110110110111100000000000000000000000000000000010
1110110101111011100100010110001010100000000000000000000000000000000010
1110011011000100110011110000101111100000000000000000000000000000000010
1110010000110000000000110011000011000000000000000000000000000000000010
1110001001001110011110001011100000000000000000000000000000000000000010
1110001101011001100111011011111110100000000000000000000000000000000010
1110001101100001001110110010111011000000000000000000000000000000000010
1110011101010100101101010001100101000000000000000000000000000000000010
1110011001010010001111001111110001100000000000000000000000000000000010
1111011100010101010010111010001110100000000000000000000000000000000010
1111011001101011101101010110011100000000000000000000000000000000000010
1111010111010001100000000110110001000000000000000000000000000000000010
1111000001010010001111111110100001100000000000000000000000000000000010
1110000010011100011010101010110001000000000000000000000000000000000010
1110110010011011010110101100011100000000000000000000000000000000000010
1111000110000100010010011000100010100000000000000000000000000000000010
1111001101000100001001111110110101000000000000000000000000000000000010
1110001001001111100001000011010001100000000000000000000000000000000010
1111011100100110011011001110100010000000000000000000000000000000000010
1110001010100011001111010110000010100000000000000000000000000000000010
1110011101011010001010100111011100100000000000000000000000000000000010
1111000011000010110001111101011111000000000000000000000000000000000010
1110101100000011100011111010101110100000000000000000000000000000000010
1111010110000111010100111111111000000000000000000000000000000000000010
1110101111101000001110110110110111000000000000000000000000000000000010
1111010000101000010100010000110100000000000000000000000000000000000010
1111100010000010000110010111000000100000000000000000000000000000000010
1110110000000111000100000101100011000000000000000000000000000000000010
1111001110100101101100110010100111100000000000000000000000000000000010
1111110010000011110101110010100101100000000000000000000000000000000010
1110010101000110010001011100010100000000000000000000000000000000000010
1110011011100101101100100011001111000000000000000000000000000000000010
1110011000110101111101111000010100100000000000000000000000000000000010
1111001010100100011111111000101011000000000000000000000000000000000010
1110010111110000010001001110001100100000000000000000000000000000000010
1110101011010000110011110001101111100000000000000000000000000000000010
1110110101000101001111000100001101100000000000000000000000000000000010
1110010010111100000000101100101001000000000000000000000000000000000010
1111111010000010111000100011001011100000000000000000000000000000000010
1111110010000111010101100011101000100000000000000000000000000000000010
1110110101000110000111001101100011100000000000000000000000000000000010
1111010000010000001000101111101100100000000000000000000000000000000010
1110001001000001000010111101001000000000000000000000000000000000000010
1110100011000110011010111110110110000000000000000000000000000000000010
1111111000100111011101000101001111100000000000000000000000000000000010
1111010111101100100001100001011000000000000000000000000000000000000010
1110110100110011001111110011100010000000000000000000000000000000000010
1110010110001100001101010100000100000000000000000000000000000000000010
1111100000111111000101011111000111100000000000000000000000000000000010
1111000110111111011011100001010000100000000000000000000000000000000010
1111000100100100101101100010101110100000000000000000000000000000000010
1111001001000001001001000010010110000000000000000000000000000000000010
1111011100011010100011000111000101100000000000000000000000000000000010
1111001100001010010000111101001000000000000000000000000000000000000010
1111000001010011110110101100010011100000000000000000000000000000000010
1111100110000011110111100110100101100000000000000000000000000000000010
1111001101100011011101111000011111100000000000000000000000000000000010
1111000101100101011011110000100010100000000000000000000000000000000010
1110011010001100100011101000110111100000000000000000000000000000000010
1110101110000101000000001100100011000000000000000000000000000000000010
1111001000010110001111110101011001000000000000000000000000000000000010
1111100011010100010001010101011101100000000000000000000000000000000010
1110010000001010001111110111100101100000000000000000000000000000000010
1111001110010101100111000111000010100000000000000000000000000000000010
1111101010000110000001101110110100100000000000000000000000000000000010
1110100010000110101001101101011000100000000000000000000000000000000010
1111111111011001000000011000000100000000000000000000000000000000000010
1111110100011000000111111111001111000000000000000000000000000000000010
1110101000101110100010011010111000000000000000000000000000000000000010
1110000111000000001111111110101101000000000000000000000000000000000010
1111101010101110000010011101010111000000000000000000000000000000000010
1110111001100111110011111111111111000000000000000000000000000000000010
1111101110101000110001000000101000000000000000000000000000000000000010
1111110101000000011101010000001011100000000000000000000000000000000010
1111001000000000000100011100011000100000000000000000000000000000000010
1110111000111011010111100111110101000000000000000000000000000000000010
1110000011101000110110011111101110100000000000000000000000000000000010
1110111001000001101001111001011010100000000000000000000000000000000010
1111101000100011001111110110111111100000000000000000000000000000000010
1110101100111011111100111110100011100000000000000000000000000000000010
1110001001001100110100011010110111000000000000000000000000000000000010
1111011001000010110111111000010110100000000000000000000000000000000010
1111110111110001010100100011100111100000000000000000000000000000000010
1111101001011100101011011110001001100000000000000000000000000000000010
1110100100100010010111111010010000000000000000000000000000000000000010
1110100000001000010001111100011011000000000000000000000000000000000010
1110010100011100001111101000100110100000000000000000000000000000000010
1110010101011000010011111000110000100000000000000000000000000000000010
1111101010000000000100101111010111100000000000000000000000000000000010
1110000111010101000011111001011100000000000000000000000000000000000010
1110000010110001101011110011101010100000000000000000000000000000000010
1110001001111010110000111001110111000000000000000000000000000000000010
1111101010000101001011001101011110100000000000000000000000000000000010
1111010010110110110010010000000100100000000000000000000000000000000010
1111101110110001101001011011111010100000000000000000000000000000000010
1111000001000100000001101110110110000000000000000000000000000000000010
1110000010010110001010101110110100100000000000000000000000000000000010
1111101010110100110010101000110000100000000000000000000000000000000010
1111001101100011101000111011010100000000000000000000000000000000000010
1111001011010000010100101111010110000000000000000000000000000000000010
1111101000111010100110001001011100100000000000000000000000000000000010
1110110111100010010011101111110011100000000000000000000000000000000010
1111101101000100110000110011000111100000000000000000000000000000000010
1111010110000110001101011000010011100000000000000000000000000000000010
1110000010000010110101010101111011000000000000000000000000000000000010
1110001101111000100010110111110010000000000000000000000000000000000010
1111100001100110000010110011101000100000000000000000000000000000000010
1110000001100111111100010110101011000000000000000000000000000000000010
1110100111001010111101000101111111000000000000000000000000000000000010
1110000111101001101101110010001001000000000000000000000000000000000010
1111111011101101000111110001000101100000000000000000000000000000000010
1110100110011011111110110001101101000000000000000000000000000000000010
1111001000001101100010001111101101000000000000000000000000000000000010
1110010001000000010010011001100001100000000000000000000000000000000010
1110000000100111110010101101011100100000000000000000000000000000000010
1111011101100100000111101111100010000000000000000000000000000000000010
